ID	S10	S11	S12	S13	S14	S15	S16	S17	S18	S19	S2	S20	S22	S23	S24	S25	S26	S27	S28	S29	S3	S30	S31	S32	S33	S34	S35	S36	S37	S38	S39	S4	S40	S41	S42	S43	S44	S45	S5	S51	S52	S53	S54	S55	S6	S7	S8	S9
g__Candidatus Koribacter	0	0	4	0	0	0	0	4	24	0	0	0	0	0	21	0	0	18	0	0	0	16	0	0	16	19	0	17	0	0	0	2	0	0	0	0	0	0	0	0	0	13	26	0	16	0	0	0
g__Actinomyces	33	83	180	25	53	121	80	118	521	28	34	24	45	52	228	38	93	390	204	1043	34	845	113	153	127	225	335	849	17	32	134	93	94	162	300	14	32	13	67	31	81	202	22	7	483	24	28	76
g__Mobiluncus	30	163	55	51	76	182	115	89	127	55	31	52	38	4277	145	0	5	108	0	0	1141	8	5	0	0	8	106	12	2	5	135	46	4	0	12	0	5	0	20	3	126	0	0	0	59	27	21	9
g__Varibaculum	8	0	9	0	0	0	14	0	0	0	8	11	0	0	0	0	0	0	38	12	9	17	7	19	39	12	0	21	0	0	0	29	15	0	0	0	19	10	10	0	0	0	4	0	12	12	259	6
g__Brevibacterium	14	12	59	0	0	8	20	9	142	4	8	0	11	14	55	11	0	26	30	26	0	165	15	19	9	55	43	166	5	0	6	18	13	10	62	9	0	0	11	14	8	55	0	0	112	0	9	8
g__Corynebacterium	178	149	816	78	125	139	309	153	3555	66	100	91	129	102	1206	85	179	310	359	292	66	4489	250	594	311	876	350	5515	59	49	94	517	122	85	859	43	74	36	93	125	59	1219	57	10	3319	164	48	42
g__Brachybacterium	8	0	19	0	7	0	0	9	27	0	6	0	6	0	26	3	0	12	0	0	0	52	0	18	0	15	9	59	0	0	0	14	0	0	27	0	0	0	0	0	0	41	0	0	33	0	0	0
g__Dietzia	0	0	18	0	0	0	0	0	0	0	0	0	0	0	10	0	0	9	9	0	0	26	9	0	0	26	13	93	0	0	0	0	0	0	0	0	0	0	0	0	0	0	4	0	15	0	0	0
g__Geodermatophilus	0	0	14	0	0	0	0	0	0	0	0	0	0	0	19	0	0	14	0	0	0	0	0	0	0	8	0	14	0	0	0	13	8	0	13	0	0	0	0	0	11	19	6	0	0	0	0	0
g__Arthrobacter	11	29	22	11	16	0	24	20	18	0	18	0	12	0	29	0	10	17	0	18	14	37	5	101	11	20	25	32	15	13	20	41	15	14	24	0	17	0	18	0	18	48	29	15	30	13	13	11
g__Kocuria	0	0	76	0	12	41	0	21	74	0	0	13	0	0	54	0	0	39	46	44	0	116	19	0	0	14	26	146	0	0	17	0	0	0	57	0	0	0	0	0	0	57	7	0	101	0	0	0
g__Microbispora	0	0	0	0	0	0	0	0	39	0	0	0	0	0	0	24	0	15	0	0	21	38	0	24	0	22	0	48	0	0	0	44	0	0	20	0	0	0	0	0	0	20	0	0	0	0	0	0
g__Micrococcus	19	35	58	0	14	13	39	26	91	14	12	10	23	19	80	0	25	33	36	29	12	106	32	38	23	71	29	138	30	22	14	56	26	0	60	31	9	0	11	23	17	84	14	0	83	29	16	12
g__Rothia	0	25	31	0	0	0	5	24	92	6	17	0	0	14	26	0	0	28	0	25	0	150	8	40	18	43	27	116	0	0	43	10	18	27	122	2	0	37	0	0	29	52	21	0	76	21	11	10
g__Catellatospora	6	0	8	0	0	0	0	10	0	0	0	0	0	0	8	0	0	0	14	6	0	0	0	0	0	0	7	0	0	0	0	8	7	6	27	0	0	0	0	0	14	0	0	0	4	6	16	12
g__Pilimelia	0	0	0	0	0	0	0	28	18	0	0	11	0	0	0	0	0	0	0	11	0	19	0	30	0	0	0	0	16	19	21	0	0	23	37	0	27	0	0	0	0	0	0	0	0	0	0	0
g__Rhodococcus	0	0	10	0	13	8	11	0	0	0	0	0	0	0	9	0	0	12	9	0	0	8	4	43	0	0	0	2	0	0	18	13	0	0	0	0	0	0	0	0	8	0	0	0	0	0	0	4
g__Propionibacterium	25	7	99	9	16	15	43	25	36	14	13	12	19	11	118	12	36	47	46	42	9	101	36	68	43	109	50	359	17	23	13	45	33	13	49	13	11	10	5	23	21	160	32	5	38	9	7	13
g__Bifidobacterium	63	77	161	19	30	18	32	38	34	139	42	13	30	23	41	17	25	63	41	36	35	69	716	224	26	80	52	115	16	19	42	62	10	26	27	56	28	11	43	32	0	56	134	41	56	254	28	32
g__Adlercreutzia	0	0	0	0	0	3	0	0	0	0	0	0	4	0	0	4	0	3	0	0	0	0	0	28	13	0	0	0	0	0	7	4	0	4	0	3	0	15	10	7	0	9	15	19	0	0	0	0
g__Collinsella	155	132	304	73	103	37	77	118	58	162	244	25	175	30	172	146	436	184	106	470	60	95	866	134	161	117	72	149	135	123	102	205	50	118	84	91	36	722	438	57	29	109	0	119	292	1153	56	844
g__Eggerthella	176	52	90	286	85	121	91	96	127	165	57	199	72	34	89	68	49	79	95	46	37	121	92	139	109	89	30	65	150	36	77	111	154	27	102	214	122	156	28	45	26	70	35	12	109	103	1466	9
g__Paraeggerthella	17	15	14	0	0	12	27	77	4	0	8	4	0	0	0	30	41	358	279	1528	10	66	47	133	91	70	58	70	22	18	79	24	62	201	26	8	23	139	62	17	18	27	0	37	17	6	0	367
g__Slackia	4	11	44	0	3	3	9	6	0	0	4	0	0	5	14	6	0	2	0	4	12	0	5	36	2	4	0	4	6	0	0	9	3	0	0	0	4	7	9	0	0	14	0	11	8	3	6	0
g__Rubrobacter	0	0	5	0	0	0	0	0	0	0	0	4	0	0	5	0	0	6	6	3	0	0	4	40	4	3	4	0	4	0	10	0	0	8	4	0	0	6	0	0	7	0	12	0	0	6	0	0
g__Bacteroides	7937	4572	2320	26515	10809	18557	8013	3435	15574	17376	17321	37451	13990	2686	3823	3433	29075	4606	16329	2541	2546	10531	14955	4547	18212	6153	8536	2569	11318	22361	6928	5321	21916	5465	25193	14001	8631	19310	1554	5173	11352	11917	20233	19521	20250	16079	16653	1373
g__Parabacteroides	478	203	1083	778	417	449	403	216	264	722	411	2646	439	126	560	218	351	163	281	116	83	282	631	634	697	398	151	434	1092	492	494	327	595	170	454	2640	1148	1961	154	608	254	1649	2012	1772	335	724	758	246
g__Porphyromonas	92	30	112	63	67	26	109	93	28	48	172	16	321	25	955	70	22	52	87	240	20	15	31	269	38	54	16	96	55	18	19	600	57	39	4	48	14	18	147	24	3	85	79	29	50	67	26	119
g__Prevotella	1845	506	5248	1921	697	311	1232	4058	315	2075	3896	238	4721	370	12907	10809	486	896	907	5251	647	357	716	1048	811	1012	219	1397	1833	229	250	6889	467	1486	153	127	106	3642	22729	1379	61	992	110	1068	880	1420	447	5239
g__Alistipes	69	141	104	26	109	20	12	0	49	94	159	0	5	20	40	40	783	49	52	54	41	91	406	80	122	79	45	87	190	177	103	34	62	54	131	1070	58	396	30	76	71	306	108	188	324	229	86	40
g__PW3	22	5	7	656	14	11	20	13	13	15	14	14	8	4	17	67	0	0	0	2	5	0	0	0	5	2	0	0	236	0	4	10	3	5	0	0	0	38	12	0	0	0	2097	64	11	13	5	3
g__Butyricimonas	0	14	29	5	5	3	0	0	4	5	0	2	0	5	10	8	31	13	16	18	7	8	56	40	2	0	0	7	6	11	0	18	0	0	0	8	2	7	7	0	0	3	0	0	11	15	22	0
g__Odoribacter	22	28	19	3	14	0	9	3	4	14	58	6	54	5	20	8	29	0	10	7	6	3	81	48	6	29	8	6	24	22	7	19	8	3	17	102	15	52	5	99	6	23	9	185	14	40	18	12
g__[Prevotella]	277	1212	481	356	137	119	359	994	105	3809	198	271	117	128	193	893	162	1085	765	5010	164	214	2588	369	558	301	283	297	409	77	343	542	797	760	67	339	187	176	3072	125	123	116	104	189	191	1494	217	5393
g__Chryseobacterium	0	73	10	0	0	0	0	3	0	0	5	0	0	7	0	0	0	13	0	11	0	0	0	20	0	0	0	0	4	0	22	6	19	5	2	0	5	0	14	0	0	7	7	3	0	9	0	0
g__Mucispirillum	11	26	21	3	0	11	8	0	0	0	5	0	5	4	0	0	2	10	0	0	11	3	0	18	0	0	8	0	7	0	24	0	14	20	0	0	0	4	17	13	9	6	12	5	11	8	0	11
g__Bacillus	0	0	43	0	0	0	10	24	97	0	0	3	24	8	73	0	0	31	24	24	0	90	23	57	29	35	53	148	20	0	0	0	10	0	61	0	0	0	14	6	0	37	30	0	108	30	0	36
g__Brochothrix	23	274	124	0	7	26	29	44	0	0	23	0	0	23	26	0	0	70	33	49	33	0	0	0	0	0	53	34	20	21	146	75	98	106	20	11	15	11	47	22	84	57	0	0	34	27	18	7
g__Brevibacillus	0	0	5	0	0	5	5	0	10	0	0	0	3	0	4	0	0	6	5	0	0	17	0	23	0	0	0	19	11	0	0	5	0	0	8	0	0	0	0	0	6	0	0	0	13	0	0	6
g__Macrococcus	63	769	363	8	30	79	122	137	19	0	76	8	0	74	81	0	25	263	102	150	98	25	19	21	0	23	144	93	84	50	467	201	344	335	96	37	42	35	158	61	254	210	0	12	120	77	45	11
g__Staphylococcus	253	1689	1308	69	142	279	451	379	784	54	221	63	117	247	917	86	169	777	442	537	307	1008	158	346	225	541	625	1691	204	138	1015	902	821	727	728	99	173	143	431	219	555	1104	87	0	926	193	140	85
g__Exiguobacterium	0	43	17	0	0	0	15	0	0	0	0	0	0	8	0	0	0	6	8	0	0	0	0	0	0	11	0	9	0	0	17	18	25	17	9	0	0	0	8	9	0	18	0	0	0	0	0	5
g__Abiotrophia	0	0	12	0	5	0	7	0	12	0	0	0	7	0	16	0	12	0	0	0	0	19	0	0	0	11	0	20	0	0	0	11	6	0	11	0	0	0	0	0	0	10	0	0	6	0	0	4
g__Carnobacterium	23	177	84	0	0	0	32	38	0	0	15	0	0	0	19	0	0	48	18	34	27	0	0	0	0	0	41	0	10	14	85	45	82	49	21	0	6	0	29	0	66	38	0	0	20	13	0	0
g__Granulicatella	286	616	713	314	362	2425	1030	868	503	205	194	203	381	682	3684	147	230	1386	863	2494	394	581	263	278	480	864	2531	1082	141	57	811	1819	460	336	208	70	46	115	356	122	458	538	35	7	304	156	109	816
g__Enterococcus	26	1139	117	21	30	58	28	47	68	0	0	31	0	639	65	15	25	88	34	46	33	93	32	84	41	78	1070	62	434	273	904	64	556	385	765	171	209	260	46	303	12182	689	16	38	72	32	0	18
g__Vagococcus	63	1265	503	0	26	68	118	176	12	0	109	0	0	141	80	0	18	325	105	130	167	24	25	0	0	24	256	166	63	80	663	307	456	358	95	33	0	59	222	51	320	281	0	0	148	70	37	16
g__Lactobacillus	835	639	1384	208	368	800	956	562	2884	238	262	220	474	438	1676	252	414	2351	1097	930	633	4376	575	1908	1686	2982	1297	5372	481	247	1470	1521	626	388	1791	183	492	413	429	787	797	1600	193	575	3135	526	244	732
g__Leuconostoc	2	0	15	0	0	0	0	0	13	0	0	0	0	0	6	0	0	0	0	5	5	16	5	0	0	0	0	11	0	0	8	0	0	0	13	0	4	0	0	0	0	0	0	0	19	6	0	0
g__Weissella	11	104	23	4	0	16	24	25	0	0	8	0	0	12	17	0	0	29	19	31	18	13	0	0	0	9	36	19	8	9	73	41	45	30	32	6	10	17	42	11	31	29	0	0	26	14	20	0
g__Lactococcus	251	3826	1400	6	38	181	266	284	11	0	252	3	0	228	205	0	36	767	328	448	416	64	34	39	31	57	463	305	197	205	1708	751	1317	1402	348	68	124	154	524	183	710	581	0	54	266	198	126	55
g__Streptococcus	319	1408	1001	147	440	612	390	568	521	103	550	101	264	591	639	180	837	1053	623	1768	319	907	279	516	651	607	1706	1137	340	789	988	633	543	866	854	125	110	966	654	228	819	832	115	822	951	244	124	748
g__Turicibacter	24	31	38	0	13	39	24	22	14	19	19	0	23	0	30	13	15	54	18	37	27	23	21	0	28	47	18	65	30	11	51	42	15	24	21	8	0	14	26	31	21	30	33	124	20	33	12	15
g__02d06	10	10	34	0	0	24	5	0	0	0	11	0	0	0	18	6	0	38	7	9	20	0	8	0	21	16	11	0	0	0	26	14	0	7	0	0	0	15	12	0	9	15	0	0	8	7	0	0
g__Sarcina	3	12	11	0	0	7	0	0	0	0	0	0	0	0	0	0	0	10	0	0	0	0	0	0	0	0	6	6	0	0	10	6	22	5	0	0	0	0	0	0	0	5	0	0	0	0	0	0
g__Pseudoramibacter_Eubacterium	0	0	7	0	0	0	5	0	0	6	0	0	0	0	0	0	5	2	4	0	0	4	8	28	3	0	3	6	5	4	11	5	8	3	0	39	5	14	0	0	0	6	21	0	0	8	15	0
g__Anaerostipes	11	8	17	0	0	0	0	0	0	11	9	0	14	0	0	0	0	7	4	13	0	0	33	3	7	8	4	6	0	0	0	0	12	0	0	0	0	0	0	0	6	9	6	14	0	12	0	4
g__Blautia	274	277	1131	196	338	169	274	218	114	605	447	690	318	112	425	101	509	269	241	215	152	148	840	634	454	326	159	456	310	286	292	344	263	141	197	459	295	1117	284	219	154	552	407	367	261	639	398	327
g__Catonella	46	152	79	128	45	79	79	94	27	36	56	50	29	863	55	305	35	82	37	71	147	29	38	28	25	30	156	34	164	9	88	91	69	39	12	0	11	4	135	9	124	7	0	2	34	80	46	10
g__Clostridium	194	265	266	958	339	652	479	305	202	304	283	1540	196	301	332	331	448	593	594	657	565	210	496	340	768	305	459	323	888	291	733	390	708	307	361	1597	461	453	215	291	322	603	484	156	234	463	963	248
g__Coprococcus	267	260	612	51	136	111	110	106	33	114	309	71	155	28	282	81	286	226	175	210	127	101	637	283	251	285	167	319	138	172	205	262	132	83	57	129	108	322	282	329	98	348	527	291	153	452	239	249
g__Dorea	600	381	649	610	737	904	612	458	237	715	1696	2227	1784	227	780	252	867	508	459	351	293	189	1369	515	797	859	306	526	1062	771	953	680	890	420	481	4086	863	1970	447	722	395	1264	194	569	446	1732	1145	614
g__Lachnoanaerobaculum	23	11	10	53	10	16	35	129	23	0	25	6	6	0	18	353	99	343	264	1313	14	170	171	82	176	134	109	135	212	13	77	39	69	189	60	13	11	199	114	16	0	40	10	468	35	25	9	97
g__Lachnobacterium	72	42	98	38	0	0	0	130	0	0	65	0	0	0	0	111	17	10	13	116	42	16	32	39	21	21	16	30	69	0	0	61	0	85	0	0	0	0	441	0	0	0	0	0	42	79	30	16
g__Lachnospira	44	49	83	9	30	8	0	0	14	0	77	0	32	0	25	12	65	8	5	57	12	25	136	28	20	34	21	44	18	46	8	45	0	26	16	18	0	3	94	0	11	20	15	0	43	68	19	32
g__Roseburia	742	921	3009	131	361	139	216	240	128	387	1830	98	1201	161	794	218	487	358	257	417	282	246	2622	472	427	609	322	881	213	303	217	589	133	150	148	323	90	590	649	225	175	734	69	215	455	1423	373	462
g__[Ruminococcus]	678	573	637	735	517	638	568	475	298	1445	1086	859	1052	339	637	269	445	485	548	404	307	415	1688	567	1006	769	467	482	1171	712	1112	567	869	536	899	4295	851	3157	748	830	1020	1253	907	1173	407	2105	1572	345
g__Peptococcus	15	10	15	48	4	8	22	29	3	0	8	0	8	3	17	113	27	54	41	116	8	29	21	16	40	35	28	45	88	0	15	21	13	28	8	0	6	17	34	5	3	7	3	36	6	7	4	27
g__Filifactor	17	17	33	61	0	10	20	79	0	0	18	0	0	0	4	106	41	93	86	417	20	51	45	66	42	49	58	56	105	8	29	41	34	75	13	0	6	11	120	0	3	13	30	5	17	24	13	154
g__Peptostreptococcus	924	837	717	782	634	1416	1105	1419	373	330	756	475	2652	664	1333	1715	467	783	717	1044	478	368	391	458	780	1037	1864	639	1464	380	865	1555	951	819	382	277	379	1626	3000	639	550	514	75	1196	483	506	972	232
g__Butyricicoccus	0	0	0	14	0	2	0	0	0	0	0	0	0	0	0	6	0	0	0	0	0	0	0	0	9	0	0	0	37	0	0	3	11	8	0	31	4	0	2	14	0	17	22	8	0	0	2	12
g__Faecalibacterium	875	1409	1194	615	3010	1057	1270	1416	10428	13133	3708	427	3000	592	1228	383	5404	1120	1104	1225	397	1188	5878	849	1594	1028	692	750	604	10973	933	1044	609	582	1361	1172	327	6088	1776	559	442	669	220	2992	2934	5797	873	1158
g__Gemmiger	103	150	185	47	156	92	303	184	178	2317	185	118	171	71	162	41	167	159	565	437	60	140	515	251	208	157	89	131	17	75	56	286	106	88	57	110	94	140	136	40	17	53	16	12	123	428	1106	976
g__Oscillospira	381	357	2432	251	153	124	188	230	37	271	354	144	105	67	599	162	206	312	223	297	235	137	1229	690	508	392	215	825	550	262	479	508	278	264	297	1120	308	584	363	340	238	1026	230	1068	314	920	362	389
g__Ruminococcus	349	294	916	97	131	114	158	128	69	338	275	230	269	70	328	68	195	239	174	156	165	156	1043	492	265	394	184	493	270	198	322	300	223	130	233	1098	248	222	151	422	214	521	66	142	202	794	298	177
g__Syntrophomonas	0	0	0	0	47	24	8	11	6	7	19	7	9	3	8	0	20	6	10	6	0	3	0	44	0	0	4	5	0	19	8	3	0	0	0	0	0	0	0	0	0	0	0	0	2	0	14	2
g__Dialister	111	150	1150	36	59	75	138	122	59	43	141	191	45	68	368	31	97	120	153	249	106	80	235	140	125	98	116	326	48	46	106	340	197	79	59	64	74	133	263	23	29	253	50	108	166	213	191	395
g__Megamonas	104	757	107	77	126	151	122	149	140	2220	99	55	79	155	132	28	114	134	62	85	94	117	1217	107	56	111	182	109	16	37	57	91	15	32	66	200	11	5	87	41	95	11	6	0	289	709	55	13
g__Megasphaera	31	0	11	0	0	0	3	0	0	0	0	0	16	0	4	0	0	19	0	0	7	0	18	27	6	99	19	16	7	0	8	0	0	0	7	0	0	0	6	29	0	2	14	10	0	0	0	14
g__Phascolarctobacterium	63	64	81	890	76	71	83	60	55	91	78	21	203	41	134	54	55	83	44	43	51	62	175	98	531	103	53	90	241	76	212	86	96	83	138	859	52	928	43	108	84	252	4	84	88	153	11	49
g__Schwartzia	0	0	0	0	0	5	3	5	0	0	0	0	0	33	0	4	0	7	0	6	33	0	0	4	0	0	8	0	5	0	0	8	0	0	0	0	0	0	11	0	0	0	6	0	0	0	2	0
g__Selenomonas	305	521	399	60	114	880	107	136	69	69	295	40	67	1854	108	54	8	853	15	56	13686	7	14	6	27	9	147	16	42	0	1134	309	12	31	18	0	10	48	348	7	119	0	3	40	265	429	159	48
g__Veillonella	34	0	0	10	0	18	47	41	17	0	21	37	2	14	31	11	0	43	40	28	12	54	13	85	0	46	43	61	17	16	58	46	47	26	35	0	39	8	35	0	33	45	32	0	41	22	51	0
g__Mogibacterium	8	12	4	0	2	3	0	12	6	4	4	0	8	8	2	0	5	12	0	17	6	9	6	72	18	0	13	0	10	8	9	3	4	12	8	8	7	40	14	3	11	9	5	50	7	3	10	12
g__Anaerococcus	25	10	68	12	15	9	23	10	84	0	30	9	39	0	59	0	20	23	15	31	0	172	14	17	65	24	21	179	0	13	15	20	14	8	62	11	7	74	4	9	12	58	6	187	83	3	8	7
g__Finegoldia	8	29	50	9	10	15	39	62	95	10	12	0	17	11	62	8	37	98	77	242	15	154	31	31	48	61	42	194	2	0	24	56	14	39	55	6	0	2	40	6	0	49	0	0	105	17	10	36
g__Parvimonas	735	879	437	498	685	2940	664	1104	408	227	835	175	3127	858	885	455	624	1728	627	2373	572	596	349	225	647	1096	4126	611	363	169	748	761	183	408	183	196	41	500	901	295	503	207	39	1066	455	268	124	573
g__Peptoniphilus	20	18	98	16	11	20	43	27	378	12	30	25	20	12	93	22	42	77	44	61	12	445	54	43	67	56	56	520	0	7	4	31	13	0	112	0	5	0	13	0	6	56	0	0	323	25	36	8
g__Sporanaerobacter	0	0	0	0	16	13	12	9	0	0	8	5	9	9	5	0	9	7	7	7	0	0	0	27	0	0	0	0	0	14	8	4	9	7	0	0	0	0	0	0	0	7	0	8	0	0	0	0
g__WAL_1855D	0	4	8	0	0	0	0	5	7	0	0	0	0	0	12	0	5	3	3	8	0	13	8	10	4	6	0	17	0	0	4	4	0	0	0	0	5	0	0	0	0	0	0	0	6	11	3	0
g__Allobaculum	103	107	140	37	23	38	51	133	7	8	60	24	28	28	49	15	13	105	50	132	64	39	44	259	41	78	35	67	59	46	88	146	64	94	37	21	50	31	413	40	37	49	133	110	92	90	62	90
g__Bulleidia	16	38	38	23	10	25	25	41	10	9	26	7	34	34	40	26	10	19	17	29	31	15	16	4	21	27	14	22	25	9	22	50	15	17	8	3	5	13	49	11	15	10	0	26	15	30	10	35
g__Catenibacterium	33	40	393	9	0	0	7	26	0	6	29	0	0	0	80	16	0	0	6	23	23	0	0	16	7	6	7	87	18	0	9	56	0	7	0	0	3	0	66	5	6	74	0	0	47	32	26	27
g__[Eubacterium]	58	160	217	112	27	32	52	39	28	90	39	49	11	29	96	40	17	69	71	28	61	35	507	112	44	44	31	79	140	32	89	130	48	24	39	305	42	43	45	39	33	101	42	16	54	819	112	12
g__Fusobacterium	10530	1280	1265	1167	989	1648	935	1458	816	446	1689	230	4174	9793	6923	7882	3566	2488	1050	5217	11630	11363	1604	408	696	3560	1065	1186	5478	795	1915	3449	809	1056	1444	7453	150	2718	3309	1803	2780	5953	57	3831	2706	927	160	477
g__Leptotrichia	110	752	82	849	158	802	166	239	105	117	100	83	129	20121	182	18893	76	709	77	255	11521	79	171	92	84	146	665	144	1037	15	540	81	0	50	32	355	6	55	426	26	1586	143	4	64	86	97	67	12
g__Nitrospira	8	9	10	8	17	7	10	8	9	8	11	0	0	0	0	0	9	0	0	15	0	15	14	50	15	13	11	0	3	10	16	6	4	11	14	7	9	8	0	11	4	0	42	0	7	0	0	14
g__Brevundimonas	23	24	58	14	23	24	39	23	53	17	22	14	24	7	73	13	24	42	33	23	27	85	26	150	35	65	12	112	14	0	27	38	24	4	51	14	14	10	0	16	12	76	27	36	55	41	18	30
g__Bradyrhizobium	0	0	0	0	0	0	0	11	0	0	22	21	0	0	25	0	31	0	0	0	0	19	0	38	17	0	22	24	12	16	0	0	0	0	15	0	12	0	0	0	18	9	0	0	22	0	14	0
g__Ochrobactrum	10	0	15	0	0	0	12	0	0	0	0	0	0	16	10	0	0	2	0	0	0	0	5	0	11	9	8	0	13	0	0	6	13	0	16	0	8	0	0	0	0	7	14	0	0	0	7	0
g__Devosia	0	0	2	7	0	0	0	9	7	0	0	0	18	0	0	7	0	0	0	0	0	0	0	137	7	9	0	10	0	5	0	17	0	0	0	0	0	0	0	0	0	7	9	7	8	0	10	9
g__Hyphomicrobium	0	0	0	0	15	0	0	23	25	0	0	19	0	0	16	0	0	0	23	0	0	0	4	312	15	16	0	22	8	0	0	0	0	0	0	0	26	0	0	0	0	0	0	0	0	0	19	0
g__Rhodoplanes	14	0	0	0	0	0	0	0	0	30	0	0	0	0	0	0	0	0	0	0	0	0	0	37	0	28	0	0	20	0	24	0	0	0	31	0	6	0	0	0	0	34	4	0	0	23	0	0
g__Agrobacterium	0	0	6	0	15	12	0	0	39	0	0	0	0	0	10	20	0	34	0	0	0	33	0	30	0	13	0	37	0	0	0	6	0	0	16	0	0	0	0	0	0	36	22	15	28	23	0	0
g__Shinella	0	11	0	0	0	0	0	0	49	11	0	0	0	0	0	0	19	0	22	12	0	54	0	22	0	20	18	39	0	0	0	0	0	0	35	0	0	0	0	0	0	0	0	0	39	0	0	0
g__Xanthobacter	0	0	10	0	0	0	3	0	11	0	0	0	0	0	9	0	0	5	0	0	0	24	0	24	0	4	0	23	0	0	0	0	0	0	15	0	0	0	0	0	0	0	0	0	13	0	0	0
g__Amaricoccus	19	11	81	0	21	20	59	59	232	0	19	23	15	11	150	18	57	48	53	58	0	269	48	27	46	66	43	301	0	12	8	67	34	15	133	0	0	0	22	33	20	114	7	0	185	21	18	15
g__Paracoccus	0	21	111	28	50	48	53	65	216	35	33	23	26	37	155	15	62	48	63	41	0	281	32	113	58	121	50	380	41	0	25	68	30	16	140	8	23	26	4	0	9	128	80	13	148	36	16	19
g__Rhodobacter	0	0	22	0	0	0	21	0	48	9	11	0	0	0	0	0	11	24	11	29	0	66	0	21	0	29	0	98	0	0	0	0	0	0	43	0	0	0	0	0	0	11	0	0	68	8	0	0
g__Acetobacter	27	0	10	0	6	0	0	0	6	13	0	0	0	5	0	2	0	0	0	0	0	7	17	0	0	10	5	4	9	0	7	8	0	0	8	13	0	6	4	9	8	9	0	0	8	39	0	0
g__Inquilinus	10	6	10	5	20	2	19	7	7	4	4	0	4	0	15	2	4	0	7	5	0	8	4	60	4	13	6	15	7	4	0	9	9	0	0	0	8	0	4	0	0	0	7	0	10	4	0	7
g__Skermanella	0	0	8	0	0	0	6	0	0	0	5	0	0	0	11	0	10	0	0	0	0	14	0	31	0	0	0	0	3	0	0	5	0	4	6	0	15	9	0	0	0	0	7	2	3	0	0	0
g__Citrullus	0	0	0	0	0	0	0	0	256	0	0	0	0	0	22	2	5	11	10	0	0	339	0	12	3	8	9	564	0	0	0	7	0	0	24	0	0	0	0	0	0	0	0	0	251	0	0	0
g__Kaistobacter	11	0	0	14	39	11	0	7	29	0	0	0	10	0	29	0	0	24	0	0	0	33	0	13	7	32	0	17	28	0	36	0	35	16	49	0	67	8	9	0	20	22	25	0	26	30	18	13
g__Novosphingobium	0	0	0	20	25	0	0	21	0	0	12	0	0	0	0	0	16	0	0	0	0	0	0	36	0	17	0	0	7	17	0	0	0	0	0	0	0	0	0	0	0	0	15	0	0	0	0	0
g__Sphingomonas	185	82	233	99	273	114	403	1371	181	116	82	112	96	68	249	59	75	51	83	198	47	113	81	312	81	135	59	129	490	132	184	193	252	364	529	132	344	93	204	129	108	286	122	31	124	296	90	307
g__Sphingopyxis	0	4	0	0	4	0	0	0	0	0	0	17	0	0	0	0	7	9	6	15	0	0	12	328	0	0	0	0	0	0	0	0	0	0	0	0	12	0	0	0	0	0	14	13	0	7	6	0
g__Achromobacter	6	0	10	0	0	0	6	7	0	0	0	6	0	0	0	0	0	9	7	5	0	8	7	201	0	13	6	21	3	0	6	3	0	0	0	0	6	0	0	9	0	10	7	9	0	0	0	0
g__Sutterella	371	166	222	335	662	208	744	268	577	278	894	2961	775	150	318	116	1046	202	425	210	76	529	414	493	251	397	182	238	362	559	287	534	1217	182	497	1265	692	304	140	247	185	365	230	153	833	369	742	128
g__Lautropia	15	6	41	0	12	18	33	12	39	7	9	0	15	10	35	5	6	11	17	7	9	56	16	20	13	19	20	46	7	0	15	30	11	5	48	4	10	7	12	10	12	44	0	0	39	19	10	0
g__Acidovorax	0	0	35	0	0	0	0	50	47	0	0	0	0	40	34	0	30	52	0	0	0	61	0	0	0	0	33	78	0	0	0	0	0	0	56	0	0	0	0	0	0	26	14	10	47	0	0	0
g__Cupriavidus	0	0	0	14	0	0	0	6	0	0	0	0	0	0	0	0	12	0	0	8	0	0	0	31	8	29	0	13	13	7	6	10	13	0	0	0	0	0	0	5	0	7	0	33	0	5	11	7
g__Massilia	0	0	10	19	0	0	0	0	0	0	0	14	15	0	0	0	0	0	0	0	12	0	0	0	0	7	0	16	19	0	17	0	0	0	0	0	0	0	0	15	10	15	44	17	21	0	0	0
g__Ralstonia	0	0	0	0	0	0	13	0	0	0	0	0	0	0	0	0	0	13	0	10	0	0	0	38	8	11	0	0	0	0	18	0	6	10	20	0	0	0	0	0	0	12	0	0	0	0	0	0
g__Thiobacillus	0	0	6	0	0	0	0	7	0	0	0	22	0	0	0	0	11	16	12	0	0	8	8	479	8	0	11	17	0	0	0	6	0	0	0	0	21	0	0	0	0	11	16	0	0	7	22	9
g__Eikenella	15	41	46	70	34	36	42	52	40	16	35	77	6	22	12	210	92	61	52	113	24	88	46	25	829	54	114	83	84	28	34	50	62	33	32	0	23	99	80	0	26	37	0	0	11	29	44	25
g__Neisseria	18	15	27	13	0	15	25	16	26	0	11	0	13	0	63	0	19	16	26	16	0	26	16	50	22	46	25	64	14	17	19	28	25	15	45	0	10	0	0	23	16	62	0	0	34	21	11	11
g__Snodgrassella	15	6	0	0	0	0	0	0	6	5	0	0	0	0	0	0	0	0	0	0	0	0	0	12	8	10	0	7	15	5	0	0	0	0	0	0	5	0	0	0	0	0	12	12	0	22	0	37
g__Desulfococcus	0	0	0	30	207	37	196	50	33	27	78	29	23	41	55	0	40	0	16	0	0	0	0	0	0	0	0	0	0	56	0	24	30	0	0	0	0	0	0	0	0	0	0	0	0	0	0	0
g__Bilophila	141	112	124	283	145	98	234	81	103	90	167	222	101	39	92	57	349	128	514	120	57	209	189	216	146	138	135	138	166	146	101	249	293	44	139	391	186	78	57	81	73	98	143	63	171	150	1181	50
g__Desulfovibrio	13	20	48	14	2	29	28	17	0	14	19	2	0	6	15	0	19	50	34	13	18	11	17	70	35	37	22	22	10	12	36	38	18	0	11	0	7	12	17	28	25	20	65	22	24	41	18	13
g__Geobacter	0	4	0	0	0	0	0	7	0	0	8	6	0	0	0	3	7	11	7	8	0	7	0	97	0	5	12	0	0	0	0	7	0	4	0	0	4	0	7	0	7	0	0	5	4	0	15	0
g__Campylobacter	0	13	30	60	5	15	33	72	35	0	7	5	3	75	300	1129	20	472	385	2041	24	88	31	145	29	40	27	87	91	7	78	49	74	209	7	0	0	0	77	3	3	10	2	0	36	0	5	61
g__Helicobacter	10	6	0	0	0	0	0	11	0	0	16	0	9	0	8	5	0	10	0	21	0	4	13	101	0	29	10	12	0	6	11	14	8	7	0	7	0	0	34	32	3	17	9	47	0	21	0	0
g__Aeromonas	96	1091	502	9	47	68	154	95	22	16	111	127	16	63	100	12	23	227	114	114	95	69	15	64	20	34	122	111	90	80	514	270	730	573	132	93	94	49	133	47	174	211	20	14	93	69	81	17
g__Succinivibrio	21	40	458	0	0	0	4	7	0	0	34	0	0	3	58	0	0	0	0	0	24	2	7	16	0	0	2	72	0	0	6	36	0	4	0	0	0	0	28	2	0	69	2	0	25	30	26	6
g__Psychromonas	0	0	0	0	93	8	49	12	7	4	15	0	3	8	8	0	7	0	6	0	0	0	0	0	0	0	0	0	0	8	0	10	3	0	0	0	0	0	0	0	0	0	0	0	0	0	0	0
g__Shewanella	205	372	209	11	42	53	89	241	78	14	53	16	41	54	147	42	118	538	435	1647	67	427	72	90	201	172	256	198	58	54	256	201	311	527	157	20	34	295	134	111	130	117	20	387	105	35	25	96
g__Morganella	72	571	241	1030	85	158	238	163	52	34	43	514	58	135	142	111	94	235	232	224	67	109	70	184	3830	160	283	135	399	85	381	205	800	407	92	51	179	399	82	78	218	139	8	13	54	52	80	83
g__Proteus	19	110	0	0	0	0	0	7	0	0	0	8	24	72	13	0	0	13	9	0	0	6	0	19	5	18	150	0	64	39	98	8	91	62	73	19	48	34	8	137	1099	56	4	44	0	0	0	4
g__Providencia	11	79	28	0	0	0	0	0	0	0	0	0	0	0	0	0	0	0	7	0	0	0	0	0	0	0	0	0	0	0	25	24	22	36	0	0	0	0	0	0	0	15	0	0	7	0	0	0
g__Serratia	23	137	78	13	7	14	33	22	0	0	22	0	0	16	37	0	18	76	31	46	27	16	20	102	38	47	32	44	48	11	97	46	92	96	48	0	29	17	0	0	37	63	51	0	11	0	31	54
g__Shigella	64	14	0	205	28	76	0	65	0	0	64	56	71	0	0	0	31	18	27	39	15	0	10	14	61	9	116	0	115	0	29	0	37	319	65	0	26	33	31	204	145	14	49	0	0	0	26	73
g__Alcanivorax	6	12	0	0	0	0	0	0	6	0	10	0	0	4	13	0	0	0	6	0	0	6	0	13	0	16	0	14	8	6	0	4	0	0	8	0	0	6	0	4	7	9	22	0	0	0	0	7
g__Halomonas	0	7	5	9	51	0	40	22	16	0	7	9	8	9	0	0	12	0	0	0	0	3	4	27	6	0	6	0	0	12	0	0	0	0	0	0	0	0	0	0	0	11	0	0	0	13	0	0
g__Oleibacter	0	6	7	5	145	9	31	19	14	11	28	12	4	9	17	0	24	10	8	0	4	7	4	11	11	8	4	0	11	28	5	0	4	0	0	11	0	0	5	0	0	0	6	0	0	13	7	0
g__Aggregatibacter	108	318	36	50	154	2530	148	113	179	260	18	50	74	324	129	71	173	855	193	229	159	326	5341	107	112	253	3272	236	0	9	354	28	0	0	52	133	0	0	12	19	247	9	0	0	76	277	0	10
g__Haemophilus	245	213	207	32	174	392	258	83	171	141	289	40	49	25	106	140	584	5194	1248	694	292	739	532	159	140	343	442	383	100	649	1803	402	524	200	239	113	88	49	239	85	95	181	4	25	572	2083	404	54
g__Acinetobacter	325	2800	2163	141	303	618	599	579	4958	127	341	101	166	417	1136	124	378	1289	620	826	456	6075	372	501	338	614	1092	7009	164	169	1131	807	859	712	1902	117	132	26	555	111	580	1187	118	215	5809	505	179	92
g__Enhydrobacter	16	18	25	0	20	8	15	14	54	0	19	0	4	11	47	9	16	17	11	14	10	79	12	45	10	21	7	79	10	13	11	26	10	7	43	0	10	5	13	0	10	35	68	19	66	15	4	4
g__Psychrobacter	68	551	257	47	1118	138	927	235	84	48	292	66	44	181	175	0	172	128	97	97	69	0	11	13	0	9	99	53	30	210	256	303	305	185	98	17	21	24	109	17	136	92	8	4	78	75	35	7
g__Pseudomonas	25	112	144	37	120	80	161	115	348	45	51	32	52	60	215	25	95	152	112	144	16	406	85	217	42	74	140	424	45	30	43	103	74	40	209	7	26	2	59	0	45	135	331	1533	324	43	18	31
g__Pseudoalteromonas	18	47	30	178	10484	446	8237	572	356	187	408	252	262	340	457	0	374	15	199	8	15	0	0	0	0	10	16	11	11	431	28	361	283	19	19	5	11	0	14	7	20	12	0	0	15	12	7	6
g__Vibrio	340	7137	3297	12	222	287	434	493	25	6	370	13	15	303	311	27	71	1413	515	655	493	98	42	31	42	71	512	386	276	333	3229	1029	2949	3100	402	120	192	164	802	212	1065	853	0	0	375	217	179	44
g__Steroidobacter	16	10	14	14	18	0	23	38	14	5	12	14	6	0	18	6	9	0	0	0	0	26	7	16	0	12	0	0	19	14	30	9	15	21	46	15	25	0	13	14	0	25	17	8	20	14	12	19
g__Dokdonella	0	0	0	0	0	0	13	0	0	0	0	7	0	0	0	0	14	15	0	10	0	12	7	155	20	0	0	0	0	0	0	11	10	0	0	0	0	0	0	0	0	11	23	0	0	0	9	0
g__Lysobacter	6	0	0	0	0	0	0	6	12	0	0	0	0	0	0	0	0	15	0	0	0	10	0	96	21	0	14	0	9	0	12	0	18	7	19	5	18	0	10	12	21	15	0	0	0	0	13	22
g__Pseudoxanthomonas	0	13	13	0	0	0	17	10	38	0	0	0	0	0	49	0	27	7	0	0	0	47	18	70	19	14	24	83	0	0	7	6	0	0	24	0	0	0	0	0	0	11	0	12	43	0	0	2
g__Stenotrophomonas	21	21	44	13	0	10	25	31	15	0	10	13	20	5	24	7	27	51	13	37	15	59	24	137	24	48	34	84	32	8	23	15	14	24	25	0	53	9	23	15	13	45	37	0	27	12	14	30
g__Thermomonas	22	34	36	35	50	21	43	55	6	25	41	44	32	0	26	20	69	26	12	30	20	68	33	183	56	58	42	52	58	90	46	41	49	31	92	28	38	38	20	33	25	46	75	47	57	72	20	28
g__Treponema	6	0	0	5	3	0	2	12	0	0	2	0	0	0	0	81	0	0	0	8	0	19	0	94	2	5	2	2	13	0	0	0	0	4	0	3	0	0	79	0	2	0	7	0	5	4	7	5
g__Pyramidobacter	7	6	13	0	3	8	7	0	3	0	15	0	3	10	2	0	3	19	3	0	17	0	5	21	0	0	8	0	0	0	14	9	0	0	5	0	0	0	7	0	4	0	7	3	10	8	5	0
g__TG5	3	15	11	21	9	7	0	12	7	6	8	0	4	14	12	10	0	0	3	0	18	3	0	3	7	0	7	3	28	0	13	8	3	0	0	0	0	0	4	4	2	0	152	6	6	10	0	0
g__Mycoplasma	0	5	11	2	21	4	10	2	0	3	18	3	4	0	5	3	40	16	15	13	2	5	46	85	17	17	14	14	0	15	0	16	7	2	5	5	4	5	0	0	3	8	0	41	0	17	5	7
g__Ureaplasma	0	76	0	4	6	325	10	2	6	8	0	62	3	56	5	16	33	140	40	58	21	37	47	3354	36	63	1971	54	0	0	50	0	0	0	0	0	79	0	0	0	62	0	0	0	0	0	45	0
g__Akkermansia	45	57	93	17	42	15	201	62	8	40	80	79	19	14	116	25	249	138	4585	80	45	81	141	350	77	131	79	126	61	84	100	333	234	60	111	1707	264	42	52	74	49	299	1659	53	260	114	4880	57
g__DA101	6	0	0	0	0	2	0	0	0	9	0	0	0	0	6	0	5	0	0	0	0	7	9	8	13	0	0	0	0	0	0	0	0	0	0	3	0	5	0	3	6	0	33	0	0	7	0	0
g__Deinococcus	0	2	9	0	0	0	5	0	4	0	0	0	0	0	6	0	2	0	0	0	0	8	0	0	5	0	4	11	0	3	3	7	0	0	7	3	0	0	0	0	0	8	0	0	3	11	2	0
