len_control	len_case	mean_control	mean_case	sd_control	sd_case	cohen.d	lower	upper
1CMET2-PWY	24	24	0.0765098901679691	0.0766987216825662	0.00433166428005897	0.00330445016882692	-0.0490159841137344	-0.630176139658162	0.532144171430693
3-HYDROXYPHENYLACETATE-DEGRADATION-PWY	24	24	0.0130998026370637	0.0139790348193508	0.00518243237104778	0.0046430299131059	-0.178701055015608	-0.760932559227116	0.4035304491959
AEROBACTINSYN-PWY	24	24	0.00362626211850133	0.00353829127834084	0.00205292428257281	0.00150813100297437	0.0488389458681822	-0.532320580611302	0.629998472347667
ALL-CHORISMATE-PWY	24	24	0.0345888678884896	0.0353627575782104	0.00783077818383712	0.00691906594213244	-0.104735414617862	-0.686206566302132	0.476735737066408
ANAEROFRUCAT-PWY	24	24	0.0738653003268119	0.0756916120011657	0.00460641246488171	0.00395247400382633	-0.425523625894827	-1.01313568184044	0.162088430050786
ANAGLYCOLYSIS-PWY	24	24	0.0853748681262091	0.085137930575572	0.00404928517364757	0.00275470743479673	0.0684191876114205	-0.512823702339186	0.649662077562027
ARG+POLYAMINE-SYN	24	24	0.0413040465634116	0.0410769935527846	0.00569426232189943	0.00528157268925042	0.0413440403420063	-0.539790942108426	0.622479022792439
ARGDEG-PWY	24	24	0.014971107114274	0.015547124799729	0.00571457360337656	0.00460376471332538	-0.111007909810862	-0.692528171781091	0.470512352159368
ARGORNPROST-PWY	24	24	0.0294925617245444	0.0330068118043797	0.00613052500528777	0.00643381625527927	-0.55923770113163	-1.15155976478648	0.0330843625232223
ARGSYN-PWY	24	24	0.0642928730692404	0.0638418428355209	0.00502632139683308	0.00446011526078973	0.0949205723039676	-0.486479457157064	0.676320601764999
ARGSYNBSUB-PWY	24	24	0.0644800551224908	0.0635467617249332	0.00587292615811386	0.00499839566671298	0.17114537188952	-0.410990317546645	0.753281061325684
ARO-PWY	24	24	0.0790434885142389	0.0784577650432668	0.00377490963141308	0.00270276030979252	0.178416519104965	-0.403811302161379	0.760644340371309
ASPASN-PWY	24	24	0.0769737170207897	0.075243464210928	0.00746016672580374	0.00576162508038971	0.259594113414166	-0.323921036079021	0.843109262907353
AST-PWY	24	24	0.0204615039146894	0.01865770301519	0.00944746090092232	0.00538817958335725	0.234549814811134	-0.348517602695593	0.817617232317861
BIOTIN-BIOSYNTHESIS-PWY	24	24	0.0650150444908071	0.0661837918687619	0.00831865615125151	0.00776483978587391	-0.14524890767802	-0.727087500996348	0.436589685640307
BRANCHED-CHAIN-AA-SYN-PWY	24	24	0.0797618923889272	0.078918019143692	0.00458728500030525	0.00424329614625142	0.19098034375768	-0.391415667699646	0.773376355215005
CALVIN-PWY	24	24	0.0877292863052744	0.0874262285263848	0.00488585364145654	0.00353212396489653	0.071089157490555	-0.510167255835804	0.652345570816914
CATECHOL-ORTHO-CLEAVAGE-PWY	24	24	0.0114771362138562	0.0126617383665303	0.00603570037030741	0.0061782147508359	-0.193962625290174	-0.776400232827218	0.388474982246869
CENTFERM-PWY	24	24	0.0417815403215663	0.0438466493527976	0.00516826929835268	0.00547062745427608	-0.388061955975194	-0.97457842710624	0.198454515155853
CHLOROPHYLL-SYN	24	24	0.00830775104550707	0.00697654811036681	0.00730839910608925	0.00518969813306615	0.210028408582905	-0.372644312605589	0.792701129771398
COA-PWY	24	24	0.0790879393159186	0.0790967185912217	0.00436779548025139	0.00327435135513624	-0.00227443074602961	-0.583347526558785	0.578798665066726
COBALSYN-PWY	24	24	0.0662035720837435	0.0656666435062513	0.00749715912976562	0.00769754523081569	0.0706669744152882	-0.510587266124847	0.651921214955424
CODH-PWY	24	24	0.0213372104259554	0.0222276748990052	0.00493645847687668	0.00508485169091427	-0.177694702220253	-0.759913206735603	0.404523802295098
COLANSYN-PWY	24	24	0.0624204266118775	0.060239483549657	0.0048178499804686	0.00436526649782126	0.474413929135926	-0.1147761120637	1.06360397033555
COMPLETE-ARO-PWY	24	24	0.0809091142693568	0.080114949891809	0.00365267982557658	0.0026372791205583	0.249290740025124	-0.334034756920122	0.83261623697037
CRNFORCAT-PWY	24	24	0.00916221092609771	0.00982813764675991	0.00497639747154129	0.0049535843334695	-0.134124105431345	-0.715849964059794	0.447601753197105
DAPLYSINESYN-PWY	24	24	0.0676894345889493	0.0679036753863557	0.00531559182113163	0.00470040917214192	-0.0426992438846649	-0.623838362237204	0.538439874467874
DENITRIFICATION-PWY	24	24	0.00540095502265329	0.00790102392678656	0.00182797790864106	0.00317096760435525	-0.965985646615654	-1.58001257652366	-0.35195871670765
DENOVOPURINE2-PWY	24	24	0.0780443488397769	0.0768577726756792	0.00390135617898798	0.00362687903659763	0.315024239347826	-0.269641674666257	0.899690153361909
DHGLUCONATE-PYR-CAT-PWY	24	24	0.00373267770537342	0.00424278212158206	0.00149879198767273	0.00231884995458061	-0.261275396698767	-0.844822216127678	0.322271422730144
DTDPRHAMSYN-PWY	24	24	0.0771192566167937	0.0769612447494232	0.0074200445908867	0.00645729680597204	0.0227180376069951	-0.558373613602375	0.603809688816365
ECASYN-PWY	24	24	0.0160037215369608	0.0172873776134416	0.00623313965032176	0.00626076442635685	-0.205484679705082	-0.788089019304646	0.377119659894483
ENTBACSYN-PWY	24	24	0.0255213337276933	0.0264355978199492	0.0074175730733682	0.00617686027608444	-0.133948947888051	-0.71567310316003	0.447775207383928
FAO-PWY	24	24	0.0419306457951436	0.0421192081359742	0.0132855346145613	0.00975892905596261	-0.0161767574591375	-0.597259169043922	0.564905654125647
FASYN-ELONG-PWY	24	24	0.0807905493042846	0.078729071733583	0.00793622027092752	0.0078061426609871	0.261892983785877	-0.321665519894969	0.845451487466724
FASYN-INITIAL-PWY	24	24	0.0655918159726786	0.0656897818642173	0.0106217267617447	0.00815227674573892	-0.0103472067937393	-0.591424002998468	0.57072958941099
FERMENTATION-PWY	24	24	0.0683423433337125	0.0682162460596897	0.00443521382475427	0.00304066703907814	0.0331623842886333	-0.547950461737746	0.614275230315012
FOLSYN-PWY	24	24	0.0768605281560431	0.0767816253084275	0.003930561277201	0.00306696503572708	0.0223818338543264	-0.558709266706237	0.603472934414889
FUC-RHAMCAT-PWY	24	24	0.0338028630086894	0.0328931735136499	0.0061755183091692	0.00536651127695812	0.157244974981392	-0.424725215075803	0.739215165038588
FUCCAT-PWY	24	24	0.0292778572675899	0.0290916745543879	0.00647064503069357	0.00803650953289929	0.0255194826655086	-0.555577076061689	0.606616041392706
GALACT-GLUCUROCAT-PWY	24	24	0.0385633278185582	0.0403091476906392	0.00559018006859769	0.00650654791015084	-0.287818668873707	-0.871892318642832	0.296254980895418
GALACTARDEG-PWY	24	24	0.0158401669091157	0.0164321550668386	0.00475332843915144	0.003576502439912	-0.140739285782406	-0.72253110080011	0.441052529235299
GALACTUROCAT-PWY	24	24	0.0526580992398592	0.0534122709365965	0.00774935196818925	0.00932809722188972	-0.0879486755050931	-0.669302426907107	0.493405075896921
GALLATE-DEGRADATION-I-PWY	24	24	0.00374541309541329	0.00511456462040962	0.00114739010382558	0.00315076713191597	-0.577443145915332	-1.17050201559128	0.01561572376062
GALLATE-DEGRADATION-II-PWY	24	24	0.0031051769221282	0.00380567927286009	0.00116420183392537	0.00178713765376728	-0.464467997039071	-1.05332348467455	0.124387490596411
GLCMANNANAUT-PWY	24	24	0.0545913340093711	0.057906365604817	0.00650320734263997	0.00642624430521663	-0.512778570513388	-1.103323550844	0.0777664098172277
GLUCARDEG-PWY	24	24	0.018022828262606	0.0180796065900854	0.00476089746789546	0.00346109577485146	-0.0136419122098549	-0.594721578782418	0.567437754362708
GLUCARGALACTSUPER-PWY	24	24	0.0158401669091157	0.0164321550668386	0.00475332843915144	0.003576502439912	-0.140739285782406	-0.72253110080011	0.441052529235299
GLUCONEO-PWY	24	24	0.0806205296229142	0.0798678681084099	0.00349943898233679	0.00253798419387054	0.246229360723361	-0.337041254319027	0.829499975765748
GLUCOSE1PMETAB-PWY	24	24	0.0339433491975849	0.0328894354978651	0.0123412957129388	0.010310721720429	0.0926808911997014	-0.488703887401604	0.674065669801007
GLUCUROCAT-PWY	24	24	0.0373893900252393	0.0392098481753164	0.00626218355864203	0.00650535457822283	-0.285118091419354	-0.869135835272291	0.298899652433583
GLUTORN-PWY	24	24	0.0611728686069871	0.0596517793122497	0.00551311978315439	0.00569485367288728	0.271394178523338	-0.312347526247458	0.855135883294134
GLYCOCAT-PWY	24	24	0.0799031365395198	0.0785711866655677	0.00619080684611701	0.00585340552165013	0.221090015740562	-0.361755395391415	0.803935426872538
GLYCOGENSYNTH-PWY	24	24	0.0757400202621464	0.075194886119513	0.00681438016999441	0.00581716838695174	0.0860453915401878	-0.495296338786703	0.667387121867079
GLYCOL-GLYOXDEG-PWY	24	24	0.0187070015110673	0.0193238949156296	0.00471475821799367	0.00428190876829959	-0.136979762662388	-0.718733704983454	0.444774179658679
GLYCOLYSIS	24	24	0.0817761080993614	0.0828144934735876	0.00351245321435756	0.00266125610906067	-0.333237056573027	-0.918328963655315	0.25185485050926
GLYCOLYSIS-E-D	24	24	0.0599306665124538	0.0603202091589192	0.00739175124536809	0.00500712772252814	-0.0617043058668946	-0.642915471699715	0.519506859965926
GLYCOLYSIS-TCA-GLYOX-BYPASS	24	24	0.0461423809931113	0.0472560935289852	0.012047768568496	0.00903848683770734	-0.104574414527558	-0.686044343203826	0.476895514148711
GLYOXYLATE-BYPASS	24	24	0.0360069364326029	0.0365642355392152	0.0112187080900573	0.00812349861260114	-0.0569012382683986	-0.638091719900667	0.524289243363869
GOLPDLCAT-PWY	24	24	0.0123371569887966	0.0100991382832441	0.00394488726769693	0.00405886850957161	0.55918542779419	-0.033134552950716	1.1515054085391
HCAMHPDEG-PWY	24	24	0.0114046144523605	0.0113617124204871	0.00484462014770921	0.0040711993302351	0.00958779334478189	-0.571488453062813	0.590664039752377
HEME-BIOSYNTHESIS-II	24	24	0.0333887300146611	0.0323341824816824	0.0114164974660503	0.00655396718723907	0.113290444004291	-0.468248396560675	0.694829284569257
HEMESYN2-PWY	24	24	0.0467298584069957	0.0477085429135568	0.0108805397982452	0.00868437365932888	-0.0994204652891411	-0.680852235784184	0.482011305205902
HEXITOLDEGSUPER-PWY	24	24	0.0434077334500119	0.0450925769931016	0.00666784677366727	0.00830925151484824	-0.223650202573232	-0.806536837749551	0.359236432603087
HISDEG-PWY	24	24	0.058250637416365	0.0578747641736815	0.00795601576535928	0.00717440712249064	0.0496182727078902	-0.53154403997017	0.63078058538595
HISTSYN-PWY	24	24	0.0667385366069619	0.065739365536399	0.00544211178961139	0.00576140194909849	0.178295055976137	-0.403931194889182	0.760521306841457
HOMOSER-METSYN-PWY	24	24	0.053670606178924	0.0529979360360479	0.00725734084934434	0.00573215436781865	0.102864749122951	-0.478592308304214	0.684321806550115
HSERMETANA-PWY	24	24	0.0574897489237077	0.056761711387983	0.00812148927337392	0.00667501853437203	0.0979398004796196	-0.483481363738785	0.679360964698025
ILEUSYN-PWY	24	24	0.0821812843811018	0.0814557179054044	0.00470868533883717	0.00436358592164147	0.159836956189367	-0.422163034999481	0.741836947378214
KDO-NAGLIPASYN-PWY	24	24	0.0373998127336581	0.0389656445113217	0.00794284565077899	0.00822382596544795	-0.193681837718994	-0.776115501547613	0.388751826109625
KETOGLUCONMET-PWY	24	24	0.0140574562300507	0.0150055475680931	0.00541848458639529	0.00440729798880042	-0.191966460267946	-0.774376154823907	0.390443234288015
LACTOSECAT-PWY	24	24	0.0221821413520823	0.0269253022374364	0.00797967401062976	0.0127092595836195	-0.44699040548158	-1.03527472802224	0.141293917059081
LEU-DEG2-PWY	24	24	0.0217171289297239	0.0219736375532187	0.00963590280474568	0.00694795100799634	-0.0305362382264378	-0.611643009452822	0.550570532999946
LIPASYN-PWY	24	24	0.00263452652239275	0.00332930090784805	0.00206665006093207	0.00257301209701884	-0.29772566228285	-0.882008866754797	0.286557542189096
LPSSYN-PWY	24	24	0.0148911458581881	0.0129845807086658	0.00497598918476613	0.00539675677401299	0.367308418959872	-0.218643736502288	0.953260574422031
MET-SAM-PWY	24	24	0.0627298851479973	0.0620833363654309	0.0074022916663778	0.00619069649830072	0.0947540915306883	-0.48664479178404	0.676152974845417
METH-ACETATE-PWY	24	24	0.0213895990199712	0.0216574380119689	0.00471932600727763	0.00514136772995772	-0.0542748840783704	-0.635454763618917	0.526904995462176
METHANOGENESIS-PWY	24	24	0.000864586076724757	0.000896422207247406	0.00141168635189984	0.00159861826843298	-0.021110771266207	-0.602199864213046	0.559978321680632
METHGLYUT-PWY	24	24	0.0167696497709437	0.0173955840766109	0.00508580669699634	0.00451304493111894	-0.130187022578739	-0.711875130334393	0.451501085176914
METHYLGALLATE-DEGRADATION-PWY	24	24	0.00418673542676902	0.00571286858008631	0.00128221594990734	0.00350456823641179	-0.578353063240363	-1.17144935370745	0.0147432272267248
NAD-BIOSYNTHESIS-II	24	24	0.0331956384564235	0.0368602989933014	0.00814640148348857	0.0148063808991045	-0.306672718537789	-0.89115119896092	0.277805761885343
NADSYN-PWY	24	24	0.00889948611612419	0.00916171734782234	0.00459951248735344	0.00368656133925051	-0.0629137315566768	-0.644130369632506	0.518302906519153
NAGLIPASYN-PWY	24	24	0.0651704299195454	0.0648464537371844	0.00632238891387706	0.00692117806561315	0.0488758870760183	-0.532283770477736	0.630035544629773
NONMEVIPP-PWY	24	24	0.0793436225973234	0.0772762756079355	0.00513287708246386	0.00445720792052262	0.43007647120885	-0.157675463765011	1.01782840618271
NONOXIPENT-PWY	24	24	0.0935781016109868	0.0937824010938335	0.00593754128664423	0.00507319565149002	-0.0369953259426061	-0.618117937250361	0.544127285365149
OANTIGEN-PWY	24	24	0.0674669600332615	0.0688329759942393	0.00559144806592176	0.00565516183489218	-0.242916586086019	-0.826128570661262	0.340295398489224
ORNARGDEG-PWY	24	24	0.014971107114274	0.015547124799729	0.00571457360337656	0.00460376471332538	-0.111007909810862	-0.692528171781091	0.470512352159368
ORNDEG-PWY	24	24	0.0147812754122987	0.015832864591469	0.00548588950135006	0.00455958609629795	-0.208481264307677	-0.791130534481407	0.374168005866052
P101-PWY	24	24	0.0144554958632535	0.0152512350355495	0.00846840691666653	0.0062980117858349	-0.10663120954597	-0.68811690360848	0.474854484516541
P105-PWY	24	24	0.0533954095361367	0.0536845133456457	0.0101628799002802	0.00775063294417058	-0.031989001442484	-0.613099071304177	0.549121068419209
P108-PWY	24	24	0.0619782776749425	0.0594956765120073	0.0130127180853271	0.0125455322208272	0.194237592929375	-0.388203882085036	0.776679067943786
P122-PWY	24	24	0.0322702750808354	0.0346208878914417	0.0104574306286601	0.00842976073064675	-0.247488655448757	-0.830781764619024	0.335804453721509
P124-PWY	24	24	0.0357037826820654	0.0379256857539436	0.0124118818762656	0.00929465326658058	-0.202643127173452	-0.785205458474741	0.379919204127838
P125-PWY	24	24	0.017640653759747	0.0215310822356945	0.00677239872604578	0.0123586449342348	-0.390410224524009	-0.976992465613618	0.1961720165656
P161-PWY	24	24	0.0615117310312052	0.0631985970967606	0.00742390394445602	0.00687829152228794	-0.23571764624978	-0.818804940269124	0.347369647769564
P162-PWY	24	24	0.0324751630652783	0.0366837064407589	0.011788203517766	0.0113671526497899	-0.363444875891061	-0.949295342501751	0.222405590719628
P163-PWY	24	24	0.0303432829219519	0.0359737006730936	0.0112488852643032	0.0113916202920986	-0.497365736673042	-1.0873540968488	0.0926226235027137
P164-PWY	24	24	0.0468825448334378	0.0476463627146873	0.00629253586480886	0.00602055565316215	-0.12403572422263	-0.705667096663875	0.457595648218614
P184-PWY	24	24	0.00398447339147718	0.00554420905720439	0.00129944198728232	0.00358120461607816	-0.579000295631271	-1.17212323826538	0.0141226470028372
P221-PWY	24	24	0.018904426009519	0.0204035703329319	0.00800064487107827	0.00849321387541413	-0.181701115635283	-0.763971807421303	0.400569576150737
P23-PWY	24	24	0.0576114773041481	0.0577456355680549	0.010046889762518	0.00572220610472963	-0.0164094226780964	-0.597492109602279	0.564673264246086
P241-PWY	24	24	0.000969615202351829	0.00114924754560124	0.00118839932544	0.00138839896996721	-0.13900483217425	-0.720779047547858	0.442769383199357
P261-PWY	24	24	0.00227255064999627	0.00251650778569169	0.00116230150265619	0.0011922416299396	-0.207205730490818	-0.789835796313465	0.37542433533183
P281-PWY	24	24	0.00847970621147219	0.00947045304032342	0.00143802894581116	0.00342793408365405	-0.376916138891288	-0.963125753334605	0.209293475552028
P341-PWY	24	24	0.00886466009890857	0.00710121894896178	0.00418072364455794	0.00389411330180031	0.436499555658509	-0.151452192292852	1.02445130360987
P381-PWY	24	24	0.0183748573792722	0.0213740390281782	0.00510962608039853	0.00588173576425227	-0.544392775609618	-1.13613085759916	0.0473453063799252
P4-PWY	24	24	0.0626877981580175	0.0632713434578718	0.00605949362174601	0.00469632270674079	-0.107646763375375	-0.689140354758424	0.473846828007675
P42-PWY	24	24	0.0817604807500114	0.0790554422397642	0.00781574594366685	0.00870485448259872	0.327001379950998	-0.25794201679207	0.911944776694066
P441-PWY	24	24	0.0627547129060901	0.0652950112843659	0.00439183809662955	0.00422779002827843	-0.589315084281745	-1.18286663473297	0.00423646616948181
P461-PWY	24	24	0.0364400854780563	0.0376577322815284	0.00962980074006092	0.00974311620723436	-0.125703937902448	-0.707350425999802	0.455942550194906
P562-PWY	24	24	0.0129724962077059	0.0146916972063848	0.00188631283956403	0.00413843816708868	-0.534583438917216	-1.12594394711347	0.0567770692790339
P621-PWY	24	24	0.00239834854762784	0.00326840332132583	0.00170075744342298	0.00163153025374062	-0.522084022334254	-1.11297302129628	0.0688049766277735
PANTO-PWY	24	24	0.0700882241511199	0.0665001492568414	0.00544314891002061	0.00655725886335448	0.595431612342145	0.00162247777310409	1.18924074691119
PANTOSYN-PWY	24	24	0.0723177699731336	0.0696008609941936	0.00450818384752418	0.00482066053562007	0.582148444010974	-0.0111045431231952	1.17540143114514
PENTOSE-P-PWY	24	24	0.0649736591116048	0.0653292427930634	0.00726253230529362	0.00712251395612794	-0.0494356196916921	-0.630597275404396	0.531726036021012
PEPTIDOGLYCANSYN-PWY	24	24	0.0804785098892723	0.0806134891534901	0.00413110917596711	0.00297725793307804	-0.0374869170702923	-0.61861085800492	0.543637023864336
PHOSLIPSYN-PWY	24	24	0.0803138442984723	0.0817083200218075	0.00330691162971017	0.00314693464604703	-0.432005180149651	-1.01981681043815	0.155806450138845
POLYAMINSYN3-PWY	24	24	0.026455900489642	0.0251695447368138	0.00429660742673603	0.00399450312689866	0.310091795138614	-0.274462818236737	0.894646408513964
POLYAMSYN-PWY	24	24	0.0335338320877147	0.0332660726401682	0.00625345012571684	0.00612764330234641	0.043250723707159	-0.537890115863315	0.624391563277633
POLYISOPRENSYN-PWY	24	24	0.0709760137353565	0.0704193931240743	0.00476338686395897	0.00382749851617621	0.128821827285336	-0.452853452283927	0.710497106854599
PPGPPMET-PWY	24	24	0.0438324190948162	0.0473344288248666	0.012248633508661	0.00984563224883733	-0.315147745381131	-0.899816468576191	0.26952097781393
PROTOCATECHUATE-ORTHO-CLEAVAGE-PWY	24	24	0.016442505410383	0.0189676106882884	0.00861419954223445	0.00900188626516443	-0.286612364755346	-0.870660977790678	0.297436248279987
PRPP-PWY	24	24	0.064176200527406	0.0652476474324093	0.00543004836371237	0.00509909898054557	-0.203419705638668	-0.785993459756396	0.37915404847906
PWY-1269	24	24	0.0632552047816365	0.0633115041619609	0.00734399073315976	0.00680670165075476	-0.00795139072313769	-0.589026594793884	0.573123813347608
PWY-1361	24	24	0.000995321303920416	0.00273277538383684	0.00174191084699576	0.00374083176950519	-0.595450338669079	-1.18926026576759	-0.00164041157056471
PWY-1501	24	24	0.00111785442388737	0.00159612845529358	0.00119497114050358	0.00156414467512899	-0.34362417387778	-0.928969604199471	0.241721256443912
PWY-1541	24	24	0.00373687938888501	0.00457273157856229	0.00178751988984178	0.00203271402468521	-0.436693605490362	-1.02465143508491	0.151264224104187
PWY-1622	24	24	0.00955305793464008	0.00898263911429156	0.00254834837037149	0.00423863025483126	0.163109791664155	-0.41892852248814	0.745148105816449
PWY-181	24	24	0.0277339698118176	0.0293157876712151	0.00842562271494134	0.00791927280820934	-0.19346215640612	-0.775892738738842	0.388968425926602
PWY-1861	24	24	0.0346171205810141	0.0319240573085308	0.00629176638712322	0.00664541278423479	0.416173822743184	-0.171155541193832	1.0035031866802
PWY-1882	24	24	0.00210188112353888	0.00274242454586477	0.00147786770153433	0.00275755187334526	-0.289542608707183	-0.873652219334445	0.29456700192008
PWY-2941	24	24	0.0499441351623044	0.0569093041096934	0.0119245137344863	0.0122992937740103	-0.574999241671941	-1.16795788461479	0.017959401270907
PWY-2942	24	24	0.0831711423675144	0.0827189368205165	0.00324481290249739	0.00323558411157469	0.139560921178359	-0.442218913165549	0.721340755522268
PWY-3001	24	24	0.0808924084651608	0.0803556356979292	0.00339474125226623	0.00380011091052616	0.148973965853318	-0.432904377123795	0.730852308830431
PWY-3661	24	24	0.00641397954639994	0.00836767174104543	0.00462623631814921	0.00452678340531887	-0.42687046166494	-1.01452374543423	0.160782822104351
PWY-3781	24	24	0.0630158199778145	0.0613526345960112	0.0227370853264124	0.016145819596154	0.0843451407731855	-0.496986073031569	0.66567635457794
PWY-3801	24	24	0.00181837685950499	0.00233603899365268	0.00322223526074283	0.00310833183726579	-0.163517218617414	-0.745560357685629	0.4185259204508
PWY-4361	24	24	0.00449538054102513	0.00595210659143191	0.00139676005504799	0.00236679460698956	-0.749623254635078	-1.35075767730427	-0.148488831965881
PWY-4722	24	24	0.000980349958526146	0.00155176291310605	0.00175601365358629	0.00196259528793498	-0.306853049241432	-0.891335524268696	0.277629425785833
PWY-4984	24	24	0.033473695709035	0.0338776127003666	0.00641839126467762	0.00728542766491824	-0.058831915657085	-0.640030510397151	0.522366679082981
PWY-5005	24	24	0.0223653207978759	0.0207740469470253	0.00902205530928616	0.00825883889967241	0.18398633169044	-0.398314646126835	0.766287309507714
PWY-5022	24	24	0.0310439684770529	0.0317597028240835	0.00740626110269873	0.00611174642423165	-0.105411238824455	-0.686887544781463	0.476065067132553
PWY-5028	24	24	0.0109868362608404	0.0129698188776347	0.00381478878775659	0.00424857282670794	-0.491139909421618	-1.08090810114483	0.0986282823015915
PWY-5088	24	24	0.0162122941389296	0.0140901152100038	0.00761088387768352	0.00664996889040236	0.296949657086865	-0.28731687995632	0.881216194130049
PWY-5097	24	24	0.0811900668138119	0.0813086661312171	0.00319632187265076	0.00302669764147659	-0.0381021732561561	-0.619227803024851	0.543023456512539
PWY-5100	24	24	0.0787527528601526	0.0796111787258046	0.00641241527191266	0.0048463944690789	-0.151035598056748	-0.732936371949232	0.430865175835737
PWY-5101	24	24	0.0851510903971889	0.0843502236009543	0.00512000521997024	0.00479571189055108	0.161448500546542	-0.420570264115224	0.743467265208307
PWY-5103	24	24	0.0784236323649709	0.0776003994496814	0.00496253703548508	0.0045441857487	0.173022184176747	-0.409136920524454	0.755181288877947
PWY-5104	24	24	0.0812062314182965	0.0810458753739109	0.00551302559987496	0.00480358526657039	0.0310137184030959	-0.550094120077885	0.612121556884077
PWY-5121	24	24	0.0779957651197233	0.0766286751982918	0.00542128639406497	0.00363404260377928	0.296226939292284	-0.288024113551016	0.880477992135584
PWY-5154	24	24	0.0555570309793152	0.0537789539765234	0.00756255751939962	0.00808172328435484	0.227188292724581	-0.355756088935973	0.810132674385135
PWY-5177	24	24	0.0299717300337524	0.0327010834078408	0.00669420771993919	0.0078190493286365	-0.374994060629456	-0.961151646171931	0.211163524913018
PWY-5178	24	24	0.00599923968072238	0.00720580624907954	0.00155147895871419	0.00306333335175941	-0.496923067734602	-1.0868956846303	0.0930495491610961
PWY-5180	24	24	0.0205228471673255	0.021974859253446	0.00499143677372567	0.00460164784676786	-0.302470999152811	-0.886857062143947	0.281915063838324
PWY-5181	24	24	0.011089786417443	0.0127512616939617	0.00531625534050616	0.00571088390596256	-0.3011501578042	-0.88550742910054	0.283207113492139
PWY-5182	24	24	0.0205228471673255	0.021974859253446	0.00499143677372567	0.00460164784676786	-0.302470999152811	-0.886857062143947	0.281915063838324
PWY-5183	24	24	0.00614227506156055	0.00747516966809534	0.00189987449514425	0.00336505135305275	-0.487793392604055	-1.07744435150859	0.101857566300482
PWY-5188	24	24	0.055525808938799	0.0576324442440045	0.00884916996381032	0.00888133744301431	-0.237627924559586	-0.820747942886781	0.345492093767608
PWY-5189	24	24	0.0541960953832379	0.056564844071712	0.00871760098316487	0.00904829299031707	-0.26661629763477	-0.850265067005367	0.317032471735826
PWY-5198	24	24	0.0054130014975458	0.00554215203735443	0.00199333419108587	0.00256937369766026	-0.0561655161485757	-0.637352977323918	0.525021945026766
PWY-5265	24	24	0.0253354150091966	0.0264002718553705	0.00948272879754741	0.00958522189829556	-0.111689135391899	-0.693214902646631	0.469836631862834
PWY-5304	24	24	0.0227146573298044	0.0244034145460721	0.00577071408030742	0.0116480476371831	-0.183724440721917	-0.766021928567303	0.398573047123469
PWY-5345	24	24	0.0501444938328725	0.0495916164934127	0.00917144702095333	0.00597318314225515	0.0714373945958847	-0.509820820684325	0.652695609876095
PWY-5347	24	24	0.0663702512059843	0.0656314591818264	0.00573331675805325	0.00449486258293972	0.143414604087254	-0.43840478446499	0.725233992639499
PWY-5384	24	24	0.0388580859635527	0.0356314916061463	0.0099072145670306	0.00760928963065021	0.365276432065837	-0.220622109444329	0.951174973576003
PWY-5415	24	24	0.0162224996660701	0.017520075703171	0.00405135591862406	0.00441250826796614	-0.306336764592596	-0.890807809305665	0.278134280120473
PWY-5417	24	24	0.0117987234416625	0.0129670146850339	0.00619056183417417	0.00634179582574651	-0.186430393813902	-0.768764179977973	0.395903392350168
PWY-5419	24	24	0.00526398411603339	0.00722114592795425	0.00173832081135916	0.00493661824832741	-0.528847170158619	-1.11998995372711	0.062295613409869
PWY-5420	24	24	0.00669387056981841	0.0087646313958365	0.0020891383564034	0.00502457473329756	-0.538170017691364	-1.12966780954554	0.0533277741628151
PWY-5430	24	24	0.00607912700330531	0.00768195684824306	0.00157652981581341	0.00408763621790675	-0.517389044132004	-1.10810372348046	0.073325635216454
PWY-5431	24	24	0.0117987234416625	0.0129670146850339	0.00619056183417417	0.00634179582574651	-0.186430393813902	-0.768764179977973	0.395903392350168
PWY-5484	24	24	0.0772957540466645	0.079344480373939	0.00432000570687383	0.0035812717061675	-0.51632922676403	-1.10700476698668	0.0743463134586202
PWY-5505	24	24	0.0509196457450476	0.0468644389490607	0.0101193389726971	0.00850001546535344	0.433952417643968	-0.153919746214344	1.02182458150228
PWY-5507	24	24	0.0262433146973332	0.0291694328013811	0.00488218520860102	0.00466603077082114	-0.6127571051958	-1.20730967474763	-0.0182045356439685
PWY-5509	24	24	0.0633836842774694	0.0636908126266373	0.00735232406542768	0.00815465536450028	-0.0395587133369898	-0.620688450765708	0.541571024091728
PWY-5529	24	24	0.00499223712130463	0.00515557907327465	0.00233687667172544	0.00342798150061468	-0.0556796430833275	-0.636865131082828	0.525505844916173
PWY-5531	24	24	0.00876148330037259	0.00734265319262468	0.00716215475256821	0.00528415844734768	0.225440162034305	-0.357475575170751	0.808355899239361
PWY-5532	24	24	0.00690041052985205	0.00651346159031141	0.00157113438899189	0.00123768714497727	0.273602839631341	-0.31018237899576	0.857388058258441
PWY-5647	24	24	0.00370622647810661	0.00484971140370197	0.00110367966499766	0.00287551980411659	-0.525033884652367	-1.11603318784411	0.0659654185393755
PWY-5651	24	24	0.0070843906266233	0.00728401407654471	0.00373922264582016	0.00299775469258501	-0.0589063274480218	-0.640105240297051	0.522292585401007
PWY-5654	24	24	0.00374965564542516	0.00517057091951024	0.00117583435097987	0.00351404067108322	-0.542289277675228	-1.13394583551948	0.0493672801690224
PWY-5655	24	24	0.00516445753327891	0.00640665852208604	0.00147493566470388	0.00320924147529088	-0.497384679673114	-1.08737371384976	0.0926043545035325
PWY-5659	24	24	0.0753721311100221	0.073562493638322	0.00684904519333943	0.00518502883561779	0.297917638580903	-0.28636969589254	0.882204973054345
PWY-5667	24	24	0.0840454384318107	0.0848736958230572	0.00355516010604409	0.00301775803385131	-0.251183065989402	-0.834542823526337	0.332176691547533
PWY-5675	24	24	0	0	0	0	NA	NA	NA
PWY-5676	24	24	0.0439243520457174	0.0486928102553063	0.00932386539922874	0.0107562598992421	-0.473739284026541	-1.06290641400614	0.115427845953063
PWY-5677	24	24	0.0176891217287495	0.0191860870016253	0.00250564100469582	0.00328834130286122	-0.512079726104459	-1.1025991122081	0.0784396599991816
PWY-5686	24	24	0.0849911147867493	0.0848144275721412	0.00431114575267875	0.00354289716167321	0.044778968127143	-0.536366756617481	0.625924692871767
PWY-5695	24	24	0.0810894980367999	0.0809855949642652	0.00493099204804512	0.00378437572099982	0.0236399354086517	-0.557453267842019	0.604733138659322
PWY-5705	24	24	0.0190735624972043	0.0188266865453379	0.00385652270154103	0.00321381176392742	0.0695475528205051	-0.511700989174932	0.650796094815942
PWY-5741	24	24	0.00697731918225652	0.00830494826890628	0.00314053342784035	0.00384169143837614	-0.378385182039116	-0.964634738347082	0.20786437426885
PWY-5747	24	24	0.0245099781323393	0.0240373443983345	0.00959813065292351	0.00663753066693729	0.0572771728306491	-0.523914867343391	0.63846921300469
PWY-5823	24	24	0.000499938357884972	0.000896939979056433	0.00134529754961724	0.0013795913599933	-0.291366141584142	-0.875514021836634	0.29278173866835
PWY-5837	24	24	0.0318950934333836	0.033052543001073	0.00857176763804373	0.00823310320249328	-0.137723712453411	-0.719485067995513	0.444037643088691
PWY-5838	24	24	0.0441890266082861	0.0445786275398561	0.00730571215372828	0.00750646799582339	-0.0526006500873751	-0.633774032407777	0.528572732233027
PWY-5840	24	24	0.0440796634870683	0.044614936189044	0.00726684022446855	0.00744260836577412	-0.0727742427450079	-0.654039457282211	0.508490971792195
PWY-5845	24	24	0.0355481263848006	0.0354747625418253	0.00870285541725355	0.00781077735341198	0.00887230946635491	-0.572203457271528	0.589948076204238
PWY-5850	24	24	0.0351059727230658	0.0354747625418253	0.00811267235635954	0.00781077735341198	-0.0463120194102913	-0.627462815070995	0.534838776250412
PWY-5855	24	24	0.0324508965777703	0.0325063071465444	0.00920896657219328	0.00610370388043209	-0.00709284467167124	-0.588167579666843	0.5739818903235
PWY-5856	24	24	0.0324508965777703	0.0325063071465444	0.00920896657219328	0.00610370388043209	-0.00709284467167124	-0.588167579666843	0.5739818903235
PWY-5857	24	24	0.0324508965777703	0.0325063071465444	0.00920896657219328	0.00610370388043209	-0.00709284467167124	-0.588167579666843	0.5739818903235
PWY-5860	24	24	0.0306475008066472	0.0312410229488647	0.0078784406078698	0.00759806006130158	-0.0766872020075003	-0.657973648671985	0.504599244656984
PWY-5861	24	24	0.0400671324875871	0.0409730577827413	0.00775348013088283	0.00813644522710542	-0.113992014373172	-0.695536641192769	0.467552612446425
PWY-5862	24	24	0.0310767777058457	0.0312410229488647	0.00838271738198579	0.00759806006130158	-0.02053061789288	-0.601618833501787	0.560557597716027
PWY-5863	24	24	0.0334856340289888	0.0347198453107605	0.00860989668770273	0.00838774210321448	-0.145209096130098	-0.727047270045634	0.436629077785439
PWY-5896	24	24	0.0351059727230658	0.0354747625418253	0.00811267235635954	0.00781077735341198	-0.0463120194102913	-0.627462815070995	0.534838776250412
PWY-5897	24	24	0.0430553268618921	0.043586273716898	0.00754801439084088	0.00770470766488775	-0.0696162741225594	-0.650865163331821	0.511632615086702
PWY-5898	24	24	0.0430553268618921	0.043586273716898	0.00754801439084088	0.00770470766488775	-0.0696162741225594	-0.650865163331821	0.511632615086702
PWY-5899	24	24	0.0430553268618921	0.043586273716898	0.00754801439084088	0.00770470766488775	-0.0696162741225594	-0.650865163331821	0.511632615086702
PWY-5910	24	24	0.0251718687226598	0.0312574103358975	0.00939931754993163	0.0128777393258829	-0.539809710642133	-1.13137056019529	0.0517511389110226
PWY-5913	24	24	0.0685679691386076	0.0680534835125973	0.00645525412595479	0.00480427959881913	0.0904198192038262	-0.490949931865945	0.671789570273598
PWY-5918	24	24	0.0411019601511128	0.041472752187302	0.0106670666622536	0.00680367584432068	-0.041445926742428	-0.622581215500669	0.539689362015813
PWY-5920	24	24	0.0289830728994447	0.0301475566308122	0.00698829732045495	0.00735115879808421	-0.162364745639571	-0.74439426768217	0.419664776403027
PWY-5941	24	24	0.0134182023351205	0.00929474042616734	0.0139930582911266	0.00472934475961823	0.394799958244452	-0.191906273959571	0.981506190448475
PWY-5971	24	24	0.0704463035204744	0.0716871038088456	0.00956858659482767	0.0062790194794851	-0.153323197186689	-0.735249220341476	0.428602825968097
PWY-5973	24	24	0.0903231576016476	0.0892250516696546	0.00272559749040645	0.00318592717358896	0.370392329249448	-0.215641753903734	0.956426412402631
PWY-5989	24	24	0.070637537815922	0.0706360048294864	0.0116460054216693	0.00958852800857526	0.000143713134558595	-0.580929195558887	0.581216621828004
PWY-6071	24	24	0.00982713124680385	0.0104720532814785	0.00352924850933326	0.0035060369554514	-0.18333826759682	-0.765630618311894	0.398954083118253
PWY-6107	24	24	0.00481048490992721	0.00575195954157689	0.00349429818031593	0.00378460742267256	-0.258480263678341	-0.841974543499593	0.325014016142911
PWY-6121	24	24	0.0845919132989816	0.0847952022561082	0.00377281987190611	0.00268036278365321	-0.0621203813385218	-0.643333417793084	0.51909265511604
PWY-6122	24	24	0.0834829132922008	0.0834629725718326	0.00395204702628957	0.00249415717347535	0.00603440616310991	-0.575039824230159	0.587108636556379
PWY-6123	24	24	0.0827256633316772	0.0822486370219652	0.00505122419485817	0.00321121953392109	0.112707635917646	-0.468826425013241	0.694241696848534
PWY-6125	24	24	0.0744730485138153	0.0730600531009123	0.00427108461715064	0.00502549256176011	0.302985891993257	-0.281411428377681	0.887383212364194
PWY-6126	24	24	0.0849827057737527	0.0856823225679211	0.00519141812132834	0.00363326782271681	-0.156143736668255	-0.738101412330321	0.42581393899381
PWY-6141	24	24	0.000289300579463639	0.000173928724226587	0.000998473825636763	0.000525383096163987	0.144612066164513	-0.437219831972253	0.726443964301279
PWY-6143	24	24	0.0021824862506947	0.00470881009083505	0.00161015804703755	0.00390473026745875	-0.845886990649209	-1.452389225236	-0.239384756062423
PWY-6147	24	24	0.0766262921901039	0.0749961260220188	0.00497233308638424	0.00437620006418164	0.34804644607777	-0.237409248039012	0.933502140194553
PWY-6148	24	24	0.000461617212566007	0.000262244126964339	0.0014260312707304	0.000620886421565403	0.181283278650152	-0.400981916294243	0.763548473594547
PWY-6151	24	24	0.0652412734371698	0.0662392652225307	0.00619156964529795	0.00579259450391894	-0.166459532948956	-0.748537872236976	0.415618806339063
PWY-6163	24	24	0.0802514673538362	0.0798505100291355	0.0040210400805361	0.00291835808518321	0.114127815832041	-0.467417935140184	0.695673566804265
PWY-6165	24	24	0.0085667891184488	0.0079839511849942	0.00247387007840137	0.00187473343828365	0.265548982524445	-0.318079249868373	0.849177214917263
PWY-6167	24	24	0.00134523634505273	0.000584193528414285	0.00216228805730695	0.00111652155101833	0.442268342083078	-0.145865330307672	1.03040201447383
PWY-6174	24	24	0.00207541197916684	0.00173055758600208	0.00172711264384032	0.00125498257458654	0.228438024389082	-0.35452696983692	0.811403018615084
PWY-6182	24	24	0.0106173723150589	0.01204718628121	0.00513974730318333	0.00550792941710374	-0.268407835461125	-0.852091260650062	0.315275589727811
PWY-6185	24	24	0.0100543888646044	0.0112741173618639	0.00458735255403009	0.00486141020092248	-0.258068869665665	-0.841555463898322	0.325417724566991
PWY-621	24	24	0.0658335047263033	0.068100562829302	0.00695011500940778	0.00616546000647093	-0.345087708444767	-0.930469476356419	0.240294059466884
PWY-6210	24	24	0.00272556003524024	0.00388352455948137	0.00124481570229091	0.00252517293893622	-0.581676409714243	-1.17490985481853	0.0115570353900412
PWY-6263	24	24	0.0210259182248662	0.0205123397778512	0.00513261841947069	0.00523457213403908	0.0990728609378705	-0.482356405325165	0.680502127200906
PWY-6269	24	24	0.0634880379685893	0.0637386515943963	0.00731786991954409	0.00809176327284364	-0.032485935493567	-0.613597168870613	0.548625297883479
PWY-6277	24	24	0.0834829132922008	0.0834629725718326	0.00395204702628957	0.00249415717347535	0.00603440616310991	-0.575039824230159	0.587108636556379
PWY-6282	24	24	0.0699429359413803	0.0699186999576908	0.0113079057890783	0.00917834761992184	0.00235339193104117	-0.57871971715263	0.583426501014712
PWY-6317	24	24	0.0679144199374904	0.0698597324796626	0.00759176306833522	0.00557745510494579	-0.292036843022249	-0.876198858772183	0.292125172727686
PWY-6338	24	24	0.00325634500990371	0.00433295684860354	0.00119307321851755	0.00234518871727286	-0.578650739721971	-1.17175928455621	0.0144578051122646
PWY-6339	24	24	0.00397336771296459	0.00591423233862889	0.00237034258255102	0.00464296849530023	-0.526526251667008	-1.11758158780662	0.0645290844726083
PWY-6349	24	24	0.000786511020849851	0.000377546680173368	0.00123372920981437	0.000700736201083944	0.407629604063475	-0.179446801511346	0.994706009638296
PWY-6350	24	24	0.000728344321859482	0.000359536354117273	0.00121507377573385	0.000685087231711598	0.373914156248134	-0.212214311963038	0.960042624459307
PWY-6353	24	24	0.0553500166570097	0.0555808468352623	0.00659470817955458	0.00603178786790358	-0.0365265423120837	-0.617647902027379	0.544594817403212
PWY-6383	24	24	0.0115987254114549	0.0145437610035822	0.00591167215767386	0.00851549175381722	-0.401771532978403	-0.988677476330212	0.185134410373407
PWY-6385	24	24	0.0803688161018633	0.0805282603771382	0.00415580609668537	0.00302915696017178	-0.0438469807154541	-0.62498970610219	0.537295744671281
PWY-6386	24	24	0.0807569305396891	0.0809859215842554	0.00426053207905177	0.00322686396236291	-0.0605923810638439	-0.641798609485698	0.52061384735801
PWY-6387	24	24	0.0808845703552498	0.0810516654115462	0.00412376265539272	0.00299524112002	-0.0463644422247398	-0.62751541430314	0.53478652985366
PWY-6396	24	24	0.0178084364387776	0.0194382232862353	0.00378106531777588	0.00477590956598889	-0.378377322096164	-0.9646266642937	0.207872020101372
PWY-6397	24	24	0.00523622941829347	0.00655294221329789	0.00431256801206089	0.00539959333381764	-0.269464683254194	-0.853168660157988	0.314239293649601
PWY-6404	24	24	0.000174200844290421	0.00208454360300266	0.000853406362547113	0.00464189096321933	-0.572417642773809	-1.16527085540681	0.0204355698591885
PWY-6467	24	24	0.0575107311310655	0.0568417256630958	0.00737105185463121	0.0068635713677636	0.0939372554134034	-0.487456033468222	0.675330544295029
PWY-6470	24	24	0.0304577579812199	0.0334332418537589	0.0092596618476406	0.0110393169713993	-0.292045625923154	-0.876207826992129	0.292116575145821
PWY-6471	24	24	0.0505355083647399	0.0524998166270294	0.00678688906568357	0.00828807927801808	-0.259322676458351	-0.842832731965732	0.32418737904903
PWY-6478	24	24	0.0228900879591914	0.0230152655366175	0.00446871129620013	0.00382866055532135	-0.0300834538684287	-0.611189228334243	0.551022320597385
PWY-6505	24	24	0.00524795113316176	0.00626759525439044	0.00151409039289448	0.00308226229549102	-0.419908780597556	-1.00735033423116	0.167532773036043
PWY-6507	24	24	0.0562110847335155	0.0569430820609114	0.010804079764908	0.0120406897703227	-0.0639907740086698	-0.645212374707027	0.517230826689687
PWY-6519	24	24	0.0661071852480417	0.0671526700628005	0.00901237188463555	0.0081626004996014	-0.12159640908131	-0.703206041767014	0.460013223604395
PWY-6545	24	24	0.047357847009123	0.043669916204273	0.00915127910571439	0.00642012845833594	0.466557714106724	-0.122367493307538	1.05548292152099
PWY-6562	24	24	0.0165189265153299	0.01795108295165	0.00896057014624893	0.00810096415106663	-0.167668646985166	-0.749761632802915	0.414424338832583
PWY-6572	24	24	0.0285511949276106	0.0275297370259069	0.0117761118360916	0.0114840055950225	0.0878222018822553	-0.493530742567254	0.669175146331765
PWY-6581	24	24	0.000517263346349634	0.000241770670175264	0.000856224435253839	0.000671141217632384	0.35812249442092	-0.227589619164461	0.943834608006302
PWY-6588	24	24	0.046461549273472	0.053510591588284	0.0115439086789107	0.00969024932288141	-0.661418819082993	-1.2581680659204	-0.0646695722455866
PWY-6590	24	24	0.045501713012468	0.0476071499061446	0.00521747044698262	0.00557619731048583	-0.389909178530064	-0.976477353718276	0.196658996658148
PWY-6608	24	24	0.052819451562323	0.0526362907160888	0.00801619116554045	0.00713707195343538	0.0241338625139206	-0.556960197671558	0.605227922699399
PWY-6609	24	24	0.078755915075915	0.0801180492865684	0.0066754452768517	0.00413510417080935	-0.24531879765964	-0.828573218732926	0.337935623413645
PWY-6612	24	24	0.074032314365341	0.0737088043818498	0.00447975082862944	0.00349344453381819	0.080535540358333	-0.500772871320213	0.661843952036879
PWY-6628	24	24	0.0654244593834217	0.0678132653427518	0.00675691162464206	0.00486106025974107	-0.405857778803614	-0.992882371523786	0.181166813916558
PWY-6629	24	24	0.0284509564076951	0.0289443814754035	0.0112425408727978	0.0109149420496968	-0.0445331401316275	-0.625678067619504	0.536611787356249
PWY-6630	24	24	0.0640746965524476	0.0663999145732959	0.00643044899249911	0.00426936626372632	-0.426025039633408	-1.01365242940781	0.161602350140997
PWY-6641	24	24	0.00386484468078512	0.00446496722458112	0.00186866588654544	0.0019207096916506	-0.316709674141319	-0.901414017711766	0.267994669429128
PWY-6654	24	24	0.00101811639720968	0.000461363368969269	0.00163139031017656	0.000829241114614224	0.430244312507332	-0.157512806938541	1.01800143195321
PWY-6690	24	24	0.0114046144523605	0.0113617124204871	0.00484462014770921	0.0040711993302351	0.00958779334478189	-0.571488453062813	0.590664039752377
PWY-6700	24	24	0.0700576419036585	0.0660970474278869	0.0055204165516778	0.00647241320815476	0.658422548819355	0.0618131650367943	1.25503193260192
PWY-6703	24	24	0.0643872177181097	0.0616483425280351	0.00418320097256074	0.00589866347937116	0.535628645343851	-0.0557717787792898	1.12702906946699
PWY-6708	24	24	0.0324508965777703	0.0325063071465444	0.00920896657219328	0.00610370388043209	-0.00709284467167124	-0.588167579666843	0.5739818903235
PWY-6713	24	24	0.0023740320780333	0.00291713052346555	0.000824427846704646	0.00143907656506895	-0.463103487214134	-1.05191361482009	0.125706640391819
PWY-6728	24	24	0.0137949802915075	0.0159913612262364	0.00544046368598074	0.00589691486177319	-0.387144700232675	-0.973635586773599	0.199346186308249
PWY-6731	24	24	0.00136329530959739	0.0019841491059868	0.000933115994901463	0.00172324590575894	-0.448046186850887	-1.03636440600186	0.140272032300087
PWY-6737	24	24	0.0824669615281486	0.0809775539009666	0.00725423969852986	0.00665413039513591	0.21397520191455	-0.368758124202102	0.796708528031202
PWY-6749	24	24	0.020711866551078	0.0217319248705682	0.00578932308464989	0.00665989987015022	-0.163475788281686	-0.745518436167046	0.418566859603674
PWY-6876	24	24	0.00404603595675065	0.00478501882706807	0.00141554183302919	0.00286311097746217	-0.327208459086796	-0.912156743242757	0.257739825069165
PWY-6891	24	24	0.0457617928549344	0.047773440685377	0.00867567386056421	0.00724770399132461	-0.251656075705132	-0.835024437248778	0.331712285838515
PWY-6892	24	24	0.0688960388264751	0.0680467529597284	0.00700055596173172	0.00676403306906271	0.123383343757196	-0.458242172297298	0.705008859811689
PWY-6895	24	24	0.0603678663841587	0.0603891972341569	0.00561220111196327	0.00574572500007733	-0.00375585752868788	-0.584829277777153	0.577317562719777
PWY-6897	24	24	0.0695041611459224	0.0665719845787898	0.00815241869542093	0.00778766438924334	0.367803501855811	-0.218161760677185	0.953768764388806
PWY-6901	24	24	0.0624148948740996	0.0624834656753105	0.00660902902753726	0.00680204186771932	-0.0102249404650575	-0.591301645322791	0.570851764392675
PWY-6906	24	24	0.0155510693120929	0.0156609019597455	0.00734110427574917	0.00602776831365465	-0.0163523838562777	-0.597435002916102	0.564730235203546
PWY-6944	24	24	0.00186326806013986	0.00247586116690888	0.00138104754072591	0.00218226296198315	-0.335458177389696	-0.920603651519652	0.24968729674026
PWY-6948	24	24	8.11946208234387e-05	0.000617483155795933	0.000397770781752365	0.00170550309878799	-0.433071180162208	-1.02091591613139	0.154773555806969
PWY-6957	24	24	0.00209470676831328	0.00288801788653176	0.00224245171932249	0.00286040446936801	-0.30867315040945	-0.893196073415325	0.275849772596425
PWY-6969	24	24	0.0748862315481487	0.0723217596338851	0.00543920615284507	0.00670780582190984	0.419955094902306	-0.167487856065022	1.00739804586963
PWY-6992	24	24	0.00151465387388661	0.00246674922242697	0.00140835752501647	0.00177749035133738	-0.593730817303438	-1.18746807091649	6.43630961294495e-06
PWY-7003	24	24	0.0348894557083549	0.0366795921471851	0.00412145254517524	0.00602124672493065	-0.346956345198027	-0.932384730012454	0.2384720396164
PWY-7007	24	24	0.00617898768880099	0.0078027019880546	0.00309013589848413	0.00433651590875156	-0.431236061331984	-1.01902385539304	0.156551732729075
PWY-7013	24	24	0.0199885374284516	0.0191453839920483	0.00546203055927153	0.00525705233335801	0.157289448229501	-0.424681249060548	0.739260145519549
PWY-7031	24	24	0.00185755695314113	0.00408866291337154	0.00163449488013219	0.00418051052839885	-0.702937345801639	-1.30168641762286	-0.104188273980419
PWY-7046	24	24	0.000668633763548392	0.00102840393482673	0.000900337571408407	0.0012469287894412	-0.330814289552067	-0.915848166706181	0.254219587602048
PWY-7090	24	24	0.00631615343565523	0.00729740335711665	0.00126003874414181	0.00271344988617071	-0.463842770674407	-1.0526774579482	0.124991916599385
PWY-7094	24	24	0.032651359935457	0.034691163675651	0.012533530418514	0.010462626819584	-0.176688870837888	-0.758894455462217	0.40551671378644
PWY-7097	24	24	0.00325634500990371	0.00433295684860354	0.00119307321851755	0.00234518871727286	-0.578650739721971	-1.17175928455621	0.0144578051122646
PWY-7098	24	24	0.00343572720527357	0.00457353846343953	0.00125065811875928	0.00246692397634534	-0.581779603326876	-1.17501731930621	0.0114581126524624
PWY-7111	24	24	0.0852291371910958	0.0846076341672838	0.00497970001982125	0.00431835561463522	0.133347631620926	-0.448370692924093	0.715065956165945
PWY-7159	24	24	0.00876148330037259	0.00734265319262468	0.00716215475256821	0.00528415844734768	0.225440162034305	-0.357475575170751	0.808355899239361
PWY-7184	24	24	0.0649210820372575	0.0642923362383457	0.00288042335340865	0.00502594806699379	0.153496535470484	-0.428431416321563	0.735424487262532
PWY-7187	24	24	0.0661372669174973	0.0664325207963374	0.00248851286575686	0.00267447966724305	-0.114299036689105	-0.695846206917129	0.467248133538918
PWY-7196	24	24	0.0755915622835809	0.0730731334020207	0.00548708218314532	0.0061325381775522	0.432811443575288	-0.155025218672202	1.02064810582278
PWY-7197	24	24	0.0656193825212984	0.0633777586152129	0.00550021031020203	0.00602224706327237	0.388689105154004	-0.197844892964794	0.975223103272802
PWY-7198	24	24	0.0122223340128509	0.0116402767959826	0.00316110063185521	0.0022021185885127	0.213666367789551	-0.369062175569224	0.796394911148327
PWY-7199	24	24	0.0691330510533484	0.0697170097295396	0.00601901257188892	0.00460148597968305	-0.109001606577441	-0.690505850099461	0.472502636944579
PWY-7200	24	24	0.0642802920710245	0.0636626623823192	0.00268312945497897	0.00347589315389579	0.198919882551295	-0.38358828679488	0.781428051897471
PWY-7208	24	24	0.0843717965331567	0.0838988372441939	0.00483003182884825	0.00327798586872599	0.114584178683123	-0.466965359811386	0.696133717177631
PWY-7209	24	24	0.000251760315973468	0.000214343989681537	0.000651631321585907	0.000728235838933842	0.0541484014274109	-0.527030980164656	0.635327783019478
PWY-7210	24	24	0.0144535392818768	0.0137884917381227	0.00366002710940216	0.00256814170962939	0.210353043331986	-0.372324620431808	0.79303070709578
PWY-7211	24	24	0.0592464649048186	0.0599611324309237	0.00716502177483771	0.00597410112204527	-0.108340538262079	-0.689839567668908	0.473158491144751
PWY-7219	24	24	0.0866775550635378	0.086716239885516	0.00435738065795897	0.00303338834728501	-0.0103043794569486	-0.591381143541182	0.570772384627285
PWY-722	24	24	0.00291468841192721	0.00387293212751657	0.00126480937999761	0.00168563190982562	-0.643051586037934	-1.23895294973489	-0.0471502223409815
PWY-7220	24	24	0.0844867857542252	0.0858794139065761	0.00734105796673921	0.00484799697636363	-0.223870021758854	-0.806760218444686	0.359020174926978
PWY-7221	24	24	0.0824478603573769	0.0830216884994183	0.00427321552738772	0.00271086019937678	-0.160361236095787	-0.742367314211892	0.421644842020319
PWY-7222	24	24	0.0844867857542252	0.0858794139065761	0.00734105796673921	0.00484799697636363	-0.223870021758854	-0.806760218444686	0.359020174926978
PWY-7228	24	24	0.0737040308089928	0.0720363540408796	0.00454997116466735	0.00561228164011307	0.326431351443718	-0.258498607446587	0.911361310334024
PWY-7229	24	24	0.0865640406923286	0.0871695603410852	0.00491485940634631	0.00353954509214357	-0.141385079060709	-0.723183502615218	0.4404133444938
PWY-7234	24	24	0.054105630393924	0.0557531067908287	0.0102200396850107	0.00951061094342507	-0.166888819054601	-0.74897234637936	0.415194708270157
PWY-7237	24	24	0.0222398454010375	0.023595840499596	0.00558331753810222	0.00629220284566458	-0.227962331793868	-0.81091946689683	0.354994803309094
PWY-7242	24	24	0.0605462423970774	0.0607576091189802	0.00894187604774583	0.0107051769954853	-0.0214302435079182	-0.602519830014056	0.55965934299822
PWY-7254	24	24	0.0343467749922617	0.0357547824982436	0.00932314898906923	0.00871632331131206	-0.156014713804952	-0.737970928998538	0.425941501388635
PWY-7255	24	24	0.00393424054739428	0.00440991018204212	0.00184922943650212	0.00242409429004873	-0.220635357175998	-0.803473496735751	0.362202782383755
PWY-7286	24	24	0.000435168275504053	0.000221882810428952	0.0010892197331377	0.000508380295772239	0.250937088098387	-0.332418201469091	0.834292377665865
PWY-7295	24	24	0.00260749988265678	0.00390612858840787	0.0022808306507508	0.00196369261366926	-0.61020701285973	-1.2046488789843	-0.0157651467351609
PWY-7315	24	24	0.0282229892398531	0.0267758593764995	0.00988643874753641	0.00598068259100329	0.177119029101013	-0.405092071960066	0.759330130162092
PWY-7323	24	24	0.0652884448174923	0.0616874008556317	0.00822101842361916	0.00637030631405931	0.489663963727559	-0.10005242778219	1.07938035523731
PWY-7328	24	24	0.0388644386956625	0.0382353392093213	0.00810047448731111	0.00665569196819263	0.0848601946939508	-0.49647418272269	0.666194572110592
PWY-7332	24	24	0.0147445381719529	0.0166610534808542	0.00517570779924208	0.00524993356695287	-0.367644861628505	-0.953605922350946	0.218316199093935
PWY-7347	24	24	0.00343907931261001	0.00312965721281787	0.00175683801998013	0.00155296890011408	0.186619218678958	-0.395717120151786	0.768955557509701
PWY-7371	24	24	0.0144094969204947	0.0130038997969971	0.00791598180167396	0.00386607799664713	0.225641458866911	-0.357277565539753	0.808560483273576
PWY-7373	24	24	0.00381132163224368	0.00690871518663198	0.00241117204442301	0.00399480736613635	-0.938771434812684	-1.55101425890701	-0.326528610718359
PWY-7374	24	24	0.00689685750157545	0.00743747927004753	0.00167998405682218	0.00313684228634729	-0.214859822164694	-0.797606885962167	0.367887241632778
PWY-7376	24	24	0.0157454526384932	0.01871846187285	0.00568920549936193	0.00677677096907301	-0.475174841766658	-1.06439076191919	0.114041078385874
PWY-7377	24	24	0.0412218781922457	0.0448141914837732	0.01110619953822	0.0114628307326029	-0.318300329075281	-0.903041126878078	0.266440468727515
PWY-7391	24	24	0.00435347703269164	0.00411502062357271	0.00300236163631689	0.00189939756951752	0.0949209031699371	-0.486479128570961	0.676320934910836
PWY-7392	24	24	0.0534088571441119	0.0576100445699602	0.00815359172821826	0.00896011100764232	-0.490429208010339	-1.08017243785989	0.0993140218392122
PWY-7400	24	24	0.0642455911085316	0.0637802154656243	0.00499602492140736	0.00443725654599168	0.0984941179291026	-0.482930998353489	0.679919234211694
PWY-7431	24	24	0.0130282135390199	0.0128029669322579	0.00498970611068207	0.00357853994134531	0.0518781687692449	-0.529292472662104	0.633048810200593
PWY-7446	24	24	0.0107202248251001	0.0109816421786531	0.00472240957381277	0.00394306366527618	-0.0600928445025422	-0.641296883987627	0.521111194982542
PWY-7456	24	24	0.0471579596389729	0.0455339113235964	0.0105280316428129	0.011620244899795	0.146474349254059	-0.435377209812156	0.728325908320274
PWY-7527	24	24	0.00575523825468846	0.00754372435588998	0.00177472560333445	0.0029012484506176	-0.743690438915329	-1.34451376591049	-0.142867111920169
PWY-7539	24	24	0.0775112315447528	0.0762662004158425	0.00437919422638851	0.00452712314900064	0.279545265786057	-0.304358761805271	0.863449293377386
PWY-7560	24	24	0.0793436225973234	0.0772762756079355	0.00513287708246386	0.00445720792052262	0.43007647120885	-0.157675463765011	1.01782840618271
PWY-7616	24	24	0.00664172168183132	0.00809628759713816	0.00317695309384028	0.00389556370071267	-0.409222142269115	-0.996345306546546	0.177901022008317
PWY-7644	24	24	0.000444805831577227	0.000320862805576839	0.000657333267905587	0.000641773382549583	0.190799018135716	-0.391594484929427	0.773192521200859
PWY-7663	24	24	0.0928254806088099	0.0923868241040043	0.00332844471322543	0.00399542409809903	0.119294523078832	-0.462294989908889	0.700884036066553
PWY-7664	24	24	0.0718691150241876	0.0719334831573495	0.0107446080554761	0.00880383196688083	-0.00655328342710846	-0.587627751023408	0.574521184169191
PWY-841	24	24	0.0784262163447045	0.0770450855150907	0.00376363582127677	0.00382370896630442	0.36405029176355	-0.221816039571366	0.949916623098467
PWY-922	24	24	0.0215765951455639	0.0271799276215173	0.0084272708410845	0.011970585306324	-0.541297866307613	-1.13291610610264	0.0503203734874164
PWY0-1061	24	24	0.0550977112501503	0.0547125048728228	0.0108187038811568	0.0100045035401337	0.0369695449620989	-0.544152997099056	0.618092087023254
PWY0-1241	24	24	0.0320843639453452	0.0315317914541527	0.00918903574301316	0.00501258898238483	0.0746568177383654	-0.506618473176791	0.655932108653521
PWY0-1261	24	24	0.0664069678789912	0.0659360213844309	0.00755461239834567	0.00544697708524683	0.0715109474454289	-0.509747649559822	0.65276954445068
PWY0-1277	24	24	0.0152293383225643	0.0154405748181149	0.00496883946927376	0.0044095767854364	-0.0449674871848284	-0.626113826297414	0.536178851927757
PWY0-1296	24	24	0.0614852836257079	0.0626375269487917	0.00750952517418664	0.00827940838904768	-0.145782608138822	-0.727626834904553	0.436061618626909
PWY0-1297	24	24	0.0597947224003994	0.0602633343936356	0.00528926101846266	0.00652170428145742	-0.0789235115712502	-0.660222591563706	0.502375568421205
PWY0-1298	24	24	0.0582680026909668	0.0592472180227579	0.00662472534613843	0.00634458725871987	-0.150969755860369	-0.732869808626183	0.430930296905444
PWY0-1319	24	24	0.0840454384318107	0.0848736958230572	0.00355516010604409	0.00301775803385131	-0.251183065989402	-0.834542823526337	0.332176691547533
PWY0-1338	24	24	0.0131169573691866	0.014523267845113	0.00525179176762401	0.00527629438480556	-0.267153335729999	-0.850812469515693	0.316505798055695
PWY0-1415	24	24	0.0298953656281867	0.0319019252004036	0.00750847690467691	0.00692600701518176	-0.277796961447838	-0.861665772077712	0.306071849182036
PWY0-1479	24	24	0.0413907532551272	0.0411641282617503	0.00922276455418107	0.00718125390247067	0.0274189043193176	-0.553681306012038	0.608519114650673
PWY0-1533	24	24	0.0234831470315463	0.0236780568445352	0.0069793642180283	0.00556256541465269	-0.0308848742698777	-0.611992423129845	0.55022267459009
PWY0-1586	24	24	0.0604791262388383	0.0635546329274931	0.00763151939939265	0.0118040765780057	-0.309431295938531	-0.893971136900189	0.275108545023126
PWY0-162	24	24	0.0779468356136456	0.0759050297416513	0.00424981295997063	0.00444267661723986	0.469670620587473	-0.119359008460195	1.05870024963514
PWY0-166	24	24	0.0668157544056959	0.0671123415138837	0.00231012026366196	0.00283181496316941	-0.11477090331604	-0.696321995856864	0.466780189224784
PWY0-321	24	24	0.0114582203703416	0.0121666213075451	0.00461614666195851	0.00465987227837784	-0.152736442535059	-0.734655953327942	0.429183068257823
PWY0-41	24	24	0.0129672744448962	0.0135974453381207	0.00547281500306634	0.00468202033487677	-0.123737853377158	-0.705366548022716	0.4578908412684
PWY0-42	24	24	0.0193870802267135	0.0205693743038649	0.00597548669535537	0.00561958811536479	-0.203834396804128	-0.786414268483127	0.378745474874871
PWY0-781	24	24	0.0612758940355735	0.0624067793719269	0.00676324831901851	0.00514020720509475	-0.188267564597858	-0.770626296183007	0.394091166987291
PWY0-845	24	24	0.0533836702575143	0.0521990463191095	0.00720139865111218	0.00690974684617822	0.167863197130405	-0.414232155224492	0.749958549485302
PWY0-862	24	24	0.0692877920684739	0.0692898500794473	0.0110596513516974	0.00898509598264921	-0.000204250674463624	-0.581277160132923	0.580868658783996
PWY1G-0	24	24	0.00822859471584274	0.00924105411181014	0.004909246990223	0.00570105809242634	-0.190315330210181	-0.772702153716382	0.39207149329602
PWY490-3	24	24	0.0270385288272446	0.0271844218095524	0.0104600374525299	0.00951735056095291	-0.0145895774338899	-0.59567021562091	0.56649106075313
PWY4FS-7	24	24	0.0769217621981636	0.0790311963783975	0.00434882245887269	0.00473952354148719	-0.463778047559013	-1.05261058314836	0.125054488030336
PWY4FS-8	24	24	0.0769217621981636	0.0790311963783975	0.00434882245887269	0.00473952354148719	-0.463778047559013	-1.05261058314836	0.125054488030336
PWYG-321	24	24	0.0721798898866179	0.0722043216095623	0.0108905978070107	0.00896573032393418	-0.00244936820974882	-0.583522494033799	0.578623757614301
PYRIDNUCSAL-PWY	24	24	0.0695337561952458	0.066897592546357	0.00722573552219577	0.00630491254777355	0.38875893526649	-0.197777016118678	0.975294886651658
PYRIDNUCSYN-PWY	24	24	0.070728998715145	0.067450123861936	0.00610271626339362	0.00619028128278782	0.533440547744821	-0.0578764001542511	1.12475749564389
PYRIDOXSYN-PWY	24	24	0.0506768257428617	0.0477515985656662	0.0092396196972303	0.00821291355102692	0.334642362375226	-0.250483395864119	0.91976812061457
REDCITCYC	24	24	0.0471216202695629	0.0478301517845769	0.014669243138921	0.0111890188374119	-0.0543114776962518	-0.635491501518507	0.526868546126003
RHAMCAT-PWY	24	24	0.045914926500819	0.044245664892351	0.00940154565510402	0.0117794449072067	0.15663485235859	-0.425328393475636	0.738598098192816
RIBOSYN2-PWY	24	24	0.0761351184552468	0.0754116562500457	0.00359504244610236	0.00384851832368555	0.194273446586358	-0.388168533119115	0.776715426291832
RUMP-PWY	24	24	0.0288727226228906	0.0268446901517025	0.00482502223267975	0.00543268870001565	0.394724176064084	-0.191979904082426	0.981428256210594
SALVADEHYPOX-PWY	24	24	0.050280334319683	0.0504755740200094	0.0079678383638624	0.00712325630085886	-0.025834395883272	-0.60693154190626	0.555262750139716
SER-GLYSYN-PWY	24	24	0.0772086767133719	0.0746972725037664	0.00459636941159698	0.00371189412698784	0.601158824796678	0.00710619290788406	1.19521145668547
SO4ASSIM-PWY	24	24	0.0439115508489933	0.0416986880124284	0.00957869907968444	0.00670498797841107	0.267652921593632	-0.316015872367475	0.85132171555474
SUCSYN-PWY	24	24	0.00623175081999092	0.00567082101043427	0.00315367272588761	0.00278226327141581	0.188625690720237	-0.393737931927528	0.770989313368001
SULFATE-CYS-PWY	24	24	0.0546428749243745	0.0527893661485559	0.0086110116210525	0.0065301592707937	0.242550494702274	-0.340655059050507	0.825756048455055
TCA	24	24	0.0713874319398042	0.0688545405604797	0.00538576354939231	0.00638967104228323	0.428644278848864	-0.159063497369112	1.01635205506684
TCA-GLYOX-BYPASS	24	24	0.0376305972927461	0.038378214598214	0.0118677709170395	0.00859222231674439	-0.0721619717495998	-0.653423964559762	0.509100021060562
TEICHOICACID-PWY	24	24	0.0267746045169816	0.0261661070904145	0.00476218669219124	0.00559744895863062	0.11709469784093	-0.46447594620261	0.698665341884469
THISYN-PWY	24	24	0.0696340901220134	0.0675228824255085	0.00501597487970565	0.00622266946400207	0.373557964513215	-0.212560917843196	0.959676846869627
THREOCAT-PWY	24	24	0.0114419082799109	0.0116113943787146	0.00418753153725804	0.00323237245144647	-0.0453102945213166	-0.626457757426928	0.535837168384295
THRESYN-PWY	24	24	0.0819232895808249	0.0815225143026659	0.00323468539729764	0.00379870035435686	0.113599014400271	-0.46794236672889	0.695140395529433
TRNA-CHARGING-PWY	24	24	0.0810778137430926	0.0809936475088264	0.00426468037608644	0.00331378709511928	0.0220391316646799	-0.559051416052485	0.603129679381845
TRPSYN-PWY	24	24	0.0707793865527595	0.0687637767837569	0.00651683311899505	0.00531944739415203	0.338852153435796	-0.246375851366251	0.924080158237844
TYRFUMCAT-PWY	24	24	0.017730942069423	0.0183152323674152	0.00713911545091608	0.00626826725024959	-0.0869762089532177	-0.668323785463213	0.494371367556777
UBISYN-PWY	24	24	0.0326694446597504	0.0326508009318189	0.00917696830944873	0.00612704909142855	0.00238946092396791	-0.578683654372457	0.583462576220393
UDPNAGSYN-PWY	24	24	0.0655539284656952	0.0673115853535181	0.00725243557430932	0.00770104388796479	-0.23497761391322	-0.818052301189225	0.348097073362785
VALDEG-PWY	24	24	0.00352662462420578	0.0042636540082781	0.0029469701277279	0.00340528111021884	-0.231451338503902	-0.814466495080683	0.351563818072879
VALSYN-PWY	24	24	0.0821812843811018	0.0814557179054044	0.00470868533883717	0.00436358592164147	0.159836956189367	-0.422163034999481	0.741836947378214
CENTBENZCOA-PWY	24	24	0.0004850068872482	0.00035480863660346	0.000762985119836667	0.000735826701730825	0.173706772035342	-0.408460936968413	0.755874481039098
PWY-7185	24	24	0.00116384706765932	0.00142754798695713	0.00169968818639593	0.00191765690344657	-0.145534077105518	-0.727375677951149	0.436307523740113
PWY-7316	24	24	0.000672327512756832	0.000966394600146453	0.00105882160344673	0.00144273211901646	-0.232386813865254	-0.815417676037199	0.350644048306691
PWY-5266	24	24	0	0.00068421454088153	0	0.00335195299950482	-0.288675134594813	-0.872766623411164	0.295416354221539
PWY-5499	24	24	1.54317910045383e-05	8.59323025323793e-05	7.56000275567805e-05	0.000291254916410863	-0.331341269466746	-0.91638773325699	0.253705194323497
PWY-6113	24	24	0	0	0	0	NA	NA	NA
PWY-6284	24	24	0	0	0	0	NA	NA	NA
PWY-6285	24	24	0	0	0	0	NA	NA	NA
PWY-7084	24	24	0.000460316319548631	0.0012354963461833	0.000846138647068425	0.00158416475895574	-0.610403652777453	-1.20485403964793	-0.015953265906974
PWY-7398	24	24	0	6.56819165406979e-05	0	0.00032177436170556	-0.288675134594813	-0.872766623411164	0.295416354221539
PWY-1422	24	24	3.2408974992871e-05	8.01655581134521e-05	0.000158770903638308	0.00039272942464678	-0.159434772493468	-0.741430107768254	0.422560562781318
PWY-3941	24	24	0.000895595106918209	0.000999079733476261	0.00112489966425837	0.00110535432435	-0.0927971911307688	-0.674182752709745	0.488588370448207
PWY-5273	24	24	0	0.00068421454088153	0	0.00335195299950482	-0.288675134594813	-0.872766623411164	0.295416354221539
PWY-5392	24	24	0.00327853492128954	0.00310457320348823	0.0015653049339731	0.00205332552250023	0.095285196998046	-0.486117349763392	0.676687743759484
PWY-622	24	24	0	0.000102142536529392	0	0.000500394191061202	-0.288675134594813	-0.872766623411164	0.295416354221539
PWY-6660	24	24	0	0	0	0	NA	NA	NA
PWY-7002	24	24	0.00022570875354692	0.000497614212133293	0.000619712432739433	0.00083281354858194	-0.370424512939804	-0.956459454641355	0.215610428761747
PWY-7385	24	24	0.000671268032028427	0.00120224628744904	0.000972305127269952	0.00141147283256854	-0.438119898579621	-1.02612251010465	0.149882712945412
PWY-2221	24	24	0.000120017848245349	0	0.000450130967137154	0	0.377069966536411	-0.209143823176498	0.96328375624932
PWY-3081	24	24	6.68703278830703e-05	3.60127464727655e-05	0.000227404932609859	0.00017642570618898	0.151621004831616	-0.430286194426362	0.733528204089595
PWY-5427	24	24	0	0.000448902068533248	0	0.00219916202477269	-0.288675134594813	-0.872766623411164	0.295416354221539
PWY-5656	24	24	0.00105172710902616	0.00066184656158345	0.00118557006791637	0.000781046974350255	0.38836781418307	-0.198157201321273	0.974892829687413
PWY-5743	24	24	0.000292993993336718	0.000273616531706231	0.000677946370520275	0.00074963237524201	0.027113148212493	-0.553986456614258	0.608212753039244
PWY-5744	24	24	0.000290987482668736	0.00027216177263834	0.000674705160955351	0.000745240839969467	0.0264834378118566	-0.554614941357349	0.607581816981062
PWY-6565	24	24	0.0119683170983362	0.0106412983869409	0.00917831265957993	0.007773908365972	0.156025357735678	-0.425930977895851	0.737981693367206
PWY-6915	24	24	0	2.65845152640882e-05	0	0.000130236994912494	-0.288675134594813	-0.872766623411164	0.295416354221539
PWY-6919	24	24	0	2.41249122965206e-05	0	0.000118187450431742	-0.288675134594813	-0.872766623411164	0.295416354221539
PWY-6942	24	24	0	4.78488351685229e-05	0	0.000234410461898839	-0.288675134594813	-0.872766623411164	0.295416354221539
PWY-6956	24	24	0	0.000512798166162034	0	0.00251218769626385	-0.288675134594813	-0.872766623411164	0.295416354221539
PWY-7024	24	24	0.00030632481682271	0.000321091572569797	0.000781490823972246	0.000878054319200074	-0.0177660984289342	-0.598850469166335	0.563318272308467
