len_control	len_case	mean_control	mean_case	sd_control	sd_case	cohen.d	lower	upper
1CMET2-PWY	174	177	0.0793629243882745	0.0789989769084958	0.00399544706750899	0.00412634142051615	0.0895984508088208	-0.120472919952183	0.299669821569824
3-HYDROXYPHENYLACETATE-DEGRADATION-PWY	174	177	0.00164209506840499	0.00160235270986353	0.00316182071515162	0.00325996147327969	0.0123742908658264	-0.197593774336916	0.222342356068569
AEROBACTINSYN-PWY	174	177	0.00512619218046735	0.00473523044009803	0.00573994306292681	0.00564816568601914	0.0686639261542856	-0.14136398704918	0.278691839357751
ALL-CHORISMATE-PWY	174	177	0.0223581624277508	0.022793557927757	0.0166616903110708	0.016346941401659	-0.0263816687996823	-0.236356857301845	0.183593519702481
ANAEROFRUCAT-PWY	174	177	0.0754414688156133	0.0758585539572631	0.00567415961389674	0.00574935596107675	-0.073016490621421	-0.283052493221491	0.137019511978649
ANAGLYCOLYSIS-PWY	174	177	0.0898340625200482	0.0894597907447171	0.00427546915345198	0.00440442789553172	0.0862182347181619	-0.12384534147193	0.296281810908254
ARG+POLYAMINE-SYN	174	177	0.0411068475014792	0.0410490998593938	0.0109819168535394	0.0109492832021266	0.00526631617610492	-0.20470010369168	0.21523273604389
ARGDEG-PWY	174	177	0.0129943796375505	0.0130718572611941	0.0120992485093498	0.0123236833807627	-0.00634389303709031	-0.216310477071459	0.203622690997278
ARGORNPROST-PWY	174	177	0.024277705895917	0.024492776413567	0.00977038435053043	0.0108524714576878	-0.0208194763307947	-0.23079121990137	0.18915226723978
ARGSYN-PWY	174	177	0.0696283587234689	0.0689423146393615	0.00729354993392138	0.00718710309261423	0.0947566244058136	-0.11532721782853	0.304840466640157
ARGSYNBSUB-PWY	174	177	0.0681778178017869	0.0677266026592883	0.00887085878103193	0.0089770350765593	0.0505588044382421	-0.159440790982464	0.260558399858948
ARO-PWY	174	177	0.0822427920677981	0.082045705022613	0.0052913388510766	0.00488735408681201	0.038708135852388	-0.171277580002924	0.2486938517077
ASPASN-PWY	174	177	0.0815611053409101	0.0818222804476456	0.00641955553967403	0.00681836989125613	-0.0394305206780243	-0.249416977144931	0.170555935788882
AST-PWY	174	177	0.0113144618463622	0.0112887800026605	0.0102072826912035	0.010753463422168	0.00244909075024219	-0.207517043899261	0.212415225399746
BIOTIN-BIOSYNTHESIS-PWY	174	177	0.0623270167594922	0.060373472540554	0.00986109015789732	0.00884861125529994	0.208618555855207	-0.00191781382349179	0.419154925533905
BRANCHED-CHAIN-AA-SYN-PWY	174	177	0.0860109681206849	0.084830345716302	0.00589808602118107	0.00612202421327648	0.196375676573851	-0.0140957969917506	0.406847150139453
CALVIN-PWY	174	177	0.0903084461684799	0.0905242341067028	0.00438849356971762	0.00473967995515592	-0.047228998126846	-0.257224321499886	0.162766325246194
CATECHOL-ORTHO-CLEAVAGE-PWY	174	177	0.001517753437379	0.00163130391697876	0.002749740813837	0.00308916845946004	-0.0388095392112945	-0.248795358202465	0.171176279779877
CENTFERM-PWY	174	177	0.0326803670260064	0.0351209373974028	0.014060273789849	0.0145881434075361	-0.170324935812536	-0.380671321848375	0.040021450223303
CHLOROPHYLL-SYN	174	177	8.39254874886728e-05	0.000194493828579011	0.000780754309201017	0.0017420087629758	-0.0816785050814908	-0.291732084073362	0.12837507391038
COA-PWY	174	177	0.0810970927204264	0.0811889188586781	0.00467776098718507	0.00504972835981551	-0.0188597431141342	-0.228830466340402	0.191110980112133
COBALSYN-PWY	174	177	0.0733194797101778	0.0732178753793293	0.00656020296538686	0.00676056215279765	0.0152513326232025	-0.194717775498109	0.225220440744514
CODH-PWY	174	177	0.0229277851497815	0.0234142465010561	0.0118813960096631	0.0117358479611908	-0.0411968378055163	-0.251185162820884	0.168791487209852
COLANSYN-PWY	174	177	0.0618311041993329	0.0615326649976956	0.00792669566374114	0.00842964122968122	0.0364653128708684	-0.173518190814547	0.246448816556284
COMPLETE-ARO-PWY	174	177	0.0840772453742515	0.0838416059480562	0.0052247244675655	0.00481145902497809	0.046934802625758	-0.163060157286773	0.256929762538288
CRNFORCAT-PWY	174	177	0.00245702988933646	0.00194390328180301	0.00614947717403192	0.00558544673429132	0.087388095968321	-0.122678143968177	0.297454335904819
DAPLYSINESYN-PWY	174	177	0.0698270433292676	0.0688942165266461	0.0094552778047967	0.00918045538584549	0.100113433711715	-0.109984098129326	0.310210965552756
DENITRIFICATION-PWY	174	177	0.00326944639108974	0.00329620502935825	0.00477159018547725	0.00471117077397138	-0.00564383323309108	-0.215610307146912	0.20432264068073
DENOVOPURINE2-PWY	174	177	0.077852268730348	0.0783228474808523	0.00535008576185514	0.00546486826317826	-0.0870108794558891	-0.297076256561416	0.123054497649638
DHGLUCONATE-PYR-CAT-PWY	174	177	0.000661007862744383	0.00061690763920182	0.00200839465957466	0.00198269501109899	0.0221001049839364	-0.187872359799665	0.232072569767538
DTDPRHAMSYN-PWY	174	177	0.0913903870422722	0.0929834362617525	0.0105663151166653	0.0125899100752049	-0.13696698286277	-0.347179061289066	0.0732450955635256
ECASYN-PWY	174	177	0.0141606000886301	0.014095550928102	0.0125879591753069	0.0128378060180173	0.00511611167220601	-0.204850287732144	0.215082511076556
ENTBACSYN-PWY	174	177	0.0184109455955453	0.0187127910160962	0.0145261656970715	0.0145834239984744	-0.0207381647263291	-0.230709863957579	0.189233534504921
FAO-PWY	174	177	0.0244194478529665	0.0247170940957605	0.0153927363002877	0.0161017640449837	-0.018893032195827	-0.228863771912769	0.191077707521115
FASYN-ELONG-PWY	174	177	0.0808637651354958	0.0804248296858667	0.00716941899988457	0.00644852702765548	0.064403362237799	-0.145617113661638	0.274423838137236
FASYN-INITIAL-PWY	174	177	0.0578508255560624	0.0554258587688576	0.0113161418469673	0.0120580877368135	0.207329671364703	-0.00319968247114208	0.417859025200548
FERMENTATION-PWY	174	177	0.0681380872151148	0.0702888603132973	0.00837864630190605	0.00689838199315283	-0.280488570502046	-0.491484452736134	-0.0694926882679581
FOLSYN-PWY	174	177	0.0768974503150005	0.077311700774447	0.004372623769284	0.00454666054239105	-0.0928554765876659	-0.302934641089463	0.117223687914131
FUC-RHAMCAT-PWY	174	177	0.0402340341597881	0.0394928949850617	0.00902301223542554	0.00884850499948751	0.0829438309225499	-0.127112480220325	0.293000142065424
FUCCAT-PWY	174	177	0.0352868039091609	0.0354912302036539	0.00980307033235953	0.0100814439536957	-0.0205568688445484	-0.230528469839594	0.189414732150497
GALACT-GLUCUROCAT-PWY	174	177	0.0474229415839607	0.0466123832994226	0.00956030888264455	0.00989046128243791	0.0833204392695823	-0.126736693167499	0.293377571706664
GALACTARDEG-PWY	174	177	0.012347732571305	0.0121401891533407	0.00890328578801903	0.00987379245611095	0.0220667957195823	-0.187905649760072	0.232039241199237
GALACTUROCAT-PWY	174	177	0.0594610605728237	0.0576498745984863	0.00804274250794119	0.00896606857142454	0.212558340935653	0.00200025754772476	0.423116424323582
GALLATE-DEGRADATION-I-PWY	174	177	0.000125120950000066	0.000171079431764503	0.000822612838261457	0.00101255917442376	-0.0497763462686143	-0.259774911674876	0.160222219137648
GALLATE-DEGRADATION-II-PWY	174	177	3.22375870721869e-05	7.51193836296453e-05	0.000337086904293954	0.000695353422282121	-0.078269992006321	-0.288316419963151	0.131776435950509
GLCMANNANAUT-PWY	174	177	0.0504692500173638	0.0512079882076088	0.0102509365756363	0.0101590098363081	-0.0723920861422512	-0.282426897747174	0.137642725462672
GLUCARDEG-PWY	174	177	0.0191811088352618	0.0190233853562002	0.0103846392996695	0.0116581239815101	0.0142797917186195	-0.195688939930823	0.224248523368062
GLUCARGALACTSUPER-PWY	174	177	0.012347732571305	0.0121401891533407	0.00890328578801903	0.00987379245611095	0.0220667957195823	-0.187905649760072	0.232039241199237
GLUCONEO-PWY	174	177	0.0834861694401993	0.0832687030276837	0.00386581692204346	0.00400990113331535	0.0552066119032042	-0.154799432826078	0.265212656632487
GLUCOSE1PMETAB-PWY	174	177	0.0273207952604368	0.0268871801502597	0.0130458386899871	0.0148155017484797	0.031047173199162	-0.178931530935886	0.24102587733421
GLUCUROCAT-PWY	174	177	0.0462608048726201	0.0459060117749129	0.0101076845440259	0.0103170988209875	0.0347365437397229	-0.175245344875951	0.244718432355396
GLUTORN-PWY	174	177	0.0686505504181535	0.067671105049072	0.0070764369890432	0.0074901995287007	0.13439090213643	-0.0758120140810928	0.344593818353952
GLYCOCAT-PWY	174	177	0.0889039217725964	0.0881116376465862	0.00614230261007951	0.00637977872881029	0.126498560710623	-0.08367736580922	0.336674487230466
GLYCOGENSYNTH-PWY	174	177	0.0804352146956035	0.0803514424947067	0.00906263362518772	0.00833119701362726	0.0096273730662313	-0.200339899096252	0.219594645228714
GLYCOL-GLYOXDEG-PWY	174	177	0.0188317833972748	0.0178987934296735	0.0124834247340888	0.0125075803240002	0.0746654068404561	-0.135373790056499	0.284704603737411
GLYCOLYSIS	174	177	0.0841789728094822	0.0843460538223593	0.00462946939066961	0.00440672338168104	-0.0369770012547795	-0.246960998014867	0.173006995505308
GLYCOLYSIS-E-D	174	177	0.0524696151066051	0.0526067194267552	0.0120653614777268	0.0133108415437299	-0.0107882083712382	-0.220755791509744	0.199179374767267
GLYCOLYSIS-TCA-GLYOX-BYPASS	174	177	0.0255976602184006	0.0257265837875517	0.0181434726933324	0.0183032434000326	-0.00707429840368701	-0.217041011041943	0.202892414234569
GLYOXYLATE-BYPASS	174	177	0.0226314902518903	0.0217041288480081	0.0153986945002232	0.0152555459596566	0.0605063772780025	-0.149507712804446	0.270520467360451
GOLPDLCAT-PWY	174	177	0.00717430663964921	0.00793410779696677	0.00802583277330954	0.00905046565286904	-0.0887835927425059	-0.298853057100669	0.121285871615657
HCAMHPDEG-PWY	174	177	0.00532481167127838	0.00479115772517215	0.00592332683103343	0.00584672258784666	0.090683136725137	-0.119390798710792	0.300757072161066
HEME-BIOSYNTHESIS-II	174	177	0.0264313619432756	0.0275335920370845	0.0111121010370984	0.0114388423008691	-0.0977322489500018	-0.307823602738772	0.112359104838769
HEMESYN2-PWY	174	177	0.0335954057959536	0.0344521043101803	0.0129668458183486	0.0130931585600988	-0.0657446367219746	-0.2757674026327	0.144278129188751
HEXITOLDEGSUPER-PWY	174	177	0.0306409847849482	0.0318293122985617	0.0134437132301042	0.0141348224901857	-0.0861321222066135	-0.296195503737763	0.123931259324536
HISDEG-PWY	174	177	0.0513834668081248	0.0517319757660325	0.0114132124582321	0.0122927551118479	-0.0293730650631025	-0.239350441991549	0.180604311865344
HISTSYN-PWY	174	177	0.0793739519492163	0.0777184143312699	0.00641689010405057	0.00720283503197287	0.242585139973195	0.0318483059429263	0.453321974003464
HOMOSER-METSYN-PWY	174	177	0.0488187271455127	0.0521541392880056	0.0105391051717635	0.00922398552253754	-0.336986630384288	-0.548437560905275	-0.125535699863301
HSERMETANA-PWY	174	177	0.0517132172575043	0.0552163332762386	0.0115805059511115	0.0107816067153513	-0.313204472168272	-0.524453827901536	-0.101955116435008
ILEUSYN-PWY	174	177	0.0882182524276284	0.0870071672652892	0.00599440716159489	0.00628200306451993	0.19720901134918	-0.013266755667311	0.407684778365671
KDO-NAGLIPASYN-PWY	174	177	0.0284496511807956	0.0279394477072004	0.0174982883553797	0.0177971293939456	0.0289073253377958	-0.181069695434812	0.238884346110404
KETOGLUCONMET-PWY	174	177	0.0048133220189604	0.00480487028315204	0.00579645306440019	0.00583988682714293	0.00145258833164564	-0.208513495299418	0.211418671962709
LACTOSECAT-PWY	174	177	0.00685235513705135	0.00884004892961891	0.00614514901151084	0.00863265805280098	-0.264906211585891	-0.475791091788567	-0.0540213313832144
LEU-DEG2-PWY	174	177	0.00705413861219107	0.00612375388697962	0.00729815015301784	0.00699987627268665	0.130136718421843	-0.080051447176912	0.340324884020598
LIPASYN-PWY	174	177	0	2.79698334847942e-05	0	0.000372114432096605	-0.105844853560137	-0.315957864690487	0.104268157570213
LPSSYN-PWY	174	177	0.000585722890696878	0.000453040713955372	0.00269324619189549	0.0022831572887953	0.0531818138893439	-0.156821351570763	0.263184979349451
MET-SAM-PWY	174	177	0.0565043796120486	0.0599981621788381	0.0112892937035685	0.00927849371165423	-0.338403228255803	-0.549866624721291	-0.126939831790315
METH-ACETATE-PWY	174	177	0.024650835646271	0.0224144673023438	0.0159332517287283	0.0164296581106512	0.138171172602572	-0.0720452482260961	0.348387593431241
METHANOGENESIS-PWY	174	177	0.000771704487111037	0.00104195241895763	0.00288970709840017	0.00284648388061278	-0.0942289982191539	-0.304311532747008	0.1158535363087
METHGLYUT-PWY	174	177	0.0129299201211267	0.013022670079584	0.0118209650220757	0.011872937042386	-0.00782884864909785	-0.217795708845103	0.202138011546907
METHYLGALLATE-DEGRADATION-PWY	174	177	0.000139857433733205	0.000191209222660459	0.000919461307140279	0.00113162130045711	-0.0497633581998221	-0.259761906644317	0.160235190244673
NAD-BIOSYNTHESIS-II	174	177	0.0234976943250197	0.0244100385906854	0.0125195754724617	0.0139380907567923	-0.0688358093294972	-0.278864032563422	0.141192413904428
NADSYN-PWY	174	177	0.00034913804229048	0.00031507123852618	0.00163062556078197	0.00146987823782955	0.0219552978286763	-0.188017083245683	0.231927678903036
NAGLIPASYN-PWY	174	177	0.0644219898089609	0.0651739549422056	0.0102592176703258	0.00989098169126427	-0.0746352610753378	-0.284674398933939	0.135403876783263
NONMEVIPP-PWY	174	177	0.0840865396418069	0.0837107698246983	0.00489165286281028	0.00541046234974689	0.07282626477403	-0.137209373904726	0.282861903452786
NONOXIPENT-PWY	174	177	0.0978797935154967	0.0976342365716684	0.00587769514874575	0.00538811275499047	0.0435684548093405	-0.166422507819882	0.253559417438563
OANTIGEN-PWY	174	177	0.0678199068961008	0.0679024566173143	0.00687866097861411	0.00628725223185326	-0.0125321136773105	-0.22250023045918	0.197436003104559
ORNARGDEG-PWY	174	177	0.0129943796375505	0.0130718572611941	0.0120992485093498	0.0123236833807627	-0.00634389303709031	-0.216310477071459	0.203622690997278
ORNDEG-PWY	174	177	0.012644914309942	0.0124917453405128	0.0116837606218218	0.0119366790656609	0.0129672519134898	-0.197001010464428	0.222935514291408
P101-PWY	174	177	0.000101171413203251	0.000117004640978138	0.000717957980784123	0.00100759735335289	-0.018072928568618	-0.228043270491004	0.191897413353768
P105-PWY	174	177	0.0282220910020226	0.0278980380931583	0.019641720151913	0.0198400960303319	0.0164143828876901	-0.193555208490849	0.226383974266229
P108-PWY	174	177	0.0684042837377197	0.0675549643266212	0.0117093363885	0.0126022081936384	0.0698005622759934	-0.140229415485901	0.279830540037888
P122-PWY	174	177	0.026998911570177	0.0265139186120749	0.0109550327719333	0.0124021268693706	0.0414269735817152	-0.168561600916348	0.251415548079778
P124-PWY	174	177	0.029833955962613	0.029426829801077	0.0125354818578083	0.0142060568026281	0.0303734852655173	-0.179604675938057	0.240351646469092
P125-PWY	174	177	0.00609766299443467	0.0083242101198686	0.006286725849409	0.00797396328808466	-0.309790170247755	-0.521011782188267	-0.0985685583072434
P161-PWY	174	177	0.0614261058073527	0.0632327992211877	0.0103410441665145	0.00933403502333836	-0.183493435027431	-0.393900840063799	0.0269139700089379
P162-PWY	174	177	0.0153725915240201	0.0190773457153322	0.0108604852908704	0.0124421443323614	-0.317054765921551	-0.528335768588256	-0.105773763254845
P163-PWY	174	177	0.0239044682720203	0.0260366677163407	0.0132191468908573	0.0143194184318403	-0.154675413612396	-0.364955170368922	0.0556043431441298
P164-PWY	174	177	0.0400815037220213	0.040446493713002	0.0132420352843439	0.0139616447925877	-0.0268183921272718	-0.236793885486803	0.183157101232259
P184-PWY	174	177	9.17677552995371e-06	4.27855092134023e-05	0.000121049983015799	0.00047087796808106	-0.0973942922240852	-0.307484781210974	0.112696196762804
P221-PWY	174	177	0.0137170442985517	0.0122470669837705	0.0124579566473929	0.0123169403827178	0.118670558002825	-0.0914802087723834	0.328821324778033
P23-PWY	174	177	0.0406023049852963	0.0407862502701303	0.0162105311151745	0.0174032944700101	-0.0109344062269438	-0.220902031037731	0.199033218583843
P241-PWY	174	177	0.000835661587724049	0.00106667906524511	0.00297513742962807	0.00288687319301479	-0.0788197789738427	-0.288867339780511	0.131227781832826
P261-PWY	174	177	0.000952727690959259	0.00125947488686012	0.0029979819227305	0.0031086590138957	-0.100431342336142	-0.310529710238866	0.109667025566582
P281-PWY	174	177	0.00733688499209386	0.0068054397872319	0.0063990335210994	0.00638748527359464	0.0831264744664231	-0.126930234514792	0.293183183447638
P341-PWY	174	177	0.00246360540328747	0.00355746710819444	0.00689816403540734	0.00797064213180362	-0.146663413091111	-0.356911534126605	0.0635847079443836
P381-PWY	174	177	0.00092962627226465	0.000632656179703687	0.00359945194912041	0.00296351246167654	0.0901512994622548	-0.11992137462399	0.3002239735485
P4-PWY	174	177	0.0572477558153225	0.0570715215866424	0.0109715769560236	0.010778700334577	0.0162058378603409	-0.193763664254085	0.226175339974766
P42-PWY	174	177	0.0859126464199975	0.0862465935014542	0.00958307641338659	0.00905965660672444	-0.0358205062312874	-0.245803398349013	0.174162385886438
P441-PWY	174	177	0.0567550106287747	0.0577013006976805	0.0124436234360417	0.0127334824979518	-0.0751582607403322	-0.285198426235676	0.134881904755012
P461-PWY	174	177	0.0275375795342445	0.0279276506230689	0.0122872400665774	0.0131659135819477	-0.0306227968434006	-0.240601157581453	0.179355563894651
P562-PWY	174	177	0.0109649408654023	0.0104045399104565	0.00733326332413983	0.00771491195614918	0.0744407591783583	-0.135597998334754	0.284479516691471
P621-PWY	174	177	1.29155454730631e-05	3.20800205592401e-05	0.000170367745734973	0.000426796914559354	-0.0587943292832168	-0.268805739828656	0.151217081262222
PANTO-PWY	174	177	0.072883109527013	0.0729381180317128	0.00542492694033207	0.00561095071309465	-0.00996617175280027	-0.219933531021571	0.200001187515971
PANTOSYN-PWY	174	177	0.0748755788955194	0.07485789911638	0.0048809904807469	0.00530548353254393	0.00346697682792839	-0.206499236840194	0.213433190496051
PENTOSE-P-PWY	174	177	0.0626520018910011	0.0633362864253754	0.00878976020253972	0.00863801011276129	-0.0785309652801766	-0.288577929991093	0.131515999430739
PEPTIDOGLYCANSYN-PWY	174	177	0.0827046495410675	0.0826712764846187	0.00443929114822276	0.00476221201542789	0.0072471810077377	-0.20271956411943	0.217213926134905
PHOSLIPSYN-PWY	174	177	0.0833000863683846	0.0832423323044442	0.00461210180618895	0.00420571320697814	0.0130906912043807	-0.196877613380716	0.223058995789478
POLYAMINSYN3-PWY	174	177	0.0253770988628965	0.0248779994151252	0.0102825706075193	0.00995063323635161	0.0493350110228445	-0.160662980501193	0.259333002546883
POLYAMSYN-PWY	174	177	0.0330457329243375	0.0331621848702982	0.00994276566608315	0.0101723781779169	-0.0115766447529695	-0.22154445927194	0.198391169766001
POLYISOPRENSYN-PWY	174	177	0.0725358204858352	0.0727317924681233	0.00585857033671352	0.00567798893105796	-0.0339744872398909	-0.243955688820377	0.176006714340595
PPGPPMET-PWY	174	177	0.0235473020492498	0.0264914537378866	0.0159906674481977	0.0162431640411112	-0.18265673202913	-0.393060125442125	0.0277466613838657
PROTOCATECHUATE-ORTHO-CLEAVAGE-PWY	174	177	0.00295207833872439	0.00284348415554936	0.00475521808853912	0.00479319603321858	0.0227450569910504	-0.187227787305613	0.232717901287714
PRPP-PWY	174	177	0.0582369010192408	0.0565242299392947	0.0141453797632844	0.0159086589081151	0.113719979146366	-0.0964157040116891	0.323855662304421
PWY-1269	174	177	0.0629393145366851	0.0634746285975961	0.00895024560082995	0.00846277817918426	-0.0614750366637192	-0.271490676851426	0.148540603523988
PWY-1361	174	177	0	0	0	0	NA	NA	NA
PWY-1501	174	177	0	0	0	0	NA	NA	NA
PWY-1541	174	177	0.00225542931068252	0.00169093961114273	0.00446873119652538	0.00360492803984923	0.139167974893231	-0.0710520691686999	0.349388018955162
PWY-1622	174	177	0.000344536903030688	0.000364299235724137	0.00219782377189735	0.0018916560786368	-0.00964416231853229	-0.219611438726649	0.200323114089584
PWY-181	174	177	0.00570787111443735	0.00562838470953856	0.0102195414003699	0.00977261647958234	0.00795129956703632	-0.202015585984272	0.217918185118345
PWY-1861	174	177	0.0276646312818637	0.028290741864383	0.014432163801355	0.0157632434450445	-0.0414146888730547	-0.251403250018559	0.16857387227245
PWY-1882	174	177	0	0	0	0	NA	NA	NA
PWY-2941	174	177	0.0291125492103884	0.0294432135674388	0.014816320819222	0.0158069844072877	-0.0215783174133759	-0.231550483146081	0.18839384831933
PWY-2942	174	177	0.0877371842869152	0.0868178658696978	0.00486150589292079	0.00497402131966896	0.186907702792375	-0.0235162614020556	0.397331666986805
PWY-3001	174	177	0.0865916283537742	0.0857506722671349	0.00497024905716901	0.00513698001961541	0.166360632859867	-0.0439682699809194	0.376689535700654
PWY-3661	174	177	0.00382296873639721	0.00301321863824736	0.00956976373066575	0.00860263211777823	0.0890333794181859	-0.121036667479532	0.299103426315904
PWY-3781	174	177	0.0233178747538455	0.0214924833662751	0.0181105516612704	0.0162380281049473	0.106178314986552	-0.103935623232931	0.316292253206035
PWY-3801	174	177	0.000154759228487209	0	0.00204141442914964	0	0.107675039009262	-0.10244309626914	0.317793174287664
PWY-4361	174	177	0	0	0	0	NA	NA	NA
PWY-4722	174	177	0.000181429585002953	0.000162775847846222	0.00119856784004286	0.000992892207716384	0.0169631120301707	-0.193006719674825	0.226932943735166
PWY-4984	174	177	0.0395452232920953	0.0405666086002125	0.0119194917544096	0.012578578624652	-0.0833355427658727	-0.293392708217658	0.126721622685912
PWY-5005	174	177	0.0140777145218624	0.0147717711762908	0.0105804984401564	0.0125594604493082	-0.0597259684505635	-0.269738827576233	0.150286890675106
PWY-5022	174	177	0.0232366587342065	0.023965913910653	0.00927222362471337	0.00920014733994388	-0.0789583629205218	-0.289006210533231	0.131089484692187
PWY-5028	174	177	0.00509863134537494	0.00415828720974076	0.00714744365171491	0.00604328552400746	0.142181252226083	-0.0680499026453812	0.352412407097546
PWY-5088	174	177	0.0023770881356606	0.0047958816246003	0.00547509492446106	0.00919798931142521	-0.31891277247616	-0.530209183359525	-0.107616361592795
PWY-5097	174	177	0.086572792143869	0.0853028088231403	0.00506508260570274	0.00547762050777192	0.240656719661498	0.0299320694889491	0.451381369834048
PWY-5100	174	177	0.0835741327244629	0.083778412057532	0.00530661006625753	0.00549199205111281	-0.037823249752127	-0.247808077051883	0.172161577547629
PWY-5101	174	177	0.0917253969348588	0.0903565387400173	0.00632577678918212	0.00673392783876021	0.209472291268366	-0.00106874939541202	0.420013331932144
PWY-5103	174	177	0.0849801599753841	0.0838113999465444	0.00591825933327021	0.00613887885012255	0.19380730438547	-0.0166510504123228	0.404265659183262
PWY-5104	174	177	0.0883783136109032	0.087141939519764	0.00571606859816221	0.00582589862072707	0.214212532395798	0.00364521169672952	0.424779853094867
PWY-5121	174	177	0.0823005771662639	0.0820757599700246	0.00531547496832022	0.00570875169961808	0.0407476202734707	-0.169240221763055	0.250735462309996
PWY-5154	174	177	0.0620485239340395	0.0608017705324768	0.00741206547552944	0.00754516376894626	0.166689789587882	-0.0436405492671819	0.377020128442945
PWY-5177	174	177	0.0225484271222073	0.024600866864149	0.011839837205931	0.012536694410858	-0.16828464994438	-0.378621986762687	0.0420526868739272
PWY-5178	174	177	0.000605501421701975	0.000450721618966097	0.00173551912391627	0.00182511178292472	0.0868932485845775	-0.123171860219218	0.296958357388373
PWY-5180	174	177	0.00552815260746324	0.00657634272617728	0.00764046159516198	0.00877054417589447	-0.127365527696708	-0.337544339339662	0.0828132839462459
PWY-5181	174	177	0.00104783901059473	0.00116215385937736	0.0025320855270028	0.00287325057632214	-0.0421902452164197	-0.252179657098719	0.16779916666588
PWY-5182	174	177	0.00552815260746324	0.00657634272617728	0.00764046159516198	0.00877054417589447	-0.127365527696708	-0.337544339339662	0.0828132839462459
PWY-5183	174	177	0	0	0	0	NA	NA	NA
PWY-5188	174	177	0.0502764328044799	0.0513984078469784	0.0100309210102173	0.00887193280569812	-0.118549352820909	-0.328699742642246	0.0916010370004278
PWY-5189	174	177	0.0486249111744562	0.0496728644716586	0.00975764677099415	0.00865536299574601	-0.113682373526817	-0.323817944561931	0.096453197508297
PWY-5198	174	177	0.000658415338289983	0.000883674302962785	0.0024062984951559	0.0023936698166568	-0.0938603194772753	-0.303941944574262	0.116221305619712
PWY-5265	174	177	0.0102139380057928	0.0140921986688003	0.0128265916143212	0.0159985856884112	-0.267224190413922	-0.478125184936176	-0.0563231958916671
PWY-5304	174	177	0.0340536574489649	0.0363591746132603	0.0114456229180743	0.0124549887088513	-0.192683744022206	-0.40313641393066	0.0177689258862487
PWY-5345	174	177	0.045471070538046	0.0442886168513791	0.014078792801652	0.0156221559574055	0.079481285318363	-0.130567649040785	0.289530219677511
PWY-5347	174	177	0.0622867599344296	0.0654797720498547	0.0111880083880231	0.00826116474178524	-0.325099836182692	-0.536448196392929	-0.113751475972455
PWY-5384	174	177	0.0454286624417013	0.0430874699454727	0.0114628805969157	0.0128674132762687	0.192035994907894	-0.0184134125292981	0.402485402345086
PWY-5415	174	177	0.00323884762067923	0.00361180210097778	0.00478013710776688	0.00505419883343667	-0.0757998383696774	-0.285841274288283	0.134241597548928
PWY-5417	174	177	0.00153154778334843	0.00159146821911178	0.00280522874330392	0.00311084407377863	-0.0202209003230778	-0.230192321551878	0.189750520905722
PWY-5419	174	177	0.000139146343650566	8.39761748903194e-05	0.000847494761518567	0.000666129515887859	0.072453969541845	-0.137580959643741	0.282488898727431
PWY-5420	174	177	0.000178222663280293	0.000105348079094214	0.00108136324101771	0.000827267880528949	0.0757806064033106	-0.13426079127613	0.285822004082751
PWY-5430	174	177	8.87105251664855e-05	6.84405471409072e-05	0.00069350696426829	0.000642400417705945	0.0303341626346922	-0.179643967246243	0.240312292515627
PWY-5431	174	177	0.00153154778334843	0.00159146821911178	0.00280522874330392	0.00311084407377863	-0.0202209003230778	-0.230192321551878	0.189750520905722
PWY-5484	174	177	0.0794942552302997	0.0796966606666037	0.00665769631565253	0.00605583239115099	-0.0318182551441543	-0.241797595317074	0.178161085028765
PWY-5505	174	177	0.0603509784074301	0.0588133521370719	0.0155299159940689	0.0147853832876846	0.101433085684273	-0.108667933997376	0.311534105365921
PWY-5507	174	177	0.00641527389586155	0.00625158317842717	0.0101211647108561	0.0102220870719587	0.0160919920864932	-0.193877461779794	0.226061445952781
PWY-5509	174	177	0.0714779790600623	0.0713186854454571	0.0066760556399053	0.00722367925631006	0.022894873327524	-0.187078060688753	0.232867807343801
PWY-5529	174	177	0	3.64421761547335e-05	0	0.000484831620165181	-0.105844853560137	-0.315957864690487	0.104268157570213
PWY-5531	174	177	8.39254874886728e-05	0.000198349094729336	0.000780754309201017	0.00175416636487064	-0.0840363817751827	-0.294095085765073	0.126022322214708
PWY-5532	174	177	0.00105138198389392	0.00139116421630736	0.00251738660281693	0.00294957580569428	-0.12383363089048	-0.334000812104242	0.0863335503232819
PWY-5647	174	177	5.44917085564798e-05	4.03147311686268e-05	0.000507649607244404	0.000378626221345088	0.0316973973032437	-0.178281842147383	0.24167663675387
PWY-5651	174	177	0.000276649374031181	0.000249533222656703	0.00129222932969966	0.00116421280225475	0.0220575190699114	-0.187914921038766	0.232029959178589
PWY-5654	174	177	5.48558547700342e-05	5.57232634207669e-05	0.000510845543687115	0.000429854599834231	-0.00183873070989011	-0.211804831017832	0.208127369598052
PWY-5655	174	177	7.02007670713668e-05	5.34021203083868e-05	0.000653359621577559	0.000501066524812845	0.0288852546400676	-0.181091749396109	0.238862258676244
PWY-5659	174	177	0.0754824606101162	0.0747321895183607	0.0072349305813769	0.00756235168230018	0.101362522738831	-0.108738309290578	0.31146335476824
PWY-5667	174	177	0.0875485331050676	0.0875479299596415	0.00488320651794128	0.00462193806230402	0.000126891306002312	-0.209839164848925	0.210092947460929
PWY-5675	174	177	0	0	0	0	NA	NA	NA
PWY-5676	174	177	0.0440275342336041	0.042967636426886	0.0138373809726416	0.0152294019027286	0.0728150689616657	-0.137220548327929	0.28285068625126
PWY-5677	174	177	0.019853575045895	0.0208357630381254	0.00981016560107098	0.010174602999566	-0.0982619207099989	-0.308354635902247	0.111830794482249
PWY-5686	174	177	0.0874311088557521	0.0874737309334504	0.00510195639608234	0.00541558864548368	-0.00809927281838647	-0.218066189534856	0.201867643898083
PWY-5695	174	177	0.0827761598774031	0.0835937324522902	0.00566864501548357	0.00586212173160363	-0.141766749953735	-0.351996362355215	0.0684628624477445
PWY-5705	174	177	0.0154159648932498	0.0153181700338957	0.00667251530377543	0.00694672247894902	0.0143558890275941	-0.195612871215435	0.224324649270623
PWY-5741	174	177	0.00370204015069619	0.00263506940974547	0.00657907425514697	0.0051509554164969	0.180774272012942	-0.0296201625820977	0.391168706607982
PWY-5747	174	177	0.0080863939856135	0.00788303344390311	0.00689779429282956	0.00725183191049512	0.028729130800442	-0.181247755210461	0.238706016811345
PWY-5823	174	177	0.000774765983039817	0.000750825329410834	0.00276487147404339	0.00283497193893102	0.00854888291702136	-0.20141813201894	0.218515897852983
PWY-5837	174	177	0.0267733728870997	0.0269678675696174	0.0134611102141522	0.0147611798887962	-0.0137630166578351	-0.223731558149062	0.196205524833392
PWY-5838	174	177	0.0379651713659541	0.0377591029909243	0.015568980624124	0.016806331902494	0.0127165117054009	-0.197251666168851	0.222684689579653
PWY-5840	174	177	0.0376274470272768	0.0374220735851985	0.0150719456247396	0.0163047388860401	0.0130763299449871	-0.196891969709058	0.223044629599032
PWY-5845	174	177	0.0244330719637627	0.0252058816678403	0.0168455192978208	0.0161708940469256	-0.046812117829425	-0.256806926843251	0.163182691184401
PWY-5850	174	177	0.0244330719637627	0.0250264456828558	0.0168455192978208	0.0162736356395018	-0.0358326372468824	-0.245815540769599	0.174150266275834
PWY-5855	174	177	0.0224147483134544	0.0221796741858649	0.0115824845079844	0.0120984658302301	0.0198450110985708	-0.190126212514554	0.229816234711696
PWY-5856	174	177	0.0224147483134544	0.0221796741858649	0.0115824845079844	0.0120984658302301	0.0198450110985708	-0.190126212514554	0.229816234711696
PWY-5857	174	177	0.0224147483134544	0.0221796741858649	0.0115824845079844	0.0120984658302301	0.0198450110985708	-0.190126212514554	0.229816234711696
PWY-5860	174	177	0.021402899661378	0.022036788112398	0.0154263785517521	0.015213885613846	-0.0413776456893162	-0.251366166595623	0.168610875216991
PWY-5861	174	177	0.0343819181720853	0.0344419822227266	0.0151567991958401	0.0165049746609843	-0.00378928613506508	-0.213755530492198	0.206176958222068
PWY-5862	174	177	0.021402899661378	0.0221872823032486	0.0154263785517521	0.015126156041108	-0.0513483440574262	-0.261348995093002	0.158652306978149
PWY-5863	174	177	0.0280953679931002	0.0282397111503339	0.0137409617740429	0.0150328821635648	-0.0100189863218802	-0.21998635944085	0.199948386797089
PWY-5896	174	177	0.0244330719637627	0.0250264456828558	0.0168455192978208	0.0162736356395018	-0.0358326372468824	-0.245815540769599	0.174150266275834
PWY-5897	174	177	0.036834316883424	0.0366787738167579	0.0154356617772646	0.0166920989545964	0.00967214104736771	-0.200295142452392	0.219639424547127
PWY-5898	174	177	0.036834316883424	0.0366787738167579	0.0154356617772646	0.0166920989545964	0.00967214104736771	-0.200295142452392	0.219639424547127
PWY-5899	174	177	0.036834316883424	0.0366787738167579	0.0154356617772646	0.0166920989545964	0.00967214104736771	-0.200295142452392	0.219639424547127
PWY-5910	174	177	0.00672937012037542	0.0107670125190399	0.00799295874789739	0.0110215777013626	-0.418844388264587	-0.631099948202473	-0.206588828326702
PWY-5913	174	177	0.0690053467882017	0.0695315987289826	0.0100593298049163	0.0109292584159306	-0.0500856538261555	-0.260084624480078	0.159913316827767
PWY-5918	174	177	0.0333081617046053	0.0344254911759001	0.011926539264684	0.0116611610908081	-0.0947414796223146	-0.304825284219069	0.11534232497444
PWY-5920	174	177	0.0199056395172797	0.0191609854529526	0.0106355417517445	0.0110076212987364	0.0687916156524335	-0.141236527794146	0.278819759099013
PWY-5941	174	177	2.46988144418535e-05	7.4484423209412e-05	0.000325799738583322	0.000990950799105821	-0.0672637974463296	-0.277289214055123	0.142761619162464
PWY-5971	174	177	0.033331368043865	0.0323621755035386	0.0278424574839504	0.0290471566184764	0.0340589075208598	-0.175922369418589	0.244040184460308
PWY-5973	174	177	0.0921315754381865	0.0915830625175791	0.00431760597140531	0.00438834848657191	0.125995721731451	-0.0841785404343906	0.336169983897292
PWY-5989	174	177	0.062433754163212	0.0596341842828674	0.0122052757385706	0.0130992493769609	0.221065299952748	0.0104589538136922	0.431671646091803
PWY-6071	174	177	0.00128858560408322	0.00121446879218505	0.00300998955741799	0.00319729883055157	0.023863527662437	-0.186110000661074	0.233837055985949
PWY-6107	174	177	3.27021419419943e-05	2.78391662122028e-05	0.00030883861983488	0.000370376017101737	0.0142499934663315	-0.195718727027814	0.224218713960477
PWY-6121	174	177	0.0874632793107807	0.0876096550756696	0.00433555996376533	0.00474464487316746	-0.0321955199273944	-0.242175176976267	0.177784137121478
PWY-6122	174	177	0.0861617004993085	0.0863255944326585	0.00471230946791729	0.00512638592009884	-0.0332747107706058	-0.243255294884965	0.176705873343754
PWY-6123	174	177	0.0855822056337216	0.0859138318503152	0.004936656462128	0.00561597428622661	-0.0626874932504635	-0.272705108358321	0.147330121857394
PWY-6125	174	177	0.0731897575711572	0.0736912656950787	0.00661949195920664	0.00646529349577438	-0.0766575967894027	-0.286700748060264	0.133385554481459
PWY-6126	174	177	0.0895782328929167	0.0895820738948788	0.00413461170278672	0.00440268892221443	-0.000899130789649615	-0.21086519734153	0.209066935762231
PWY-6141	174	177	0.000670257635302111	0.000902380583677095	0.00244680315947384	0.00243155975665999	-0.0951663720513303	-0.305251234865044	0.114918490762383
PWY-6143	174	177	0.0010087430863565	0.00199609311138447	0.00243797329560952	0.00422660286929542	-0.285557215746273	-0.49659055881056	-0.0745238726819864
PWY-6147	174	177	0.0719732396017827	0.0727976649155446	0.00660358483703962	0.00688580661801874	-0.122184430925016	-0.332346293170782	0.0879774313207505
PWY-6148	174	177	0.000872249600231529	0.00121769834246199	0.00311240980973327	0.00321535430381612	-0.109155382492361	-0.319277726599885	0.100966961615163
PWY-6151	174	177	0.0692954254288252	0.0688063204540656	0.0073836714225886	0.00740334692007121	0.0661524773010789	-0.143870994285238	0.276175948887396
PWY-6163	174	177	0.0832997385171399	0.0832290520193041	0.00475713872951782	0.00485031382903684	0.0147130120409946	-0.195255884421163	0.224681908503152
PWY-6165	174	177	0.0024792602602535	0.00384638390968092	0.00490682894611774	0.00601345579205842	-0.248892117204437	-0.45966947305597	-0.0381147613529041
PWY-6167	174	177	0.00113958292512506	0.00154808216729518	0.00404033860978378	0.00409227671090624	-0.100451939126551	-0.310550361287687	0.109646483034586
PWY-6174	174	177	0.000883086635205591	0.00119170596942103	0.00293324279749326	0.00301721576756286	-0.103706692584568	-0.313813828403854	0.106400443234718
PWY-6182	174	177	0.00138873968685917	0.00148995553298914	0.00263727541675156	0.00299222400358753	-0.035868469470782	-0.24585140670376	0.174114467762196
PWY-6185	174	177	0.00098597833174191	0.00105226879468792	0.00230653962561665	0.00260953508509016	-0.0269035852927765	-0.236879138705285	0.183071968119732
PWY-621	174	177	0.0703578893933236	0.0696057316795013	0.0112751454342108	0.0112681836869484	0.0667301329440422	-0.143294345608184	0.276754611496269
PWY-6210	174	177	5.41666999996914e-05	4.06144887510797e-05	0.000504152668274897	0.000381581619965835	0.0303476553428026	-0.179630485281245	0.24032579596685
PWY-6263	174	177	0.0212941978069711	0.0216120019656064	0.0121217348720038	0.0134084255826249	-0.0248540731520008	-0.234828234676506	0.185120088372504
PWY-6269	174	177	0.0717518388370661	0.0715986469229026	0.00661188430602672	0.00711192521626865	0.0223032045360369	-0.187669378581228	0.232275787653301
PWY-6277	174	177	0.0861617004993085	0.0863255944326585	0.00471230946791729	0.00512638592009884	-0.0332747107706058	-0.243255294884965	0.176705873343754
PWY-6282	174	177	0.0619573774068398	0.0592394139276276	0.011882339588644	0.0128190281136733	0.219836231602752	0.00923697470843882	0.430435488497064
PWY-6317	174	177	0.073691869076101	0.0740423269801556	0.00893970485907075	0.00759576283872032	-0.0422786670866991	-0.252268176964372	0.167710842790974
PWY-6338	174	177	8.97980478317799e-06	8.16274968069945e-06	0.00011845176041855	0.0001085983212389	0.00719304647321991	-0.20277368839638	0.21715978134282
PWY-6339	174	177	0	0	0	0	NA	NA	NA
PWY-6349	174	177	0.000787719045672911	0.00100911543991575	0.00264247025441405	0.00262660334080775	-0.0840379689117913	-0.294096676400501	0.126020738576918
PWY-6350	174	177	0.000766544561023977	0.000979935337185066	0.00258700952865449	0.00255852282064485	-0.082944833275007	-0.293001146598842	0.127111480048828
PWY-6353	174	177	0.0498371855751786	0.0492277664705389	0.0105427650995091	0.0111550947165163	0.056137238878459	-0.153870165275484	0.266144643032402
PWY-6383	174	177	0.0010631565405714	0.00165132992357485	0.00313502037937869	0.00394638946393856	-0.16487761406169	-0.375200082010039	0.0454448538866589
PWY-6385	174	177	0.0822497073598692	0.0822006098555135	0.00435368076698711	0.00474229623631659	0.0107816420140526	-0.199185939265939	0.220749223294044
PWY-6386	174	177	0.0826808874169845	0.0826407163091953	0.00461643982241121	0.0050129925996909	0.00833339068154688	-0.201633576517098	0.218300357880191
PWY-6387	174	177	0.0829890958602854	0.0829530725103824	0.00446954584748755	0.00479227488674252	0.00777184872179196	-0.202194999805739	0.217738697249323
PWY-6396	174	177	0.0040808581990522	0.00529743439868043	0.00510544419441773	0.00583487629786731	-0.221783094882379	-0.432393599420756	-0.0111725903440027
PWY-6397	174	177	0.000204887648684719	0.000125181967308097	0.00127913725069127	0.00077801370542188	0.0754388954057265	-0.13460182446206	0.285479615273513
PWY-6404	174	177	0	0	0	0	NA	NA	NA
PWY-6467	174	177	0.0596550747006539	0.0594580732800777	0.00909335805137542	0.00851634676522428	0.0223684807823553	-0.187604140597234	0.232341102161944
PWY-6470	174	177	0.0110761076290364	0.0149526063631601	0.0116645005121159	0.0142942145393217	-0.296889832908657	-0.508009333537566	-0.0857703322797474
PWY-6471	174	177	0.0494574294727876	0.0482317548874618	0.0129772653864805	0.0128729123927189	0.09483162103721	-0.115252407666198	0.304915649740618
PWY-6478	174	177	0.0238618799290354	0.0245755151803757	0.00955183355385115	0.0092373625286706	-0.0759625868536156	-0.286004346755329	0.134079173048098
PWY-6505	174	177	7.02007670713668e-05	5.34021203083868e-05	0.000653359621577559	0.000501066524812845	0.0288852546400676	-0.181091749396109	0.238862258676244
PWY-6507	174	177	0.0640629826978968	0.0620263544066989	0.00942639382922038	0.00985735605832566	0.211134146328435	0.000583958861530592	0.42168433379534
PWY-6519	174	177	0.0622930342703727	0.0599391011838873	0.0103052974594628	0.00937363212524768	0.239063288191623	0.0283486325554089	0.449777943827838
PWY-6545	174	177	0.047609755914004	0.0478920964440146	0.00875407596713905	0.00851131860140236	-0.0327066659360942	-0.242686758269361	0.177273426397172
PWY-6562	174	177	0.00233008859352783	0.00213750084770573	0.00437963984373784	0.00453634766915264	0.0431873483015356	-0.166803180526021	0.253177877129093
PWY-6572	174	177	0.0388696503443054	0.0373497165981606	0.0156396426197229	0.0153267488353899	0.098170184089118	-0.111922294788325	0.308262662966561
PWY-6581	174	177	0	0	0	0	NA	NA	NA
PWY-6588	174	177	0.0431159317502215	0.0443631200000946	0.0130620562752635	0.0137671291204386	-0.092919439576298	-0.302998759918171	0.117159880765575
PWY-6590	174	177	0.0359017990234234	0.0384760672614714	0.0151701165352362	0.0156282444712301	-0.167129315376879	-0.377461576164378	0.043202945410619
PWY-6608	174	177	0.0496371753333855	0.0504702946817782	0.0117889322440533	0.0111326147668003	-0.0726812127371679	-0.282716574554206	0.13735414907987
PWY-6609	174	177	0.081350743320027	0.0815971580588205	0.00588803898106683	0.00572177567079243	-0.0424502564675008	-0.252439957097907	0.167539444162905
PWY-6612	174	177	0.0731315087707672	0.0736171325143746	0.004830847808343	0.00490600665305672	-0.0997400264003837	-0.3098365796058	0.110356526805033
PWY-6628	174	177	0.0561909311292161	0.0568492832148104	0.013629955955928	0.0163307022721631	-0.0437366936468769	-0.25372784898944	0.166254461695687
PWY-6629	174	177	0.028510171547835	0.0281206256790214	0.0219796829905196	0.0211505211156246	0.0180633626016999	-0.191906974784812	0.228033699988212
PWY-6630	174	177	0.0558803663422597	0.0565225170104365	0.0134781907426837	0.0161946572613056	-0.0430682018892791	-0.253058595878022	0.166922192099464
PWY-6641	174	177	0.00346516559742712	0.00339743009567072	0.00588546964795357	0.00564351851801823	0.0117499999254638	-0.198217867655403	0.221717867506331
PWY-6654	174	177	0.000971576958529221	0.00125015048824226	0.00328382483804479	0.00324974629036241	-0.0852771708913949	-0.295338630331946	0.124784288549156
PWY-6690	174	177	0.00532481167127838	0.00479115772517215	0.00592332683103343	0.00584672258784666	0.090683136725137	-0.119390798710792	0.300757072161066
PWY-6700	174	177	0.0714213346011023	0.0718111467515273	0.00740885025140474	0.00722343108250161	-0.0532826434638345	-0.263285949759741	0.156720662832072
PWY-6703	174	177	0.0656864891988836	0.0658226438230693	0.00680986638574813	0.00674770391125755	-0.0200859824417727	-0.230057332313819	0.189885367430274
PWY-6708	174	177	0.0224147483134544	0.0221796741858649	0.0115824845079844	0.0120984658302301	0.0198450110985708	-0.190126212514554	0.229816234711696
PWY-6713	174	177	0	0	0	0	NA	NA	NA
PWY-6728	174	177	0.00604925538927671	0.0051232079500686	0.00916402658855547	0.00817259101989038	0.106709420601246	-0.103406000210097	0.316824841412589
PWY-6731	174	177	4.19085622194124e-05	0	0.000552811903082699	0	0.107675039009262	-0.10244309626914	0.317793174287664
PWY-6737	174	177	0.0932479966024653	0.0931162073403974	0.00714011729933609	0.00753697634132802	0.0179477663418284	-0.192022516422494	0.227918049106151
PWY-6749	174	177	0.0393374082348744	0.0397182085448367	0.00968234834245048	0.010924884284605	-0.0368718914091631	-0.246855786322362	0.173112003504036
PWY-6876	174	177	0.00566085037028804	0.00381200281570865	0.00786610577146836	0.00541714625878302	0.274179593609949	0.0632294109025691	0.48512977631733
PWY-6891	174	177	0.0370951554228675	0.039521592668548	0.0108454523173702	0.0118754072186849	-0.213284714819747	-0.423846845645344	-0.00272258399415046
PWY-6892	174	177	0.0733090263176515	0.0737150115927349	0.00666874004732219	0.00678407209721421	-0.0603502732261969	-0.270364115804189	0.149663569351795
PWY-6895	174	177	0.0552514091611424	0.0564917250514334	0.0119184070136866	0.0128065449779064	-0.100233514321738	-0.310331361649301	0.109864333005826
PWY-6897	174	177	0.073647684536384	0.0724321630743749	0.00571046515202536	0.00541821173128762	0.218422504145578	0.00783135302112647	0.429013655270029
PWY-6901	174	177	0.0636230938978803	0.0638276594419928	0.00688158915231489	0.00746394103289436	-0.0284863682188951	-0.23846307197851	0.18149033554072
PWY-6906	174	177	0.0016577951267192	0.0024444225098431	0.00398130552336942	0.00472990142542474	-0.179806258445687	-0.390196122151897	0.0305836052605234
PWY-6944	174	177	0	0	0	0	NA	NA	NA
PWY-6948	174	177	0	0	0	0	NA	NA	NA
PWY-6957	174	177	0	0	0	0	NA	NA	NA
PWY-6969	174	177	0.0783602543560624	0.0776661878432169	0.00744345178095905	0.00913625194444559	0.0832195708541263	-0.126837341248177	0.29327648295643
PWY-6992	174	177	0	0	0	0	NA	NA	NA
PWY-7003	174	177	0.0176135852025173	0.0196015543000955	0.0146245022268505	0.0165654134478536	-0.127161273677357	-0.337339403825781	0.083016856471067
PWY-7007	174	177	0.00019182464563201	0.000169720013108733	0.00110211007022069	0.00117227942895159	0.019423470285089	-0.190547536122619	0.229394476692797
PWY-7013	174	177	0.0160687767331111	0.0200142234182872	0.014733195911025	0.0162412449915281	-0.254347414548668	-0.465160652572788	-0.0435341765245479
PWY-7031	174	177	0.00158975726664044	0.0036105010575901	0.00318484253828893	0.00526300366013604	-0.463631046784144	-0.676399013402142	-0.250863080166146
PWY-7046	174	177	0	0	0	0	NA	NA	NA
PWY-7090	174	177	0.00595157937142458	0.00525200237066599	0.00493268379121013	0.00501223220234135	0.140676206756353	-0.0695493689088883	0.350901782421594
PWY-7094	174	177	0.0100996687018962	0.00952656910416313	0.010390771702001	0.0101692390035158	0.0557508865095043	-0.154255950517826	0.265757723536834
PWY-7097	174	177	8.97980478317799e-06	8.16274968069945e-06	0.00011845176041855	0.0001085983212389	0.00719304647321991	-0.20277368839638	0.21715978134282
PWY-7098	174	177	9.51174788994049e-06	8.65139930280902e-06	0.000125468571915006	0.000115099381630424	0.00714865418025538	-0.202818072335157	0.217115380695667
PWY-7111	174	177	0.092148935036673	0.0905272714526395	0.00743874767428636	0.00805109590396911	0.209149742557962	-0.00138953113685117	0.419689016252775
PWY-7159	174	177	8.39254874886728e-05	0.000198349094729336	0.000780754309201017	0.00175416636487064	-0.0840363817751827	-0.294095085765073	0.126022322214708
PWY-7184	174	177	0.0612633015221885	0.0618083838160126	0.00635283001653266	0.00567735294667248	-0.09052017379777	-0.300593721949619	0.119553374354079
PWY-7187	174	177	0.0650126325742457	0.065122894477181	0.00489835216376053	0.00447778672075554	-0.0235051038749632	-0.233478409421748	0.186468201671822
PWY-7196	174	177	0.0740037047902842	0.0744026416796972	0.00708110889341871	0.00687985829617452	-0.0571514664335705	-0.267160378000752	0.152857445133611
PWY-7197	174	177	0.0613449632736576	0.0617137248832107	0.00741950568581783	0.00724950735136404	-0.0502792630487894	-0.260278488642143	0.159719962544564
PWY-7198	174	177	0.0203937708158701	0.0191309606558694	0.0114702761737822	0.0118868003106233	0.108097087693354	-0.102022241682005	0.318216417068714
PWY-7199	174	177	0.070446984774324	0.0699024042211906	0.00564604395756801	0.0056360701211038	0.0965394384332978	-0.113548876413521	0.306627753280117
PWY-7200	174	177	0.0615864062747457	0.0617778651137182	0.00531715186528442	0.00465261190830934	-0.0383447391152174	-0.248330087580835	0.171640609350401
PWY-7208	174	177	0.0890833411876304	0.0888314832824006	0.00515028502829947	0.0053683959317373	0.047868915843212	-0.162127205949349	0.257865037635773
PWY-7209	174	177	0.000797920310725895	0.000426178185719843	0.00321135079534537	0.00207225369141856	0.137799163835943	-0.0724159114521421	0.348014239124029
PWY-7210	174	177	0.0230471093921571	0.0216653550665887	0.0124378333429557	0.0129297247231286	0.108900076580299	-0.101221537560903	0.319021690721501
PWY-7211	174	177	0.0594631843853459	0.0603909109362381	0.0110237188809517	0.0101372270411702	-0.0876375683928518	-0.297704381011834	0.12242924422613
PWY-7219	174	177	0.0894394140333591	0.0895702516265124	0.00484275534900531	0.00513280988109834	-0.0262139877324775	-0.236189060513549	0.183761085048594
PWY-722	174	177	6.63302239459226e-05	5.26752810868849e-05	0.000503375275129808	0.000442797772789239	0.0288203468160064	-0.181156608073985	0.238797301705998
PWY-7220	174	177	0.0943133163053755	0.0939860445450068	0.00528592766943734	0.00519550757641595	0.0624501977886983	-0.147567027764214	0.272467423341611
PWY-7221	174	177	0.084984916064779	0.085164055177685	0.0045336655191858	0.00488203697478359	-0.0380130520691176	-0.247998068227583	0.171971964089348
PWY-7222	174	177	0.0943133163053755	0.0939860445450068	0.00528592766943734	0.00519550757641595	0.0624501977886983	-0.147567027764214	0.272467423341611
PWY-7228	174	177	0.0710365067715611	0.0716677427934817	0.00708252581172325	0.00696730790066799	-0.0898600379392515	-0.29993202438635	0.120211948507847
PWY-7229	174	177	0.0913067654271245	0.0913448764423695	0.00411289939526526	0.00435106624783224	-0.00899973690557882	-0.218966855659902	0.200967381848745
PWY-7234	174	177	0.0402574385450672	0.0389355374690929	0.0140736069295382	0.0148591660765452	0.0913224618456673	-0.118752999677072	0.301397923368407
PWY-7237	174	177	0.0269290565389452	0.0250419254502318	0.00987991117064846	0.0109749638983592	0.180647185654162	-0.0297466474546135	0.391041018762937
PWY-7242	174	177	0.0699725057792286	0.0681435161553723	0.00812751024037242	0.00853644673377284	0.219402126149803	0.00880536377961913	0.429998888519986
PWY-7254	174	177	0.0271127969245366	0.0291672015331484	0.0133499888431493	0.0142587313782777	-0.148700305197983	-0.358956309956856	0.0615556995608909
PWY-7255	174	177	6.08970441261586e-05	2.69920303880821e-05	0.000584850771712732	0.000359105607992124	0.0700021298482351	-0.140028217572419	0.28003247726889
PWY-7286	174	177	0.000802192911381545	0.00101952990798311	0.00275155447063263	0.00268291419456866	-0.0799869393034124	-0.290036931338168	0.130063052731343
PWY-7295	174	177	4.33612497874351e-05	6.86258332323233e-05	0.000571974168179238	0.000913007328924048	-0.0331014781438664	-0.243081911385933	0.1768789550982
PWY-7315	174	177	0.0352015518089432	0.0338237529160294	0.0117099688332335	0.0130336495350859	0.111156029103679	-0.098972094309149	0.321284152516507
PWY-7323	174	177	0.0662081633642522	0.0656756654272857	0.00922183575232246	0.00972312895611586	0.0561828091129472	-0.153824662191664	0.266190280417559
PWY-7328	174	177	0.0444751515256832	0.0452317987274553	0.00812465169810065	0.00764504794044073	-0.0959428707699347	-0.30602967971493	0.11414393817506
PWY-7332	174	177	0.0174501882812865	0.0166719460999533	0.0122862562060984	0.0119697495643721	0.0641707647604491	-0.145849318815939	0.274190848336837
PWY-7347	174	177	4.47437959873725e-05	3.60977425705909e-05	0.00059021120508558	0.000480249229368043	0.0160833949130198	-0.193886055323575	0.226052845149615
PWY-7371	174	177	0.0135671324448534	0.0142775859319366	0.00814055377980254	0.0100655566544229	-0.0775433039434804	-0.287588246699263	0.132501638812302
PWY-7373	174	177	0.00229260244193103	0.00490640771265053	0.0042906685471333	0.00664443824925344	-0.46652916198351	-0.67933203282722	-0.2537262911398
PWY-7374	174	177	0.0102569202778096	0.00892582465762237	0.00783882901948215	0.00773030533125878	0.170997694809022	-0.0393516989156939	0.381347088533738
PWY-7376	174	177	0.000813549486640181	0.000537457842576481	0.00322763303385743	0.00257002085169651	0.0947269383106596	-0.1153568301539	0.304810706775219
PWY-7377	174	177	0.0242799502503845	0.0281280235621547	0.0156187590659104	0.016792564207415	-0.237223094567953	-0.447926289924252	-0.0265198992116532
PWY-7391	174	177	0.000679763230183713	0.00121057917315877	0.00200863464891628	0.00284360108899136	-0.2153140773705	-0.425887588793302	-0.00474056594769742
PWY-7392	174	177	0.0399953665266056	0.0417165301044135	0.0149878806781341	0.01566065450759	-0.112267982440124	-0.322399363284743	0.0978633984044945
PWY-7400	174	177	0.0696995153783667	0.0689950568081612	0.00724411886650972	0.00715401847138117	0.0978574736131549	-0.112234201374378	0.307949148600687
PWY-7431	174	177	0.00613454760275251	0.00618275584572394	0.0073243310336723	0.00689477615290576	-0.006779436418451	-0.216746095454615	0.203187222617713
PWY-7446	174	177	0.00588568424603972	0.00537948555362327	0.00622652243811235	0.00615609997788399	0.0817622045647731	-0.128291553858816	0.291815962988363
PWY-7456	174	177	0.0524555011593514	0.0527878994725304	0.0110173309843416	0.0113821570363706	-0.0296710107025735	-0.239648618458276	0.180306597053129
PWY-7527	174	177	0	0	0	0	NA	NA	NA
PWY-7539	174	177	0.0727399302692086	0.0731910635094715	0.00633502888339469	0.00663824650782578	-0.0695151410431006	-0.279544597187591	0.14051431510139
PWY-7560	174	177	0.0840865396418069	0.0837107698246983	0.00489165286281028	0.00541046234974689	0.07282626477403	-0.137209373904726	0.282861903452786
PWY-7616	174	177	0.000115632872311664	0.000179879813477387	0.000940949045958066	0.00111427342091241	-0.0622547232434716	-0.272271629005788	0.147762182518845
PWY-7644	174	177	0.000105434109072601	4.98939204578659e-05	0.000697456966518515	0.000474359988672187	0.0932680655852692	-0.116812106036945	0.303348237207484
PWY-7663	174	177	0.0949262221057302	0.0942152120982152	0.00453632406098381	0.0048011204583435	0.152193938705722	-0.0580758405283621	0.362463717939806
PWY-7664	174	177	0.0643480909569293	0.061652478927523	0.0117408643144272	0.0126422336015047	0.220883962469655	0.0102786647525271	0.431489260186783
PWY-841	174	177	0.0772757763754062	0.0777898732935451	0.00553391058496755	0.00561959888118096	-0.0921768711728158	-0.302254388915134	0.117900646569503
PWY-922	174	177	0.00568090001634608	0.00914563344775512	0.00679972803743495	0.00949064219100218	-0.419105879748446	-0.6313642838873	-0.206847475609592
PWY0-1061	174	177	0.0510728572075015	0.0499950960639524	0.0131795188628427	0.0147882219255455	0.0769066611039598	-0.133136991861101	0.286950314069021
PWY0-1241	174	177	0.0316010105335058	0.0328768186493544	0.00941903312217752	0.0101658278452862	-0.130147929903996	-0.340336133754364	0.080040273946372
PWY0-1261	174	177	0.0603384831372922	0.0572111922977279	0.0142531033964112	0.0179682353148567	0.19264712830386	-0.0178053568932423	0.403099613500963
PWY0-1277	174	177	0.00694029111100766	0.00620724187459733	0.00730173820527996	0.00712727474505902	0.101610809459763	-0.108490683431205	0.31171230235073
PWY0-1296	174	177	0.0629243770025101	0.0627968334353571	0.00908765564514971	0.00879832147813029	0.0142619677714716	-0.195706757202584	0.224230692745527
PWY0-1297	174	177	0.0590445261866001	0.0596501445330793	0.00854186728839997	0.00775509461666041	-0.0742671464029104	-0.284305565256636	0.135771272450815
PWY0-1298	174	177	0.0591871878682906	0.0598662049365358	0.00837409502800959	0.00713263295095753	-0.0873575256077923	-0.297423695479933	0.122708644264348
PWY0-1319	174	177	0.0875485331050676	0.0875479299596415	0.00488320651794128	0.00462193806230402	0.000126891306002312	-0.209839164848925	0.210092947460929
PWY0-1338	174	177	0.0122872513755282	0.0120721455246173	0.00996688283484793	0.0108441332253997	0.0206464980935322	-0.18932515135983	0.230618147546895
PWY0-1415	174	177	0.0248682354182646	0.0247076363183349	0.0110137928709327	0.0117243934837454	0.0141152568453181	-0.195853413499606	0.224083927190242
PWY0-1479	174	177	0.0341644110808734	0.0332898730554509	0.011346899627015	0.0123258460221022	0.0737963656919099	-0.13624113880568	0.2838338701895
PWY0-1533	174	177	0.022190034683748	0.0214919879551931	0.0108278135483021	0.0114895751881981	0.0625129072204178	-0.147504421135574	0.272530235576409
PWY0-1586	174	177	0.0684559790403756	0.0701975949880533	0.0103325662293232	0.0103226963987319	-0.168637207271958	-0.378976100010846	0.0417016854669309
PWY0-162	174	177	0.0763299943881712	0.0767031350665049	0.00574716050510562	0.00564112446407332	-0.0655330228552543	-0.275555424334888	0.144489378624379
PWY0-166	174	177	0.0650764944732134	0.0653020957729012	0.00541042289983165	0.00472632996982847	-0.0444362031369249	-0.254428167712054	0.165555761438204
PWY0-321	174	177	0.0014816884533976	0.00138044764465372	0.00322731749142109	0.0033839259306531	0.0306120401834291	-0.179366311911953	0.240590392278811
PWY0-41	174	177	0.00807078918446575	0.00814320349355665	0.00718790200027554	0.00719674341296227	-0.010068223544942	-0.220035609641913	0.199899162552029
PWY0-42	174	177	0.00699386136737703	0.00691518528398356	0.0066625236642596	0.00702962677911132	0.0114853710615571	-0.198482415836588	0.221453157959702
PWY0-781	174	177	0.0525348428903087	0.053036993422505	0.0129108428808569	0.0138451271955458	-0.037501483739249	-0.247485993032022	0.172483025553524
PWY0-845	174	177	0.0552948015361883	0.0558499847200818	0.00948375833014962	0.0098926834011332	-0.0572818244429646	-0.267290931713673	0.152727282827744
PWY0-862	174	177	0.0614480721407053	0.0588424291348459	0.0117169859300458	0.0127055252281935	0.213131829486685	0.0025705516962915	0.423693107277079
PWY1G-0	174	177	0.000309046026463412	0.000347056001915347	0.00154380829193361	0.00148824611132602	-0.0250718330448066	-0.235046137223431	0.184902471133818
PWY490-3	174	177	0.0319691555226259	0.0292638051463773	0.0105841866982476	0.0110018985478024	0.250568300749016	0.0397800019605907	0.461356599537441
PWY4FS-7	174	177	0.0791237690374641	0.0790505085158228	0.00632245448318236	0.0062866712627166	0.01162047477447	-0.198347353085841	0.221588302634781
PWY4FS-8	174	177	0.0791237690374641	0.0790505085158228	0.00632245448318236	0.0062866712627166	0.01162047477447	-0.198347353085841	0.221588302634781
PWYG-321	174	177	0.064956203233596	0.0622141599886317	0.0116939870705946	0.0124362621908727	0.227102758951587	0.0164610184886177	0.437744499414556
PYRIDNUCSAL-PWY	174	177	0.0746800402913697	0.0743831541516068	0.005223918761559	0.00568326986484054	0.0543707607655401	-0.155634082347641	0.264375603878721
PYRIDNUCSYN-PWY	174	177	0.0739968523352172	0.0730175731788119	0.00599296178118873	0.00645838920953542	0.157136664336437	-0.0531531475436608	0.367426476216534
PYRIDOXSYN-PWY	174	177	0.050937832256037	0.0513322674785857	0.0103936550961783	0.0106729742688547	-0.0374388911146675	-0.247423338861657	0.172545556632322
REDCITCYC	174	177	0.0273839761319467	0.0289922414360281	0.0146702030409979	0.0147750590303408	-0.109233592559115	-0.319356160625046	0.100888975506816
RHAMCAT-PWY	174	177	0.0539710346869829	0.0512334682514768	0.0094575626383128	0.010430292524004	0.274856353905342	0.0639013183440063	0.485811389466677
RIBOSYN2-PWY	174	177	0.0771762849833715	0.0776477449964481	0.00491228148650645	0.00577026932243183	-0.0879236907346434	-0.297991162176701	0.122143780707414
RUMP-PWY	174	177	0.0226189030482693	0.0231206975912712	0.0109702239151525	0.0119979383405142	-0.0436343705278355	-0.253625408573377	0.166356667517706
SALVADEHYPOX-PWY	174	177	0.0454594174979611	0.0450623868378724	0.0127405426710283	0.0131761718557671	0.0306302138890526	-0.179348152810153	0.240608580588258
SER-GLYSYN-PWY	174	177	0.0822304153902981	0.0821513103008798	0.0047754659454223	0.00509154778993995	0.0160216239637117	-0.193947800250469	0.225991048177892
SO4ASSIM-PWY	174	177	0.0435282653774762	0.0431598057357444	0.00904991361384157	0.0100377253025614	0.0385384573641784	-0.171447086517045	0.248524001245401
SUCSYN-PWY	174	177	8.04170570572156e-05	6.49018723997607e-05	0.0010607738370828	0.000863463252406309	0.0160559594328499	-0.193913479233566	0.226025398099266
SULFATE-CYS-PWY	174	177	0.0555774210538243	0.0549601504609727	0.00835897274971866	0.00913177657452484	0.0704870129146355	-0.139544228106259	0.28051825393553
TCA	174	177	0.0731471816864788	0.0731019983536408	0.0075156826356506	0.0092018047403946	0.00537362089425749	-0.204592813955	0.215340055743515
TCA-GLYOX-BYPASS	174	177	0.0201417160109891	0.020313316718962	0.0154212714189167	0.0157080172085108	-0.011023691932532	-0.22099134246923	0.198943958604166
TEICHOICACID-PWY	174	177	0.0240073181242134	0.0236323506523736	0.0104583608300833	0.0104790226362188	0.0358176664352886	-0.174165223013156	0.245800555883734
THISYN-PWY	174	177	0.0719285057797473	0.0715270904900019	0.0072590970447387	0.00648534215767137	0.0583471143551599	-0.151663608914318	0.268357837624638
THREOCAT-PWY	174	177	0.00249656123336986	0.00176773715712912	0.00530260780760779	0.00470160804124726	0.145516073005169	-0.0647276550346744	0.355759801045013
THRESYN-PWY	174	177	0.0868738770550649	0.0865045861047916	0.00453860574334921	0.004793161516506	0.0790990931467064	-0.130949046229064	0.289147232522477
TRNA-CHARGING-PWY	174	177	0.0839754158985343	0.0840311397828821	0.00442651591600393	0.00474146164034803	-0.0121454517255948	-0.222113443300929	0.197822539849739
TRPSYN-PWY	174	177	0.0744258946887903	0.073838557139541	0.00622928499865656	0.00625734095099871	0.09407260624769	-0.11600954206849	0.30415475456387
TYRFUMCAT-PWY	174	177	0.00399263388583632	0.00381427835137839	0.00548708612553045	0.00533507428479664	0.0329618981994565	-0.177018414052031	0.242942210450944
UBISYN-PWY	174	177	0.0220253411338308	0.0219284223019909	0.0114785675193227	0.0118797401792842	0.00829599841813825	-0.201670960621194	0.218262957457471
UDPNAGSYN-PWY	174	177	0.0615568725062872	0.0616512710641137	0.00899988961158736	0.00818838223288042	-0.0109762902061675	-0.220943927058944	0.198991346646609
VALDEG-PWY	174	177	0.00150600892314343	0.00119086000396311	0.00409608955009414	0.00358243013052651	0.0819497264674357	-0.128104434624907	0.292003887559779
VALSYN-PWY	174	177	0.0882182524276284	0.0870071672652892	0.00599440716159489	0.00628200306451993	0.19720901134918	-0.013266755667311	0.407684778365671
CENTBENZCOA-PWY	174	177	2.65309507716027e-05	0	0.00034996727661178	0	0.107675039009262	-0.10244309626914	0.317793174287664
PWY-7185	174	177	4.59849721872723e-05	0.000110789179569658	0.000606583443616105	0.00105124327346836	-0.0753488245151901	-0.285389366229792	0.134691717199412
PWY-7316	174	177	0	2.24540546033401e-05	0	0.000298731766906318	-0.105844853560137	-0.315957864690487	0.104268157570213
PWY-5266	174	177	0	0	0	0	NA	NA	NA
PWY-5499	174	177	0	0	0	0	NA	NA	NA
PWY-6113	174	177	0	0	0	0	NA	NA	NA
PWY-6284	174	177	0	0	0	0	NA	NA	NA
PWY-6285	174	177	0	0	0	0	NA	NA	NA
PWY-7084	174	177	0	0	0	0	NA	NA	NA
PWY-7398	174	177	0	0	0	0	NA	NA	NA
PWY-1422	174	177	0	0	0	0	NA	NA	NA
PWY-3941	174	177	0	0	0	0	NA	NA	NA
PWY-5273	174	177	0	0	0	0	NA	NA	NA
PWY-5392	174	177	0	0	0	0	NA	NA	NA
PWY-622	174	177	0	0	0	0	NA	NA	NA
PWY-6660	174	177	0	0	0	0	NA	NA	NA
PWY-7002	174	177	0	0	0	0	NA	NA	NA
PWY-7385	174	177	0	0	0	0	NA	NA	NA
PWY-2221	174	177	0	0	0	0	NA	NA	NA
PWY-3081	174	177	0	0	0	0	NA	NA	NA
PWY-5427	174	177	0	0	0	0	NA	NA	NA
PWY-5656	174	177	0	0	0	0	NA	NA	NA
PWY-5743	174	177	0	0	0	0	NA	NA	NA
PWY-5744	174	177	0	0	0	0	NA	NA	NA
PWY-6565	174	177	0	0	0	0	NA	NA	NA
PWY-6915	174	177	0	0	0	0	NA	NA	NA
PWY-6919	174	177	0	0	0	0	NA	NA	NA
PWY-6942	174	177	0	0	0	0	NA	NA	NA
PWY-6956	174	177	0	0	0	0	NA	NA	NA
PWY-7024	174	177	0	0	0	0	NA	NA	NA
