len_control	len_case	mean_control	mean_case	sd_control	sd_case	cohen.d	lower	upper
1CMET2-PWY	47	48	0.0809042268264605	0.0809307128327763	0.00329354263156927	0.00446597952340782	-0.00673939607161197	-0.414241064161186	0.400762272017962
3-HYDROXYPHENYLACETATE-DEGRADATION-PWY	47	48	0.00205571027270689	0.00200427866324477	0.0039725992981621	0.00591408402726622	0.0101885398391917	-0.397314615121515	0.417691694799898
AEROBACTINSYN-PWY	47	48	0.000467293374243341	0.000293756599571666	0.00210002587172844	0.000888134018563801	0.108039782458206	-0.299757874471357	0.515837439387768
ALL-CHORISMATE-PWY	47	48	0.0149860940446482	0.0157619279400468	0.0124173209783516	0.0126658390174245	-0.0618513130532286	-0.469449235044087	0.34574660893763
ANAEROFRUCAT-PWY	47	48	0.0761686020050983	0.0788184051142045	0.00517689089605166	0.00898579427680769	-0.360384460541809	-0.771179098999572	0.0504101779159548
ANAGLYCOLYSIS-PWY	47	48	0.0918694881255123	0.0914830942076317	0.0051006544745063	0.00508332294803635	0.0758839917319192	-0.331763136012836	0.483531119476675
ARG+POLYAMINE-SYN	47	48	0.0415589617554419	0.0410237797392154	0.00684312510750531	0.00870001937321891	0.0682913938052139	-0.339327866299555	0.475910653909983
ARGDEG-PWY	47	48	0.00755322071562287	0.00847541213905186	0.00852376441699223	0.0108010293928276	-0.0946671750734795	-0.502395845366874	0.313061495219915
ARGORNPROST-PWY	47	48	0.0212969977829785	0.025613027398346	0.00593622393716747	0.00752045158485479	-0.636276791916579	-1.05395992852936	-0.218593655303795
ARGSYN-PWY	47	48	0.0718966006865781	0.0686541886349492	0.00663196487084784	0.00741937776204571	0.46050974709319	0.0476440089890702	0.87337548519731
ARGSYNBSUB-PWY	47	48	0.0707881585820358	0.067295622861055	0.00824684674195567	0.00891693679243096	0.406485576740576	-0.00520118593627494	0.818172339417426
ARO-PWY	47	48	0.0858850352487472	0.0846371880998786	0.00515630751282873	0.0047979792821224	0.250650160497463	-0.158447134202189	0.659747455197114
ASPASN-PWY	47	48	0.0826734540658987	0.0816428638597636	0.0048810881621804	0.010524672887886	0.125194563150376	-0.282704898273681	0.533094024574434
AST-PWY	47	48	0.00689366803955847	0.00761205430849192	0.00715195239016072	0.00931762656113607	-0.0863734216273115	-0.494063874233093	0.321317030978469
BIOTIN-BIOSYNTHESIS-PWY	47	48	0.0656282811599691	0.0622223236749358	0.011120257641664	0.0112573331181526	0.304382122280897	-0.105470980530285	0.71423522509208
BRANCHED-CHAIN-AA-SYN-PWY	47	48	0.0897466081242003	0.0837320591305441	0.00414149668195874	0.00740730309874241	0.999474601427359	0.567282923018252	1.43166627983647
CALVIN-PWY	47	48	0.0923306202822447	0.0938480474578559	0.00481578036372371	0.00545589284662451	-0.294689927020233	-0.704395988608285	0.11501613456782
CATECHOL-ORTHO-CLEAVAGE-PWY	47	48	0.00377757039547297	0.0027191847628918	0.00793524071390163	0.00538363102357876	0.156402663247262	-0.251720315818468	0.564525642312991
CENTFERM-PWY	47	48	0.0230348269217795	0.0231568055889001	0.01114674839697	0.010470746431222	-0.0112834578875479	-0.418787211550631	0.396220295775535
CHLOROPHYLL-SYN	47	48	0.000402738711409786	0.00074391761589411	0.0012273118981714	0.00177533046192258	-0.223136100729133	-0.631902588674767	0.185630387216502
COA-PWY	47	48	0.08285960842631	0.0836492637470593	0.00469018989858903	0.00581915672014148	-0.149246761955751	-0.557314123109618	0.258820599198115
COBALSYN-PWY	47	48	0.0789785135333432	0.0750416487562091	0.0080506922045864	0.00920015296190364	0.455091355367865	0.0423503331195503	0.86783237761618
CODH-PWY	47	48	0.0159832531737741	0.0192178257739688	0.00659937214031144	0.00890567941016301	-0.412043539621493	-0.823844961947197	-0.000242117295789934
COLANSYN-PWY	47	48	0.0597733596194453	0.0597001211269498	0.0057912729865518	0.00932018728342148	0.00941674776084157	-0.398086021871505	0.416919517393188
COMPLETE-ARO-PWY	47	48	0.0877188564383891	0.0863874214115585	0.00513281988094341	0.00481564975547038	0.267622038801887	-0.141698320695448	0.676942398299223
CRNFORCAT-PWY	47	48	0.00356984742801989	0.00275305655580441	0.00607436941602941	0.00453619154990784	0.152598562814155	-0.255494526297881	0.560691651926191
DAPLYSINESYN-PWY	47	48	0.0756978324804481	0.0724751766537738	0.00703303891615068	0.00739569334822525	0.44643819730876	0.0338933612383719	0.858983033379148
DENITRIFICATION-PWY	47	48	0.00335556720562298	0.00389240942118544	0.00384811657679909	0.00324922506657749	-0.150880065989857	-0.558959892984332	0.257199761004617
DENOVOPURINE2-PWY	47	48	0.0744142594221743	0.0746867924048443	0.00651514321627815	0.00585267719678849	-0.0440335132606526	-0.451583398940965	0.36351637241966
DHGLUCONATE-PYR-CAT-PWY	47	48	0.00106315954906208	0.000471154864834768	0.00244631682257289	0.00093183925662074	0.32111208341906	-0.0890058925161472	0.731230059354266
DTDPRHAMSYN-PWY	47	48	0.0853467033024577	0.0848896604688519	0.00581923720164409	0.0100682015220488	0.055433131509268	-0.35214562503817	0.463011888056706
ECASYN-PWY	47	48	0.00809081255268163	0.00944155776440099	0.009598435855473	0.010989329825973	-0.130825235683581	-0.538761370355827	0.277110898988664
ENTBACSYN-PWY	47	48	0.0114692067431511	0.0127374190428809	0.0117593402272403	0.0127073802271589	-0.103547546072974	-0.511321014520198	0.30422592237425
FAO-PWY	47	48	0.0201117138237812	0.0213028004538043	0.0177103075070543	0.0193379642853036	-0.0642069440216523	-0.471812426168808	0.343398538125504
FASYN-ELONG-PWY	47	48	0.0821483919057398	0.0785876845326759	0.0104805384458745	0.0100155201159823	0.3474482263189	-0.0631150329724247	0.758011485610224
FASYN-INITIAL-PWY	47	48	0.0665735558873616	0.0580529981984337	0.0125927378620957	0.0148709520659452	0.617825169949279	0.200717351209151	1.03493298868941
FERMENTATION-PWY	47	48	0.0688674716704476	0.0676935382336238	0.00654837362988666	0.00720659290096395	0.170409736693442	-0.237829623128869	0.578649096515754
FOLSYN-PWY	47	48	0.0750228830655994	0.0778369268506707	0.00477686965643846	0.00599600942978604	-0.518495001447791	-0.932785143631007	-0.104204859264575
FUC-RHAMCAT-PWY	47	48	0.0375637451604897	0.0361019947110136	0.00900790668136337	0.0102160837751858	0.151674145624716	-0.256411790889792	0.559760082139224
FUCCAT-PWY	47	48	0.0325040963864859	0.0324153852263253	0.00844192414182996	0.00872118860499372	0.0103342453054282	-0.397168985805178	0.417837476416034
GALACT-GLUCUROCAT-PWY	47	48	0.0472965767564201	0.0451330553007431	0.00664004538484102	0.00881041724326179	0.276926305858956	-0.132522486258706	0.686375097976618
GALACTARDEG-PWY	47	48	0.00956162717242731	0.0105845608924928	0.00577105873621668	0.00504302769586277	-0.18889431611584	-0.597302469256451	0.219513837024771
GALACTUROCAT-PWY	47	48	0.0611786775161334	0.0583118662471823	0.00888936564331255	0.00925939449706711	0.31578881073693	-0.0942433675455768	0.725820989019437
GALLATE-DEGRADATION-I-PWY	47	48	0.00193131005075736	0.00181216640702364	0.00456021653423115	0.00420676401282914	0.0271697855761416	-0.380349524332894	0.434689095485177
GALLATE-DEGRADATION-II-PWY	47	48	0.000382628303283978	0.000367790479465686	0.00121978887557519	0.00122586828027941	0.0121336560684551	-0.395370604596855	0.419637916733765
GLCMANNANAUT-PWY	47	48	0.0528978033304006	0.0605641219561969	0.0101837029984957	0.0124893914749381	-0.672051365525114	-1.0908957612117	-0.253206969838528
GLUCARDEG-PWY	47	48	0.0146199351110368	0.0164070402581727	0.0070559402692638	0.00938332561623187	-0.214951845775139	-0.623627300115601	0.193723608565323
GLUCARGALACTSUPER-PWY	47	48	0.00956162717242731	0.0105845608924928	0.00577105873621668	0.00504302769586277	-0.18889431611584	-0.597302469256451	0.219513837024771
GLUCONEO-PWY	47	48	0.0838542721508519	0.0839910120326022	0.00344629889693438	0.00365803362389751	-0.0384653872245022	-0.446003576001936	0.369072801552931
GLUCOSE1PMETAB-PWY	47	48	0.0184659190316428	0.0189295727810919	0.0143868908353546	0.0133078472801058	-0.0334717845295189	-0.441000826023908	0.37405725696487
GLUCUROCAT-PWY	47	48	0.0453686535622557	0.0435484526210368	0.00633314497584173	0.00921526344476897	0.229769456804486	-0.17907329405164	0.638612207660611
GLUTORN-PWY	47	48	0.0697291629895316	0.0648344715325085	0.00533313861445233	0.00835850310374676	0.696572968721531	0.276897884594307	1.11624805284875
GLYCOCAT-PWY	47	48	0.0924330984504472	0.089978114864178	0.00785785448820321	0.0078452501579607	0.312677529633654	-0.0973051586147454	0.722660217882053
GLYCOGENSYNTH-PWY	47	48	0.0874871501838767	0.0870551767890018	0.00889063574714582	0.00826914544567993	0.0503337830052762	-0.357231241076713	0.457898807087265
GLYCOL-GLYOXDEG-PWY	47	48	0.0101914840879016	0.0117845980896496	0.00795222845633944	0.0106097734499675	-0.169664814620934	-0.577897734801051	0.238568105559184
GLYCOLYSIS	47	48	0.0829223646591249	0.0850713258290211	0.00450461357739035	0.00654147612198938	-0.381907410927557	-0.793105440911272	0.0292906190561575
GLYCOLYSIS-E-D	47	48	0.0461769711153083	0.0485455222472005	0.00948823497689623	0.00983457687526668	-0.245069364480565	-0.654096476325343	0.163957747364214
GLYCOLYSIS-TCA-GLYOX-BYPASS	47	48	0.021682593929189	0.02434532944631	0.015740658608381	0.0158343169085063	-0.168655008424511	-0.576879243995396	0.239569227146374
GLYOXYLATE-BYPASS	47	48	0.0181238401740141	0.0187555761642976	0.013425722487171	0.0162198886295608	-0.0423885802929556	-0.449934846191816	0.365157685605905
GOLPDLCAT-PWY	47	48	0.00820449449849182	0.00850723725957024	0.00791063511701194	0.00691903890120662	-0.0407675429542225	-0.448310376433486	0.366775290525041
HCAMHPDEG-PWY	47	48	0.000551608122415123	0.000435751006886702	0.00165693890213451	0.00132627909446307	0.0772908590675217	-0.330361754496725	0.484943472631768
HEME-BIOSYNTHESIS-II	47	48	0.0195080876365442	0.0226237298871536	0.00971915684106273	0.0138270634403755	-0.260229481473286	-0.669450898253271	0.148991935306698
HEMESYN2-PWY	47	48	0.0266091163407024	0.031687447271957	0.0107057664760048	0.013887734429221	-0.409008455315066	-0.820747075433963	0.00273016480382993
HEXITOLDEGSUPER-PWY	47	48	0.0273660922849029	0.0306400445311048	0.00953882421825083	0.00888047984796141	-0.355401005086269	-0.766105522847446	0.0553035126749093
HISDEG-PWY	47	48	0.0495549255261508	0.0536946217984123	0.0108194920810672	0.0137326498137855	-0.334447261905601	-0.7447863808303	0.0758918570190988
HISTSYN-PWY	47	48	0.0824074434607265	0.0761314886306465	0.00523262547506369	0.00806653497619723	0.921070922712417	0.492510032579095	1.34963181284574
HOMOSER-METSYN-PWY	47	48	0.0445687170387913	0.0509951948237512	0.00793006034358885	0.00888891972707754	-0.762488884283791	-1.1845354170133	-0.34044235155428
HSERMETANA-PWY	47	48	0.0476567446540857	0.0530057738577491	0.0108709641484346	0.00990397746499336	-0.514650274727867	-0.928840907847258	-0.100459641608475
ILEUSYN-PWY	47	48	0.0920294036225473	0.0862572432177127	0.00408156607995738	0.0075533656590516	0.947997095431422	0.518219293088064	1.37777489777478
KDO-NAGLIPASYN-PWY	47	48	0.0172158939575964	0.0196588645595605	0.0145260625093737	0.0148231041478923	-0.166449680880986	-0.574655129642636	0.241755767880664
KETOGLUCONMET-PWY	47	48	0.00610615599963467	0.00548142882735324	0.0096979618857894	0.00714687892933535	0.0734550651308896	-0.334182828472107	0.481092958733886
LACTOSECAT-PWY	47	48	0.00779619759401786	0.0140672786418025	0.00344315151643626	0.0091060125881421	-0.907334279993399	-1.33528656275309	-0.479381997233706
LEU-DEG2-PWY	47	48	0.010416732392212	0.00938418630647842	0.0113687811186936	0.00904327905354381	0.100641732375163	-0.30711663603592	0.508400100786247
LIPASYN-PWY	47	48	0	6.034712925823e-05	0	0.000292477402366118	-0.290239718222001	-0.699879841958873	0.119400405514871
LPSSYN-PWY	47	48	0.000309263884243864	0.000593289101045729	0.00101070807800434	0.00289947255050263	-0.130265658726329	-0.53819807676659	0.277666759313932
MET-SAM-PWY	47	48	0.0523136764794284	0.059270341719066	0.008060987516171	0.00891372119913094	-0.818177610317709	-1.24238301091284	-0.393972209722577
METH-ACETATE-PWY	47	48	0.0295746527312817	0.0255257745669107	0.00834017534040654	0.00843991527369287	0.482541840324213	0.0691541915644244	0.895929489084002
METHANOGENESIS-PWY	47	48	0.00238315628031096	0.00158994224840063	0.00422666978590177	0.00279962463831637	0.221732495725638	-0.187018139711129	0.630483131162405
METHGLYUT-PWY	47	48	0.0079622107734707	0.00999379677913853	0.00734228705507396	0.0100093849849167	-0.231075057368561	-0.639933079965612	0.17778296522849
METHYLGALLATE-DEGRADATION-PWY	47	48	0.00210856499680896	0.0020127893518063	0.0047761458882253	0.00462201130419137	0.0203826457839925	-0.387128445410084	0.427893736978069
NAD-BIOSYNTHESIS-II	47	48	0.0193253164829081	0.02169209507938	0.0106312515614711	0.0136784839154542	-0.192950722575798	-0.601398230859869	0.215496785708272
NADSYN-PWY	47	48	0.000450407996181595	0.000445482259951196	0.001025304281829	0.00108090836143919	0.00467438498928949	-0.402826682879454	0.412175452858033
NAGLIPASYN-PWY	47	48	0.0574471487635222	0.0616808251137385	0.00924227664279454	0.0126577460375576	-0.381394871253992	-0.792583027844179	0.0297932853361945
NONMEVIPP-PWY	47	48	0.0864946214917841	0.0859344670575129	0.00516471029836975	0.00649851821603235	0.0953171367269693	-0.312414676395484	0.503048949849422
NONOXIPENT-PWY	47	48	0.103135743729309	0.102535849275604	0.00579415483508636	0.00568062381570485	0.104564790962269	-0.303214065015164	0.512343646939701
OANTIGEN-PWY	47	48	0.0705200280543325	0.0719244320860321	0.00799596890758881	0.00831297757358696	-0.172156494115241	-0.580411064399058	0.236098076168576
ORNARGDEG-PWY	47	48	0.00755322071562287	0.00847541213905186	0.00852376441699223	0.0108010293928276	-0.0946671750734795	-0.502395845366874	0.313061495219915
ORNDEG-PWY	47	48	0.00793853478006124	0.00844581817633651	0.00789252397036866	0.00973658154904412	-0.0571747976711072	-0.464758547751214	0.350408952409
P101-PWY	47	48	0.000952835550812626	0.00161375801576393	0.00167675473120075	0.00261215391172089	-0.300450457456446	-0.710243345425763	0.10934243051287
P105-PWY	47	48	0.0261928736778293	0.0286747546956698	0.018883768429444	0.0196499382741882	-0.128763134961551	-0.536685652102289	0.279159382179187
P108-PWY	47	48	0.065241031355383	0.063100024627698	0.0098273109345318	0.0120768401705131	0.19425368751179	-0.214206638710319	0.602714013733899
P122-PWY	47	48	0.0276804003605956	0.0267110273162263	0.00891764075027258	0.00880668584344704	0.109388562581215	-0.298416557062846	0.517193682225276
P124-PWY	47	48	0.0315059687261879	0.0296654305312928	0.0117429035916517	0.010591855820761	0.164686400947664	-0.243504204014491	0.572877005909819
P125-PWY	47	48	0.00876897614682406	0.0141835322281853	0.00485163583360908	0.012523881519254	-0.56788151275548	-0.983513398840206	-0.152249626670755
P161-PWY	47	48	0.0646825522236317	0.059766260505237	0.0117131691003196	0.0127557143918784	0.40129257963274	-0.010288431364091	0.81287359062957
P162-PWY	47	48	0.0177610532624148	0.0342025313779674	0.00714356105493165	0.0172499588185499	-1.24065886191992	-1.68563430353377	-0.79568342030607
P163-PWY	47	48	0.018350634186317	0.0345717019144521	0.00728951753576951	0.0177142801268024	-1.19302301038603	-1.63528654160839	-0.750759479163668
P164-PWY	47	48	0.0400939516823673	0.0428135098535526	0.00780588154068895	0.011444166777682	-0.277092345975084	-0.6865434695357	0.132358777585532
P184-PWY	47	48	0.00173705126059539	0.00178322366139393	0.00449240851996461	0.00430759201916387	-0.0104937822946989	-0.417997098024063	0.397009533434665
P221-PWY	47	48	0.0155813337029927	0.0139677289732802	0.010680009471813	0.00844795640156202	0.167787561114898	-0.240429255421032	0.576004377650829
P23-PWY	47	48	0.0327390206629069	0.0387440559755711	0.0126320000696373	0.0133117978461383	-0.462637386947087	-0.875552490426719	-0.0497222834674556
P241-PWY	47	48	0.00249383160952303	0.00170927352300096	0.00409540253133515	0.00268524575426071	0.227050502932889	-0.181760719985483	0.63586172585126
P261-PWY	47	48	0.00268594838773199	0.00186937978837124	0.00446341473829152	0.00282823892534099	0.219049121606424	-0.189671484169785	0.627769727382633
P281-PWY	47	48	0.0080102281726203	0.00723226945178255	0.0100836166629034	0.00784136069255964	0.0862446743075152	-0.321445212603073	0.493934561218103
P341-PWY	47	48	0.00441261422015801	0.00496056888409322	0.0078759623009046	0.00706707385736966	-0.0732744573857786	-0.480911676355287	0.33436276158373
P381-PWY	47	48	0.0103079250974439	0.0129627885732649	0.00704731812319629	0.00796013547124761	-0.352923435085848	-0.763583608288381	0.0577367381166843
P4-PWY	47	48	0.0556573782393598	0.0594299729125196	0.00659920661002609	0.00711965878788375	-0.549367316663212	-0.964482424536603	-0.134252208789821
P42-PWY	47	48	0.0816265905707225	0.0801708196476852	0.0124551610896455	0.0137883377255965	0.110740160607558	-0.297072530080467	0.518552851295584
P441-PWY	47	48	0.0534082101327029	0.05595884954796	0.00964154691029936	0.0101406813171458	-0.257719889683369	-0.666908342627548	0.15146856326081
P461-PWY	47	48	0.023236925863097	0.0259274620213639	0.0104685179730983	0.0107424169074381	-0.253636953699164	-0.662772453763405	0.155498546365078
P562-PWY	47	48	0.0124655044221035	0.0121571836648998	0.00626807641683079	0.00536507984499867	0.0528921674727826	-0.354679580837041	0.460463915782606
P621-PWY	47	48	0.00186045740737262	0.00159056896254295	0.0061837499338038	0.00391408024439775	0.0522739572063574	-0.355296135725756	0.459844050138471
PANTO-PWY	47	48	0.0724013942825071	0.0707083341238981	0.00469048043389946	0.00552395125256951	0.330117827229989	-0.0801485216715105	0.740384176131488
PANTOSYN-PWY	47	48	0.074848822701065	0.0731902992321599	0.00399599049311948	0.00599966446148696	0.324703989341234	-0.0854726790295461	0.734880657712013
PENTOSE-P-PWY	47	48	0.0614016508253553	0.0619203640983797	0.00981954652071478	0.0107550522314612	-0.050346086622498	-0.457911142244854	0.357218968999858
PEPTIDOGLYCANSYN-PWY	47	48	0.0849668310149848	0.0855128381272459	0.00474971600024812	0.00542453412358733	-0.107019904969729	-0.514811980366613	0.300772170427155
PHOSLIPSYN-PWY	47	48	0.0865038575139345	0.087878964136893	0.00541268342153785	0.00553568308972829	-0.251152315261862	-0.660256001841272	0.157951371317548
POLYAMINSYN3-PWY	47	48	0.0291693762015867	0.026692640564713	0.00570121245367925	0.00696785327711505	0.388636423715792	-0.0226924391181236	0.799965286549707
POLYAMSYN-PWY	47	48	0.0328483025371305	0.0329969279140001	0.00663446678940695	0.00878781952775784	-0.019060879655872	-0.426570643211482	0.388448883899738
POLYISOPRENSYN-PWY	47	48	0.0705158025335089	0.0701194450599927	0.00513403271069159	0.00742369138400319	0.0619843516946186	-0.345613989745629	0.469582693134866
PPGPPMET-PWY	47	48	0.0174756697830456	0.0360028778339012	0.0141938628503388	0.0188111851442284	-1.11022497049081	-1.54799089213851	-0.672459048843112
PROTOCATECHUATE-ORTHO-CLEAVAGE-PWY	47	48	0.0094743338259238	0.0101432831182838	0.0149110764030382	0.0159235263922962	-0.0433508617812979	-0.450899228520055	0.364197504957459
PRPP-PWY	47	48	0.052332488094612	0.051426590711314	0.00798235562909921	0.00920540469970314	0.105066095711643	-0.30271543462151	0.512847626044795
PWY-1269	47	48	0.0565591064764218	0.0609568271218155	0.0080910552643217	0.0120701554212526	-0.427127822741174	-0.83924811060783	-0.0150075348745181
PWY-1361	47	48	0.00146074609281428	0.000800065344391899	0.00661192066448314	0.00415621438611851	0.119918525164066	-0.287948033903049	0.527785084231181
PWY-1501	47	48	0.00145068170129648	0.000760873106264121	0.00624629565369038	0.00405231767049664	0.131309326248043	-0.276630036511109	0.539248689007194
PWY-1541	47	48	0.00210911105014667	0.00203061254472436	0.00260032882226021	0.00288196346227574	0.0285836546418556	-0.378937662601966	0.436104971885677
PWY-1622	47	48	0.00458907881342901	0.00641156685746757	0.00485747010400262	0.007687227452271	-0.282785473105822	-0.69231737361622	0.126746427404577
PWY-181	47	48	0.0136859392400525	0.0140007066773791	0.0126885597861297	0.0115689257021975	-0.025937438605797	-0.433455081929676	0.381580204718082
PWY-1861	47	48	0.024643737913013	0.0246824646435277	0.0132995836377301	0.0122337728500445	-0.0030321422444338	-0.410532887816596	0.404468603327728
PWY-1882	47	48	0.000416667456720817	0.000230500277849837	0.00109845241285598	0.000746168383208558	0.198659427056048	-0.209844876641533	0.607163730753628
PWY-2941	47	48	0.0235890030073864	0.0359066553333551	0.00770495105321246	0.0158966970380046	-0.9828207071089	-1.41421898079352	-0.551422433424285
PWY-2942	47	48	0.0907989965550663	0.0873431341311029	0.00470694104337645	0.00519118409415197	0.697086382418308	0.277393605760587	1.11677915907603
PWY-3001	47	48	0.0894866836115323	0.0857742705957536	0.00356553581063933	0.00494183034665319	0.860094508975912	0.434171653736687	1.28601736421514
PWY-3661	47	48	0.00576588067646837	0.00588418741979042	0.00902259032452963	0.00719345389770079	-0.0145167671764145	-0.42202264519017	0.392989110837341
PWY-3781	47	48	0.0319107844222851	0.0335409282931202	0.0207327230470305	0.0246059845840832	-0.0715833595566753	-0.4792143422065	0.33604762309315
PWY-3801	47	48	8.80772430235418e-05	0	0.000422321825378055	0	0.296539632011095	-0.113194128299964	0.706273392322155
PWY-4361	47	48	6.936348805992e-05	0.000173477346619256	0.000304243276688952	0.000610363691476244	-0.215201706180954	-0.623879889682437	0.193476477320528
PWY-4722	47	48	0.000870026777584382	0.000657830817558797	0.00136382562484013	0.00114374274006539	0.168754409447223	-0.239470678707361	0.576979497601808
PWY-4984	47	48	0.0222113197894855	0.0211170854174669	0.00970304755638038	0.00960732295972681	0.113335915027611	-0.294491576238705	0.521163406293928
PWY-5005	47	48	0.0145840338905709	0.017426718624082	0.010214906542499	0.0141803986963049	-0.229641811439509	-0.638483073828016	0.179199450948998
PWY-5022	47	48	0.0183572354215485	0.0239928510471354	0.00587994169176499	0.00980898818939461	-0.695138694675661	-1.11476441802775	-0.275512971323569
PWY-5028	47	48	0.00764381590779624	0.00612454824663167	0.0111015414841323	0.00847018662371397	0.154085795833512	-0.254018891554649	0.562190483221672
PWY-5088	47	48	0.00169022622794225	0.00543799029122191	0.00287817208186936	0.0100546788386942	-0.504481378330787	-0.918412277786609	-0.090550478874965
PWY-5097	47	48	0.0898662367124495	0.0861002118135633	0.00476573297917628	0.00527340318850985	0.748905173427371	0.327363748378911	1.17044659847583
PWY-5100	47	48	0.0849265831780764	0.0847279822384975	0.0104531769421334	0.0121621629108849	0.0174993167555219	-0.390008992952204	0.425007626463248
PWY-5101	47	48	0.095694215380167	0.089521501663429	0.00426333721998065	0.00798579101617357	0.961444619344565	0.53104726175343	1.3918419769357
PWY-5103	47	48	0.088948639677551	0.0830563633065247	0.00430907339824598	0.00741953177527248	0.968619884923914	0.537888747533622	1.39935102231421
PWY-5104	47	48	0.0916302301607227	0.085542137063788	0.00506650464904805	0.0107475321291962	0.722155268990696	0.301583685033987	1.1427268529474
PWY-5121	47	48	0.0842323864670861	0.0836629579559022	0.00852799916677564	0.00925202790975737	0.0639716036558762	-0.343633110492778	0.47157631780453
PWY-5154	47	48	0.0613258863030219	0.0571392031271691	0.00658600899257685	0.00936021947744498	0.516392805582373	0.102157161155564	0.930628450009182
PWY-5177	47	48	0.0166688234707263	0.0180865678727606	0.00821240476438132	0.0093169014411439	-0.161328072711179	-0.569490842108687	0.246834696686328
PWY-5178	47	48	0.00117308601504705	0.00108843443667506	0.00204019088461392	0.00179400279314002	0.0440957187060664	-0.363454306564709	0.451645743976842
PWY-5180	47	48	0.00869374068737863	0.0129408456007955	0.00593926919932433	0.00811120874189603	-0.59648595756492	-1.01294859131648	-0.180023323813362
PWY-5181	47	48	0.00392126240046889	0.003138702065798	0.00838757412443948	0.00559910853542092	0.109968068038616	-0.29784028636579	0.517776422443022
PWY-5182	47	48	0.00869374068737863	0.0129408456007955	0.00593926919932433	0.00811120874189603	-0.59648595756492	-1.01294859131648	-0.180023323813362
PWY-5183	47	48	0.000441770654931954	0.00047191843898883	0.0014885285349753	0.00149233228211938	-0.0202272750807409	-0.427738205599141	0.387283655437659
PWY-5188	47	48	0.050434184218378	0.0563100564387297	0.00734479079887602	0.0107657686062503	-0.636366669590433	-1.05405264803499	-0.218680691145879
PWY-5189	47	48	0.0483176451008233	0.0546108657058536	0.00697656790823419	0.0102960557747205	-0.714176121519513	-1.13446482334972	-0.293887419689311
PWY-5198	47	48	0.00198110040477206	0.00136213349341873	0.00349144385205209	0.00233662115931332	0.208786556795047	-0.199822554382792	0.617395667972885
PWY-5265	47	48	0.0106758418144458	0.0181058559593126	0.00745895136232724	0.0145173743350255	-0.641785958246817	-1.05964399429677	-0.223927922196866
PWY-5304	47	48	0.02962991527661	0.031329908759919	0.0110638742534136	0.0121781375186205	-0.146043341801283	-0.554086646482516	0.26199996287995
PWY-5345	47	48	0.0411724257928388	0.0397315267631991	0.0124183003300297	0.0119818456892648	0.118109592929077	-0.289746010781799	0.525965196639953
PWY-5347	47	48	0.0588025659627339	0.0646581512646803	0.00769558128113536	0.00832339777886517	-0.730212941192743	-1.15107318448008	-0.309352697905405
PWY-5384	47	48	0.0509342816907322	0.0439605204456966	0.0122456656519023	0.014865790276302	0.511539127148325	0.0974284918239561	0.925649762472695
PWY-5415	47	48	0.0045837463328298	0.00568859273187713	0.00409810028653385	0.00415202376994811	-0.267812982346093	-0.677135933844883	0.141509969152697
PWY-5417	47	48	0.00360167953761075	0.00263557548995381	0.0071394713036181	0.00490004279096006	0.158088481407129	-0.250047978255986	0.566224941070244
PWY-5419	47	48	0.000585925761194048	0.000985116700016609	0.00138529843372214	0.00187215188814222	-0.242021545074165	-0.651010990410389	0.166967900262058
PWY-5420	47	48	0.000724931731743171	0.00117722410374696	0.00173646110041279	0.00218005850094676	-0.229223634642512	-0.63806002644337	0.179612757158346
PWY-5430	47	48	0.000368708164974444	0.000546838954443998	0.0011610001661707	0.00131786088530764	-0.143335873407454	-0.551359251943623	0.264687505128715
PWY-5431	47	48	0.00360167953761075	0.00263557548995381	0.0071394713036181	0.00490004279096006	0.158088481407129	-0.250047978255986	0.566224941070244
PWY-5484	47	48	0.0761433470534479	0.0797537996331601	0.00618489877681876	0.00701759843203149	-0.545481832739407	-0.960490581498527	-0.130473083980288
PWY-5505	47	48	0.068204028342502	0.062176447311722	0.0104786671289243	0.0134169026793568	0.500071550082336	0.0862517248113965	0.913891375353276
PWY-5507	47	48	0.0151497329424666	0.0185064488227398	0.00764234879898742	0.00915589787604852	-0.397656334202682	-0.809164089110261	0.013851420704897
PWY-5509	47	48	0.0773494406209046	0.0736152267785152	0.00783142320900341	0.00939460131232727	0.43136351114307	0.0191516695770617	0.843575352709077
PWY-5529	47	48	0.000490550595423727	0.000939554204134478	0.00161247717612265	0.00230648687681234	-0.225217875639012	-0.634008058498531	0.183572307220507
PWY-5531	47	48	0.00201399704785724	0.0031766844313366	0.00254291329005373	0.00378130238535115	-0.360111264697825	-0.770900930692497	0.050678401296847
PWY-5532	47	48	0.00247565407330129	0.00278213534840434	0.00171681906437786	0.00259368697527865	-0.139056194081839	-0.547048834077496	0.268936445913819
PWY-5647	47	48	0.000205369402168713	0.000226439654699783	0.000557261129141618	0.000577984522940982	-0.0371067006770172	-0.444642274874128	0.370428873520094
PWY-5651	47	48	0.000356186466864389	0.000352307480268533	0.000810873706927959	0.000854956343379178	0.00465416863874038	-0.402846894427402	0.412155231704883
PWY-5654	47	48	0.000276821480387299	0.000402557698466808	0.000808777414608291	0.000976532502624353	-0.140098477543646	-0.548098518067013	0.267901562979722
PWY-5655	47	48	0.000223590720080614	0.000160445501761975	0.000685424867528537	0.000523510023019274	0.103686504982024	-0.304087696317351	0.511460706281398
PWY-5659	47	48	0.0732075138549638	0.0725196196470254	0.00612595911938422	0.0115760340403684	0.0740550784118793	-0.3335850683676	0.481695225191358
PWY-5667	47	48	0.0911883432402944	0.0916537239796967	0.00525183748148037	0.00562061497185015	-0.0855269633731333	-0.493213712225755	0.322159785479488
PWY-5675	47	48	0	3.91987565689117e-05	0	0.000271576951883518	-0.20303547536162	-0.611584431609268	0.205513480886027
PWY-5676	47	48	0.0480401904664362	0.0561533227577437	0.0102787117753077	0.0164215315838565	-0.59086127946755	-1.00715746682836	-0.174565092106736
PWY-5677	47	48	0.0163600662125305	0.0170956924487865	0.00540110266426474	0.0069820745399861	-0.117695087015375	-0.525548203780848	0.290158029750097
PWY-5686	47	48	0.0900858558293877	0.0903873242177445	0.00514629497863455	0.00538754758229895	-0.0572089810165012	-0.464792830648679	0.350374868615677
PWY-5695	47	48	0.0808251956288062	0.0812776677732131	0.00549665563025236	0.00764097665625849	-0.0678663264563794	-0.475484113114837	0.339751460202079
PWY-5705	47	48	0.011968476404728	0.0122721311892157	0.00392208413691989	0.00487233812501657	-0.0685778816825718	-0.476198140050858	0.339042376685715
PWY-5741	47	48	0.00608504038843616	0.0062191102269354	0.00570500974060391	0.00538348342089955	-0.0241791699007879	-0.431694569291544	0.383336229489968
PWY-5747	47	48	0.00543533873518577	0.00509437035236358	0.00893650974110605	0.00722712245394183	0.0420028699475623	-0.365542567109832	0.449548307004956
PWY-5823	47	48	0.00119794921489817	0.00100082240326484	0.00340102989945707	0.00289713104488967	0.0624522277401224	-0.345147595992543	0.470052051472787
PWY-5837	47	48	0.0169342327659007	0.0180771800972392	0.0121450847188124	0.0117857583611821	-0.0955255126152747	-0.503258337866972	0.312207312636422
PWY-5838	47	48	0.0254411274207117	0.0271301239305651	0.0146017129667869	0.0138119573770147	-0.118875799987839	-0.526736023752624	0.288984423776946
PWY-5840	47	48	0.0253333353532748	0.0271592146782271	0.014306030184115	0.0138102552875717	-0.129884985467311	-0.537814884214996	0.278044913280373
PWY-5845	47	48	0.0161720588268683	0.0166914676106452	0.0129469931849554	0.012995485891354	-0.0400422361656737	-0.447583577189384	0.367499104858036
PWY-5850	47	48	0.0161086569767947	0.0166914676106452	0.0130060323032638	0.012995485891354	-0.0448291613910059	-0.452380847379695	0.362722524597683
PWY-5855	47	48	0.0204473270871412	0.022879429310396	0.0110735933974441	0.0139850974182368	-0.19257813701446	-0.601021995769577	0.215865721740657
PWY-5856	47	48	0.0204473270871412	0.022879429310396	0.0110735933974441	0.0139850974182368	-0.19257813701446	-0.601021995769577	0.215865721740657
PWY-5857	47	48	0.0204473270871412	0.022879429310396	0.0110735933974441	0.0139850974182368	-0.19257813701446	-0.601021995769577	0.215865721740657
PWY-5860	47	48	0.013863654389326	0.0144306528557521	0.0119647531025371	0.0121465726505422	-0.0470265622740097	-0.454583387732221	0.360530263184201
PWY-5861	47	48	0.0224244965551056	0.0239590281051289	0.0140629200651853	0.0131997523766059	-0.1125557227251	-0.520378729471936	0.295267284021735
PWY-5862	47	48	0.0139156727209956	0.0144306528557521	0.0119186437289078	0.0121465726505422	-0.0427924352214754	-0.450339577069748	0.364754706626797
PWY-5863	47	48	0.0178975969701974	0.0190965963456314	0.0126044891745976	0.0120932602820566	-0.0970946263026145	-0.504835144001776	0.310645891396547
PWY-5896	47	48	0.0161086569767947	0.0166914676106452	0.0130060323032638	0.012995485891354	-0.0448291613910059	-0.452380847379695	0.362722524597683
PWY-5897	47	48	0.0244735104895716	0.0261077451290975	0.0144478433053853	0.0136301752843391	-0.116393786121217	-0.524239152077418	0.291451579834984
PWY-5898	47	48	0.0244735104895716	0.0261077451290975	0.0144478433053853	0.0136301752843391	-0.116393786121217	-0.524239152077418	0.291451579834984
PWY-5899	47	48	0.0244735104895716	0.0261077451290975	0.0144478433053853	0.0136301752843391	-0.116393786121217	-0.524239152077418	0.291451579834984
PWY-5910	47	48	0.00786506406090771	0.0167512950090302	0.0043106406142812	0.0110396310831091	-1.05621786624365	-1.49120134170205	-0.621234390785259
PWY-5913	47	48	0.0602710751329924	0.0617873491100323	0.0122822438033251	0.0114584443278364	-0.127707080423178	-0.535622707274208	0.280208546427853
PWY-5918	47	48	0.0266354620731566	0.0285523373798847	0.0099208021140391	0.0108189053885755	-0.184591912850297	-0.592959233937128	0.223775408236535
PWY-5920	47	48	0.0172844233925271	0.0179114478583098	0.00864712968697012	0.0122471733567072	-0.0590410497157667	-0.466630321893198	0.348548222461665
PWY-5941	47	48	0.00275413432898187	0.00216695505691269	0.00821314953975488	0.00728574598672292	0.0756837211683036	-0.331962633845956	0.483330076182563
PWY-5971	47	48	0.0591316521438501	0.0576395635543541	0.0152650115570078	0.0171336306781898	0.0918984898285854	-0.315817033385972	0.499614013043143
PWY-5973	47	48	0.0963182625922376	0.094887108229821	0.00300575137373099	0.00405636291402338	0.400266910164262	-0.0112933714195346	0.811827191748058
PWY-5989	47	48	0.0733168839792075	0.0628884584525941	0.0163260311465784	0.0177260053535347	0.611712481925614	0.194791693206071	1.02863327064516
PWY-6071	47	48	0.0023039552980808	0.0017400932928835	0.00411449113903423	0.00224393846770192	0.170646442194166	-0.237594969765928	0.57888785415426
PWY-6107	47	48	0.00198957764190404	0.0016520539406759	0.0058588302140688	0.00360770107279947	0.069542824955596	-0.338080826470169	0.477166476381361
PWY-6121	47	48	0.0889487705387554	0.0893503175119351	0.00431793732948945	0.00517099732490533	-0.0842141149884475	-0.491895191449976	0.323466961473081
PWY-6122	47	48	0.0877759788494628	0.0883532890984251	0.00482828315578879	0.00575232748045911	-0.108611102667703	-0.516411909389158	0.299189704053752
PWY-6123	47	48	0.0867862853268924	0.0871658895304334	0.00474973211005855	0.00600825849852703	-0.0700067571766456	-0.477632056806674	0.337618542453383
PWY-6125	47	48	0.0690259531479125	0.0694045142022275	0.00564324850364792	0.00664350985859995	-0.061364453132807	-0.468960847813059	0.346231941547445
PWY-6126	47	48	0.0901431593008477	0.0911689597914091	0.00454052220124427	0.00591463934034976	-0.194285657399278	-0.602746299204876	0.21417498440632
PWY-6141	47	48	0.00199749549444297	0.00131472273466128	0.0035624431368156	0.00236243485771088	0.226364025541144	-0.182439296209749	0.635167347292037
PWY-6143	47	48	0.000581689894756896	0.00324003517091283	0.00206524047149782	0.0064453911614857	-0.553047616735445	-0.968264137915093	-0.137831095555797
PWY-6147	47	48	0.0686678029950451	0.0741523472641983	0.00717611711588848	0.00919165079480313	-0.664274154527077	-1.0828609743267	-0.245687334727455
PWY-6148	47	48	0.00263541933439301	0.00174306186373582	0.00458345276481067	0.00308190558717179	0.228951075293142	-0.179882146702732	0.637784297289015
PWY-6151	47	48	0.0756715490279388	0.0717364107635124	0.00590426173885875	0.00999206752870918	0.478260984445256	0.0649765998981118	0.8915453689924
PWY-6163	47	48	0.0859916047516487	0.0855271579496103	0.00423594821349666	0.00483399105472837	0.102120561045605	-0.305645438450982	0.509886560542192
PWY-6165	47	48	0.00407259339772114	0.00408666680006849	0.00371844512970522	0.00364078722405524	-0.00382491407926205	-0.411325798086345	0.403675969927821
PWY-6167	47	48	0.0034192832855882	0.00231744065276789	0.00598612216456951	0.00402948567274246	0.216381235033053	-0.192309874723635	0.625072344789741
PWY-6174	47	48	0.00237585256788924	0.00170844732812845	0.00404393613018269	0.00293956486500734	0.189105599894148	-0.219304582566695	0.597515782354991
PWY-6182	47	48	0.00339509676823553	0.00266495217274597	0.00735398619079026	0.00519199312379167	0.114911290537778	-0.292925350208269	0.522747931283825
PWY-6185	47	48	0.00266539218809004	0.00216704550957036	0.00578091463069372	0.00407243923283581	0.0998464985213967	-0.307907812271005	0.507600809313798
PWY-621	47	48	0.076015932688128	0.0740434513695099	0.0102298632848393	0.0120812809463104	0.17605419824129	-0.232234869713628	0.584343266196208
PWY-6210	47	48	9.35203319604237e-05	6.14169754293128e-05	0.000365191519865742	0.000247526033901754	0.103115208311683	-0.304655986316818	0.510886402940185
PWY-6263	47	48	0.0204896938872553	0.0224826440425999	0.00998465676672184	0.0115921567781603	-0.184073589436171	-0.592436054584938	0.224288875712595
PWY-6269	47	48	0.0776018001948116	0.073733181115103	0.00783537184539283	0.00933949324882807	0.448361228069557	0.0357731101107668	0.860949346028347
PWY-6277	47	48	0.0877759788494628	0.0883532890984251	0.00482828315578879	0.00575232748045911	-0.108611102667703	-0.516411909389158	0.299189704053752
PWY-6282	47	48	0.0728506570199727	0.0625032709034375	0.0153135989372101	0.0171443273946776	0.636191357009502	0.218510921398956	1.05387179262005
PWY-6317	47	48	0.0784325924558411	0.0776665127863014	0.0114712668633956	0.0133511674117221	0.0614987490836704	-0.346098065686637	0.469095563853978
PWY-6338	47	48	0.000419362482279765	0.000403518793294673	0.00156023407064112	0.00158525651298287	0.0100727262358935	-0.397430368968551	0.417575821440338
PWY-6339	47	48	0.000192039328435174	0	0.00101281194135067	0	0.269602505451416	-0.139744827336627	0.67894983823946
PWY-6349	47	48	0.00212385918411828	0.00140360232825991	0.00375727423046	0.0025224398987881	0.225540894281633	-0.183252984795749	0.634334773359015
PWY-6350	47	48	0.00206573019985949	0.00136313615075113	0.00366645226580706	0.00245328433524689	0.225696145949497	-0.183099511505147	0.634491803404142
PWY-6353	47	48	0.0495213503104374	0.0490159366180913	0.0073756052786496	0.00914164305561717	0.0607823999342455	-0.346812184640861	0.468376984509352
PWY-6383	47	48	0.00154920038882768	0.00237603847721009	0.00135676750389855	0.00263431640007654	-0.393392102897161	-0.804814783401437	0.0180305776071151
PWY-6385	47	48	0.084596885138461	0.0851159710249094	0.00476158116943371	0.00540861206173717	-0.101804546992692	-0.509568906446525	0.305959812461142
PWY-6386	47	48	0.0853226627310685	0.0858082957895705	0.00495999549528603	0.00546814325401898	-0.0929800002413863	-0.500700612607014	0.314740612124242
PWY-6387	47	48	0.085297703325604	0.0858224289863501	0.00476043226867186	0.00541512237829434	-0.102850914251452	-0.510620723542423	0.304918895039519
PWY-6396	47	48	0.00789022001135344	0.0119888208265579	0.00543010852892072	0.0133899957393887	-0.399612650626741	-0.811159736390678	0.0119344351371957
PWY-6397	47	48	0.000227124135942719	0.000303258654836865	0.000547357137331369	0.000611225068571591	-0.131150324775051	-0.539088625944112	0.276787976394009
PWY-6404	47	48	4.45081146313931e-05	0	0.000305132260827887	0	0.207402329252744	-0.201192150524406	0.615996809029894
PWY-6467	47	48	0.0538779422342712	0.0526248583840842	0.00860294696687686	0.0110556121559981	0.126337262354171	-0.281569511404433	0.534244036112775
PWY-6470	47	48	0.0133255875052264	0.0226571186998715	0.00686364371827702	0.0117158941221506	-0.969353021915706	-1.4001183885668	-0.538587655264615
PWY-6471	47	48	0.0562220699665078	0.0531236754391496	0.0126450576954469	0.0122843613220444	0.248585999005971	-0.160485154513936	0.657657152525878
PWY-6478	47	48	0.0261594277387734	0.0264027331736792	0.00656369364076652	0.00731559991704733	-0.0349885522907888	-0.442520237936821	0.372543133355243
PWY-6505	47	48	0.000138471164206043	7.91254738771446e-05	0.000545357721697732	0.000353339139818566	0.129440051813421	-0.278486911692083	0.537367015318926
PWY-6507	47	48	0.0659681789362057	0.0592728367168077	0.0120355329556346	0.0131819100027452	0.530202401797834	0.115604838870062	0.944799964725605
PWY-6519	47	48	0.0671079498513371	0.0621300509963233	0.0118729872546943	0.0125418434922291	0.407503774995891	-0.00420387878345962	0.819211428775243
PWY-6545	47	48	0.0486237928149356	0.0467781470344697	0.00943142130800745	0.0110618713388552	0.179402113104365	-0.228917200645768	0.587721426854498
PWY-6562	47	48	0.0028527604760271	0.0032057770601435	0.00451217088332767	0.00382930199430871	-0.0844329623950714	-0.492114978336256	0.323249053546114
PWY-6572	47	48	0.0345707462219594	0.0361470669261821	0.0132797405730404	0.0147401642328962	-0.112299085155006	-0.520120623517711	0.295522453207699
PWY-6581	47	48	0	2.68072995549326e-05	0	0.000185726419371447	-0.20303547536162	-0.611584431609268	0.205513480886027
PWY-6588	47	48	0.042246133236314	0.0519466739636319	0.0124132193177936	0.0158360824985944	-0.680920600734724	-1.10006220162873	-0.261778999840719
PWY-6590	47	48	0.0256240831529941	0.025779822136865	0.0120000336634866	0.0113905134195641	-0.0133156138119371	-0.420820640484577	0.394189412860702
PWY-6608	47	48	0.0499496186379432	0.0487188511735964	0.00930292501289041	0.0117305737683071	0.116115349832035	-0.291728368874553	0.523959068538624
PWY-6609	47	48	0.0844688613351636	0.0842039331322242	0.0101328116476141	0.0117103910166406	0.0241755791130928	-0.383339815856128	0.431690974082314
PWY-6612	47	48	0.0704413007325891	0.0738637845215045	0.00561433790847407	0.00678655224333466	-0.548971509166345	-0.964075749137901	-0.13386726919479
PWY-6628	47	48	0.0541367940872398	0.0662375973385763	0.0107070604968337	0.0107304396685003	-1.12892399425907	-1.5676813336342	-0.690166654883945
PWY-6629	47	48	0.0194184011123503	0.0206644352775046	0.0177708134094495	0.0176223773822187	-0.0704135101993876	-0.478040263904687	0.337213243505912
PWY-6630	47	48	0.0539006002894277	0.0657206140572531	0.0104463616376049	0.0104048794213216	-1.13376879595557	-1.57278533661591	-0.694752255295244
PWY-6641	47	48	0.00610807226604186	0.00435469710783257	0.00607114253540246	0.00473995661731778	0.322355150568126	-0.0877830643980473	0.7324933655343
PWY-6654	47	48	0.00262859567966492	0.0017681871903838	0.00467757159517369	0.00311437422002767	0.216981622796032	-0.191716093484814	0.625679339076878
PWY-6690	47	48	0.000551608122415123	0.000435751006886702	0.00165693890213451	0.00132627909446307	0.0772908590675217	-0.330361754496725	0.484943472631768
PWY-6700	47	48	0.0674356193301799	0.0676452828936398	0.00636865107864364	0.00867253440607936	-0.0275129625853722	-0.435032750362772	0.380006825192028
PWY-6703	47	48	0.062116600165331	0.0602248314620556	0.00598791895838664	0.00833665918981346	0.260202201174783	-0.149018855571718	0.669423257921285
PWY-6708	47	48	0.0204473270871412	0.022879429310396	0.0110735933974441	0.0139850974182368	-0.19257813701446	-0.601021995769577	0.215865721740657
PWY-6713	47	48	0.000498070400740342	0.000712117392638783	0.000739404559162905	0.00135844490915375	-0.195151228330885	-0.60362043406805	0.213317977406279
PWY-6728	47	48	0.00674479298089705	0.00869825793132687	0.0051293130273195	0.00623406713680452	-0.341850322500011	-0.752316039597982	0.0686153945979602
PWY-6731	47	48	0.000268388313321951	0.000519906904725692	0.00100810405504469	0.00143081593911418	-0.202857574368765	-0.611404696465502	0.205689547727971
PWY-6737	47	48	0.0986339865122395	0.0958979832271583	0.00811808122365807	0.00925179564426154	0.314140180069464	-0.0958657137469539	0.724146073885882
PWY-6749	47	48	0.0394256705406578	0.0326346030049678	0.0124454356309964	0.0144917056195631	0.502359532006785	0.0884821953473802	0.916236868666191
PWY-6876	47	48	0.00775266901389203	0.00751345882991527	0.00682117804097068	0.0073745854949983	0.03366196379208	-0.373867402814705	0.441191330398865
PWY-6891	47	48	0.030006144764829	0.0423462451628562	0.00988968473652158	0.0164620033313154	-0.906447163777215	-1.33436042735729	-0.478533900197142
PWY-6892	47	48	0.071490991837024	0.0742949514959953	0.00940592351659762	0.00925762487216489	-0.300490631813567	-0.710284131153137	0.109302867526004
PWY-6895	47	48	0.048027322532664	0.054651899435264	0.00989583678349128	0.0124425593667115	-0.588582092166549	-1.00481126362884	-0.172352920704259
PWY-6897	47	48	0.0715816796907522	0.0712398360980153	0.00489657603382168	0.00710451180512387	0.0559215331771163	-0.351658608088791	0.463501674443024
PWY-6901	47	48	0.0641928161105285	0.0623391485664515	0.00809477756256605	0.0101551073562691	0.201619079680708	-0.206915317924841	0.610153477286258
PWY-6906	47	48	0.00321587401159278	0.00408000885211267	0.00298450113114467	0.00362112551436623	-0.260162320065976	-0.669382850546348	0.149058210414397
PWY-6944	47	48	0.00030615923877496	0.000184243538055309	0.000866028722026379	0.000519153532996855	0.171190105228882	-0.237056030807888	0.579436241265652
PWY-6948	47	48	1.54682801350062e-05	0	0.000106045185867848	0	0.207402329252744	-0.201192150524406	0.615996809029894
PWY-6957	47	48	0.000435011264308878	0.00037823358315169	0.00205992050704314	0.00195181736332068	0.0283037032351854	-0.379217208466008	0.435824614936378
PWY-6969	47	48	0.0766497982926814	0.0746244414564228	0.00557990550456103	0.00724919229138002	0.312674961736986	-0.0973076858647278	0.722657609338699
PWY-6992	47	48	0.000988540263514844	0.00150683169589618	0.00183174552443546	0.00218256186370952	-0.257002090074654	-0.666181172886082	0.152176992736774
PWY-7003	47	48	0.0180525933609329	0.0221940994685512	0.0125824900790186	0.0129279702265227	-0.324613788651114	-0.73478897523689	0.0855613979346629
PWY-7007	47	48	0.000512555675942484	0.00062016233090377	0.000967256203994088	0.00125883033949299	-0.0957266383559148	-0.503460442615061	0.312007165903232
PWY-7013	47	48	0.0179311378303581	0.0175778963178457	0.0109535562796994	0.0107760666865521	0.0325142093564254	-0.375013223141298	0.440041641854149
PWY-7031	47	48	0.000828658491524273	0.00433693146588487	0.00203515608261912	0.00648467108319226	-0.726797371855189	-1.14753488835495	-0.306059855355425
PWY-7046	47	48	0.000154816622609749	0.000127591219745033	0.000407711866538202	0.000517566793080144	0.0583641553507761	-0.349223093459048	0.4659514041606
PWY-7090	47	48	0.00825978672973436	0.00714533757228356	0.00359333571277746	0.00292103298784873	0.340717727229986	-0.0697284445671612	0.751163899027133
PWY-7094	47	48	0.0141341434705492	0.0140706436631133	0.0178458559653651	0.0144536332354102	0.00391480698796344	-0.403586094736944	0.411415708712871
PWY-7097	47	48	0.000419362482279765	0.000403518793294672	0.00156023407064112	0.00158525651298287	0.0100727262358935	-0.397430368968551	0.417575821440338
PWY-7098	47	48	0.000444164296476891	0.000426811627205099	0.00165365353077174	0.00167941719428046	0.0104112455862951	-0.397092026203582	0.417914517376172
PWY-7111	47	48	0.0969350869212634	0.0899971572080505	0.00643707985858571	0.0118812937333007	0.723971799189106	0.303335401967651	1.14460819641056
PWY-7159	47	48	0.00201399704785724	0.0031766844313366	0.00254291329005373	0.00378130238535115	-0.360111264697825	-0.770900930692497	0.050678401296847
PWY-7184	47	48	0.0571364897973843	0.0590669037938582	0.00533102175468192	0.00705013885337653	-0.30841629334963	-0.718331985269531	0.101499398570272
PWY-7187	47	48	0.0621156040855458	0.0639980544505739	0.00568643434793698	0.00472844872685875	-0.360326320211962	-0.77111990014133	0.050467259717407
PWY-7196	47	48	0.069760716137819	0.0686273993479572	0.00886164702329842	0.00805958536634899	0.133869909189688	-0.274086726330486	0.541826544709862
PWY-7197	47	48	0.0575888927811088	0.0577584636828601	0.00670964391926667	0.00734794289654829	-0.0240886143592315	-0.431603902444484	0.383426673726021
PWY-7198	47	48	0.0226305400866163	0.0203203613018265	0.0065850194060603	0.00750210958377137	0.327063600666365	-0.0831519748967819	0.737279176229513
PWY-7199	47	48	0.0703221578794826	0.0704983840115954	0.00809113538463476	0.00698133280922345	-0.0233390995570177	-0.430853482415911	0.384175283301875
PWY-7200	47	48	0.0590182587595445	0.0598783927434111	0.00582856517181978	0.00548453435644829	-0.152039244152596	-0.560128000407342	0.25604951210215
PWY-7208	47	48	0.0909642240897442	0.0883721596228314	0.00544226135882346	0.00560068648729369	0.469330863843245	0.0562590138449491	0.88240271384154
PWY-7209	47	48	0.000756355198974428	0.000697569674949811	0.00178591077033648	0.00187777041766392	0.0320722379104525	-0.37545446769951	0.439598943520415
PWY-7210	47	48	0.0257101057365971	0.0232053917050603	0.0070534607147827	0.00808351490283041	0.329936026044015	-0.0803272875688029	0.740199339656832
PWY-7211	47	48	0.049493497725038	0.0487965181940042	0.0085594365356436	0.009731969755566	0.0760001644023713	-0.331647412521989	0.483647741326732
PWY-7219	47	48	0.092125033828098	0.0923225013739366	0.00450000747644533	0.00557742720132508	-0.0389237446978162	-0.446462836716388	0.368615347320756
PWY-722	47	48	0.00217483041808409	0.00174609945602567	0.00729262188568951	0.00537815695326282	0.0670194610203151	-0.340595417485271	0.474634339525901
PWY-7220	47	48	0.0898299949385181	0.0926447652129401	0.00620083228194522	0.00756937719581433	-0.406386265313553	-0.818070993087544	0.00529846246043686
PWY-7221	47	48	0.0869240385755872	0.0875595074880874	0.00434282836541554	0.00527535466233799	-0.131386727912365	-0.53932660791636	0.276553152091631
PWY-7222	47	48	0.0898299949385181	0.0926447652129401	0.00620083228194522	0.00756937719581433	-0.406386265313553	-0.818070993087544	0.00529846246043686
PWY-7228	47	48	0.0666182744498649	0.0671568643866556	0.00622223733497244	0.00719019718578694	-0.0800419318367771	-0.487705563671629	0.327621699998075
PWY-7229	47	48	0.0917390525276352	0.0928703880011623	0.00455025913295773	0.00589237048550781	-0.214617121669491	-0.623288924844737	0.194054681505754
PWY-7234	47	48	0.035376299208839	0.0381308193691015	0.00978760059694552	0.012437933494235	-0.245815530396768	-0.654851935034401	0.163220874240866
PWY-7237	47	48	0.025811532911729	0.024781400277007	0.00920768687057895	0.0113677025703749	0.0994742447019572	-0.308278177741219	0.507226667145133
PWY-7242	47	48	0.0717448042582199	0.0662599787000431	0.00872568151648425	0.0107518464039513	0.559553636763236	0.144156242499665	0.974951031026807
PWY-7254	47	48	0.0268129665573042	0.0302860939105601	0.00992641086368425	0.0165240944898322	-0.254165206830395	-0.663307510734113	0.154977097073324
PWY-7255	47	48	2.51925813121004e-05	9.58455311372815e-05	0.000124047038030905	0.000567170753717275	-0.171266963566936	-0.579513768660362	0.236979841526489
PWY-7286	47	48	0.00215980026651938	0.00141997881979959	0.00386617200454998	0.00256591242686866	0.225952278603438	-0.182846315458176	0.634750872665053
PWY-7295	47	48	0.00129037376992852	0.000394604203220437	0.00596744277865323	0.00121247721405587	0.209073576451648	-0.199538580664644	0.617685733567939
PWY-7315	47	48	0.0265388999129898	0.024815271493154	0.0085066331188368	0.0101525523488878	0.183860963775699	-0.224499513312091	0.592221440863489
PWY-7323	47	48	0.0622947845101101	0.0605399633221348	0.00818469346066202	0.0117034338693519	0.173450739703552	-0.234815200322644	0.581716679729747
PWY-7328	47	48	0.0283789007256514	0.0255603649876997	0.0100456648809026	0.00975103470320748	0.284762077361802	-0.124798248600698	0.694322403324303
PWY-7332	47	48	0.0247127302081501	0.0210168662598481	0.00989645303080588	0.00996819893763861	0.372087699075225	-0.0389234335486068	0.783098831699056
PWY-7347	47	48	0.00386534936398024	0.00548038210065134	0.00347975599080446	0.0041161536196912	-0.423374264855592	-0.835414158455428	-0.0113343712557555
PWY-7371	47	48	0.0130947027398369	0.0161517055601447	0.00711495227624615	0.0118256834044549	-0.312469241557197	-0.722448633929791	0.097510150815397
PWY-7373	47	48	0.0013112528975533	0.00588195833926181	0.00292077728575001	0.00739457775143016	-0.80985048222142	-1.23372411135896	-0.385976853083884
PWY-7374	47	48	0.0108122746373403	0.00873336995846288	0.00578755276007713	0.0046503858481988	0.396452383548336	-0.0150312605626205	0.807936027659293
PWY-7376	47	48	0.0104416051136439	0.0138055539651477	0.00954671471075251	0.0132013654225028	-0.291521673687012	-0.701180690102668	0.118137342728644
PWY-7377	47	48	0.0261525431361923	0.0410252926872157	0.0119451552627887	0.0189328244496679	-0.93739874416328	-1.36669378896521	-0.508103699361347
PWY-7391	47	48	0.00194024212332363	0.00199686830688678	0.00260641884532535	0.00306685690350644	-0.0198797805412563	-0.42739035614993	0.387630795067418
PWY-7392	47	48	0.0366211072756535	0.0430242153762745	0.0145775551219299	0.0140416291237979	-0.447481289230827	-0.86004957977511	-0.0349129986865447
PWY-7400	47	48	0.0719509751386051	0.0686765036443948	0.00657043184915751	0.00736650475665397	0.468846688475092	0.0557862503342443	0.88190712661594
PWY-7431	47	48	0.00958467657781424	0.0104244585766104	0.0069423015211339	0.00713420594837151	-0.119288243694966	-0.527150966748321	0.288574479358389
PWY-7446	47	48	0.00161998209195997	0.00133803209345106	0.00252419762922783	0.0016579218063247	0.132316053107601	-0.275630060958851	0.540262167174054
PWY-7456	47	48	0.0533060181543254	0.0499794314260734	0.01073843371722	0.010980452974136	0.306275530040251	-0.103606847064855	0.716157907145356
PWY-7527	47	48	8.94910197206051e-05	0.000221341547901798	0.000392458260686747	0.000773555774295178	-0.214286295194525	-0.622954495278913	0.194381904889863
PWY-7539	47	48	0.0708448790180925	0.0759071210811788	0.00770594715823947	0.00921814809582354	-0.595287979583395	-1.01171503599786	-0.178860923168925
PWY-7560	47	48	0.0864946214917841	0.0859344670575129	0.00516471029836975	0.00649851821603235	0.0953171367269693	-0.312414676395484	0.503048949849422
PWY-7616	47	48	0.000719202692694749	0.00106278599624183	0.001125415577175	0.00181269792037779	-0.227191453073954	-0.636004301231555	0.181621395083647
PWY-7644	47	48	0	6.96823849208231e-05	0	0.000482773724301748	-0.20303547536162	-0.611584431609268	0.205513480886027
PWY-7663	47	48	0.100112345046109	0.0974809103273948	0.00399953124102611	0.0047173025680216	0.601194297716982	0.184591173244161	1.0177974221898
PWY-7664	47	48	0.0749798762984069	0.0648547350919926	0.0145731113475603	0.0167080332011257	0.645390135477613	0.227416901757824	1.0633633691974
PWY-841	47	48	0.074472889311269	0.0748490579750352	0.00445830657976398	0.00549334080164533	-0.0751106172484419	-0.482754772254837	0.332533537757953
PWY-922	47	48	0.00660776388921953	0.0142465591974498	0.00364687650702026	0.00960958623094203	-1.04683375172323	-1.48134614799948	-0.612321355446984
PWY0-1061	47	48	0.0459444687550943	0.0424467939724772	0.0101015366048797	0.0126166165307155	0.305689863176384	-0.104183439667289	0.715563166020058
PWY0-1241	47	48	0.0275917794859293	0.0306253270919752	0.00748588781356129	0.0103616714102798	-0.335045628901635	-0.745394878854619	0.075303621051349
PWY0-1261	47	48	0.0597727944195547	0.0566980776425063	0.0103629036058475	0.0112395496125312	0.28430573663361	-0.12524800931103	0.693859482578249
PWY0-1277	47	48	0.00087731300860834	0.000713707552677235	0.00253595364519791	0.00210839933336709	0.0702258053603736	-0.337400276284844	0.477851887005592
PWY0-1296	47	48	0.0692776026320683	0.0668377445856653	0.0112683440747048	0.0115754752266886	0.213561924328364	-0.195098405801002	0.62222225445773
PWY0-1297	47	48	0.0638797523100003	0.0602920136970276	0.010202169534588	0.0109543492474939	0.33881803755837	-0.0715954946822551	0.749231569798995
PWY0-1298	47	48	0.0637110692354975	0.0616055805176856	0.0104405917815477	0.0101949701713771	0.204075765801967	-0.20448394781524	0.612635479419175
PWY0-1319	47	48	0.0911883432402944	0.0916537239796967	0.00525183748148037	0.00562061497185015	-0.0855269633731333	-0.493213712225755	0.322159785479488
PWY0-1338	47	48	0.0071592830893674	0.00775781035687295	0.00752788344909764	0.00961259054206804	-0.06923783752788	-0.476860411396522	0.338384736340762
PWY0-1415	47	48	0.0177616265311709	0.0181675500047403	0.00742529909259444	0.00888054613304155	-0.049544452567138	-0.457107469303834	0.358018564169558
PWY0-1479	47	48	0.0274628711546597	0.0265256186650722	0.0101722829420299	0.0100415706793337	0.0927381867633079	-0.314981282563212	0.500457656089828
PWY0-1533	47	48	0.020092443295655	0.0176158657222955	0.00857131758955428	0.00979664112705433	0.268872824386894	-0.140464547459041	0.67821019623283
PWY0-1586	47	48	0.0637145220973903	0.0651014811312169	0.00974582673609064	0.0117394571233652	-0.128428582457691	-0.536348910662957	0.279491745747575
PWY0-162	47	48	0.0738217341322883	0.0734752695551136	0.00486348628796336	0.00594211304152012	0.063742033538489	-0.343861934157902	0.47134600123488
PWY0-166	47	48	0.0624730091516486	0.0647335302653555	0.00441019360625868	0.00521577057698389	-0.467617818404176	-0.880649343948416	-0.0545862928599356
PWY0-321	47	48	0.0036984227926727	0.00250627079466498	0.00855377905574121	0.00536305500417858	0.167384897269267	-0.240828488350508	0.575598282889042
PWY0-41	47	48	0.00177615059038408	0.003914595182124	0.00207784282489572	0.00439644819345507	-0.619805170055064	-1.03697395151065	-0.202636388599473
PWY0-42	47	48	0.00371979531153247	0.00343668947534938	0.00527996577995439	0.00438498769453896	0.058392109366447	-0.349195222541645	0.465979441274539
PWY0-781	47	48	0.0511153209423281	0.0570868450731882	0.00768808675785658	0.00812989090940441	-0.754509314909778	-1.17625810186037	-0.332760527959183
PWY0-845	47	48	0.0457816148750095	0.0463537442537826	0.0100179330395133	0.0108337643111617	-0.0548110755807622	-0.462388086053532	0.352765934892008
PWY0-862	47	48	0.0721353923822575	0.0622071630135091	0.0150865729100976	0.0168216797695598	0.621018567943799	0.203812334899699	1.0382248009879
PWY1G-0	47	48	0.000508477958569639	0.000612201628425027	0.000750063802211082	0.00107217979458108	-0.111897669014875	-0.519716917335716	0.295921579305965
PWY490-3	47	48	0.0430493821510556	0.0348888654199353	0.0110801457277075	0.0124326205325757	0.692562684760319	0.273025374262492	1.11209999525815
PWY4FS-7	47	48	0.0830097935465443	0.0849272598200803	0.00709655150252891	0.00625982397454653	-0.286754452856967	-0.696343629430878	0.122834723716944
PWY4FS-8	47	48	0.0830097935465443	0.0849272598200803	0.00709655150252891	0.00625982397454653	-0.286754452856967	-0.696343629430878	0.122834723716944
PWYG-321	47	48	0.075435351276868	0.0652626711524492	0.0144133863214694	0.0166636243811206	0.65246092903665	0.234259915922964	1.07066194215034
PYRIDNUCSAL-PWY	47	48	0.0770072072953792	0.0749253027919193	0.0045863373617816	0.00541411008206084	0.414576896565486	0.00272270570127481	0.826431087429698
PYRIDNUCSYN-PWY	47	48	0.0749928993941008	0.0742189891590559	0.00475528668397895	0.00551277975335955	0.150214196646917	-0.257860531907749	0.558288925201582
PYRIDOXSYN-PWY	47	48	0.0408654489374919	0.041331068425982	0.00965283925824831	0.010266605082219	-0.0467126126600645	-0.454268688773786	0.360843463453656
REDCITCYC	47	48	0.033207387272076	0.0334865273384337	0.0154751126778929	0.0159335149097833	-0.0177700575279596	-0.425278610401786	0.389738495345867
RHAMCAT-PWY	47	48	0.0540619777711368	0.0501288726265895	0.0115927672807546	0.011932142931976	0.3342912791671	-0.0760452017285216	0.744627760062722
RIBOSYN2-PWY	47	48	0.0758277870770228	0.0781393446276513	0.00386789534733934	0.00604246927935857	-0.454630498295404	-0.867360979320635	-0.0419000172701739
RUMP-PWY	47	48	0.0202726809135497	0.0204742638785722	0.0100512611114707	0.00950450691034471	-0.0206143560035716	-0.428125689103254	0.386896977096111
SALVADEHYPOX-PWY	47	48	0.0462155116896759	0.0460333847666375	0.0125366986698602	0.0127890548086415	0.0143804901544169	-0.393125287574878	0.421886267883712
SER-GLYSYN-PWY	47	48	0.085588138337432	0.0833052015708645	0.00467738094961818	0.00534501503853882	0.454235830305982	0.041514368279539	0.866957292332424
SO4ASSIM-PWY	47	48	0.0428601251265669	0.0394178444573804	0.00770185696718296	0.0125457689389838	0.329885123285255	-0.0803773407685958	0.740147587339105
SUCSYN-PWY	47	48	0.00657172338290589	0.0091376311569692	0.00572548539522694	0.00658139181582452	-0.41567359602668	-0.82755072879163	-0.00379646326172917
SULFATE-CYS-PWY	47	48	0.0554882890082536	0.0509974979238954	0.00676521504270334	0.0117208084984658	0.468031351744792	0.0549901049202892	0.881072598569296
TCA	47	48	0.0687800047287939	0.0686798827389297	0.00802212416627967	0.00882067252104754	0.0118696220655383	-0.395634477206079	0.419373721337155
TCA-GLYOX-BYPASS	47	48	0.0173269223239807	0.0199772202113337	0.0148719017715584	0.0171017983287361	-0.165254884747674	-0.573450258161924	0.242940488666575
TEICHOICACID-PWY	47	48	0.0244965866557181	0.0255115492136725	0.00622244974285625	0.00793333924733598	-0.142180925790559	-0.550195917424525	0.265834065843406
THISYN-PWY	47	48	0.0676195179187528	0.0678080636088355	0.00842358029837134	0.00855759087523804	-0.0222038658315226	-0.42971693209433	0.385309200431285
THREOCAT-PWY	47	48	0.00338132411448743	0.00343295058300459	0.00604870171939388	0.00510667833961966	-0.00923138692695431	-0.416734068533281	0.398271294679373
THRESYN-PWY	47	48	0.0887652664688857	0.0878925732816756	0.00372292308093417	0.00430340119947784	0.216723671543641	-0.191971204073172	0.625418547160453
TRNA-CHARGING-PWY	47	48	0.0857085475185349	0.0858022044860316	0.00461824973389499	0.00743149900892045	-0.0151020428287902	-0.422608362293196	0.392404276635616
TRPSYN-PWY	47	48	0.0752408001621104	0.0716726830830169	0.00416168557659964	0.00597294974145803	0.69187285497501	0.272359167992799	1.11138654195722
TYRFUMCAT-PWY	47	48	0.00892114379565141	0.0100011794180524	0.0106585531797545	0.0136438419521864	-0.0881053852846853	-0.495803529815258	0.319592759245888
UBISYN-PWY	47	48	0.0201561182237666	0.0214654112742273	0.0100883515259744	0.0107401092596389	-0.125617812523169	-0.533519974663275	0.282284349616936
UDPNAGSYN-PWY	47	48	0.0651952886355831	0.0686711126746885	0.0102307641792425	0.00949673862658319	-0.352280681281025	-0.762929400114409	0.0583680375523578
VALDEG-PWY	47	48	0.00213653092627775	0.00174377689342217	0.00430409609253296	0.00289695788035864	0.107274909957557	-0.300518556061102	0.515068375976217
VALSYN-PWY	47	48	0.0920294036225473	0.0862572432177127	0.00408156607995738	0.0075533656590516	0.947997095431422	0.518219293088064	1.37777489777478
CENTBENZCOA-PWY	47	48	0	0	0	0	NA	NA	NA
PWY-7185	47	48	0	0	0	0	NA	NA	NA
PWY-7316	47	48	0	0	0	0	NA	NA	NA
PWY-5266	47	48	0	0	0	0	NA	NA	NA
PWY-5499	47	48	0	0	0	0	NA	NA	NA
PWY-6113	47	48	0	0	0	0	NA	NA	NA
PWY-6284	47	48	0	0	0	0	NA	NA	NA
PWY-6285	47	48	0	0	0	0	NA	NA	NA
PWY-7084	47	48	0	0	0	0	NA	NA	NA
PWY-7398	47	48	0	0	0	0	NA	NA	NA
PWY-1422	47	48	0	0	0	0	NA	NA	NA
PWY-3941	47	48	0	0	0	0	NA	NA	NA
PWY-5273	47	48	0	0	0	0	NA	NA	NA
PWY-5392	47	48	0	0	0	0	NA	NA	NA
PWY-622	47	48	0	0	0	0	NA	NA	NA
PWY-6660	47	48	0	0	0	0	NA	NA	NA
PWY-7002	47	48	0	0	0	0	NA	NA	NA
PWY-7385	47	48	0	0	0	0	NA	NA	NA
PWY-2221	47	48	0	0	0	0	NA	NA	NA
PWY-3081	47	48	0	0	0	0	NA	NA	NA
PWY-5427	47	48	0	0	0	0	NA	NA	NA
PWY-5656	47	48	0	0	0	0	NA	NA	NA
PWY-5743	47	48	0	0	0	0	NA	NA	NA
PWY-5744	47	48	0	0	0	0	NA	NA	NA
PWY-6565	47	48	0	0	0	0	NA	NA	NA
PWY-6915	47	48	0	0	0	0	NA	NA	NA
PWY-6919	47	48	0	0	0	0	NA	NA	NA
PWY-6942	47	48	0	0	0	0	NA	NA	NA
PWY-6956	47	48	0	0	0	0	NA	NA	NA
PWY-7024	47	48	0	0	0	0	NA	NA	NA
