len_control	len_case	mean_control	mean_case	sd_control	sd_case	cohen.d	lower	upper
1CMET2-PWY	44	44	0.0758957628335346	0.0761114903219581	0.00355349673726262	0.00432609098181894	-0.054494709918375	-0.478402364063824	0.369412944227074
3-HYDROXYPHENYLACETATE-DEGRADATION-PWY	44	44	0.00513218493588082	0.00577460716208076	0.00742587019760584	0.0091660796697171	-0.0770153803642267	-0.501001465971229	0.346970705242776
AEROBACTINSYN-PWY	44	44	0.000728877306438438	0.000271535911232938	0.0022193147301913	0.00128135775324924	0.252385391106844	-0.173127586718076	0.677898368931763
ALL-CHORISMATE-PWY	44	44	0.0131192160430866	0.010603759294529	0.0169869083375143	0.0169679149568803	0.148164891521219	-0.276245222432717	0.572575005475154
ANAEROFRUCAT-PWY	44	44	0.080947990930374	0.0814377931530792	0.00473755778295137	0.00465619293026316	-0.104278656188572	-0.528395601003301	0.319838288626157
ANAGLYCOLYSIS-PWY	44	44	0.0889928303827872	0.0876088628144706	0.00419122122591887	0.0051880350691285	0.293459752481989	-0.132644361123132	0.719563866087109
ARG+POLYAMINE-SYN	44	44	0.0390730650212956	0.0315779217606508	0.0116483346375469	0.0174069239009098	0.506079438194885	0.0755195413910408	0.936639334998728
ARGDEG-PWY	44	44	0.00427504293484648	0.0045091779205547	0.00686473237106805	0.0089523251997537	-0.0293508407617659	-0.453202656782413	0.394500975258881
ARGORNPROST-PWY	44	44	0.0411296150492298	0.0416052460124801	0.0117885260079461	0.0147948666834085	-0.0355574084310202	-0.459419895159389	0.388305078297348
ARGSYN-PWY	44	44	0.0726093163632865	0.0716610411137902	0.00614259253529791	0.00815544031709388	0.131348976182498	-0.292936782807158	0.555634735172155
ARGSYNBSUB-PWY	44	44	0.0738673757772541	0.0721838802616478	0.00565512243386306	0.00918238157037958	0.220771781802694	-0.204346348338673	0.645889911944061
ARO-PWY	44	44	0.0818717485519092	0.0809739198516095	0.00354293090336953	0.00530410553323692	0.199061166868405	-0.225816181629873	0.623938515366683
ASPASN-PWY	44	44	0.0669700095866341	0.0663342081198815	0.0127139764446531	0.0144264444722825	0.0467597474066422	-0.377127163666517	0.470646658479801
AST-PWY	44	44	0.00737055639324643	0.00571182996663493	0.00738309296138291	0.00849550809001813	0.208415185318078	-0.216562867230569	0.633393237866726
BIOTIN-BIOSYNTHESIS-PWY	44	44	0.0500666897197608	0.0455683420062492	0.00941026602633021	0.0203745542568744	0.28346051901268	-0.142491572883723	0.709412610909083
BRANCHED-CHAIN-AA-SYN-PWY	44	44	0.0844986356279347	0.0813932161106196	0.00447524103213143	0.00740193125167861	0.507734838478202	0.0771311827001568	0.938338494256247
CALVIN-PWY	44	44	0.0873379999692884	0.0859609615608142	0.00480830695567549	0.00596835479553596	0.254091482718314	-0.171444293218082	0.679627258654711
CATECHOL-ORTHO-CLEAVAGE-PWY	44	44	0.00679203359325851	0.00600182093281982	0.00715115709460809	0.00989482168594894	0.0915372848041342	-0.332513609867457	0.515588179475726
CENTFERM-PWY	44	44	0.0323649158440033	0.030064176768916	0.0136976090281445	0.0178778987791465	0.144468781784216	-0.279912719431564	0.568850282999995
CHLOROPHYLL-SYN	44	44	0	0	0	0	NA	NA	NA
COA-PWY	44	44	0.0800846117264798	0.08019990861758	0.00404145555055745	0.00510753582577434	-0.0250348966534964	-0.44888049523819	0.398810701931197
COBALSYN-PWY	44	44	0.0637015148868418	0.0584136770681844	0.0121057791192353	0.0116247054588717	0.445566255938619	0.0165105825726021	0.874621929304636
CODH-PWY	44	44	0.0105713697858033	0.0109911979428976	0.0131263849399165	0.0144473760027973	-0.0304163951438625	-0.454269898048545	0.39343710776082
COLANSYN-PWY	44	44	0.0596427518990443	0.0571435424816216	0.00788664161118542	0.0166105415048876	0.192215829103145	-0.232590738973487	0.617022397179777
COMPLETE-ARO-PWY	44	44	0.083444422997795	0.0823437617560629	0.00351866245881061	0.00545828535083016	0.239688375779566	-0.185659723348956	0.665036474908088
CRNFORCAT-PWY	44	44	0.000643269082529174	0.000491049258657874	0.0033800709358554	0.00325725228910069	0.0458599844648955	-0.378024719396025	0.469744688325816
DAPLYSINESYN-PWY	44	44	0.0753194827283233	0.0757717911374318	0.00551208344931361	0.00719174828608248	-0.0705938209360906	-0.494554806380342	0.353367164508161
DENITRIFICATION-PWY	44	44	0.00863837585348157	0.0154729173049725	0.00996432987184799	0.014898022788758	-0.539274989361093	-0.970738776191408	-0.107811202530779
DENOVOPURINE2-PWY	44	44	0.0766183078812978	0.0778317569621697	0.0037364713406872	0.0057634695563165	-0.249840656519732	-0.675319912798845	0.175638599759382
DHGLUCONATE-PYR-CAT-PWY	44	44	0.000270710829833106	0.000505211671808979	0.00125542616913636	0.00276571816258827	-0.109186601304347	-0.533331278581032	0.314958075972339
DTDPRHAMSYN-PWY	44	44	0.0791816266722321	0.0774827589458736	0.00895208556930327	0.0108326245216961	0.170964861161113	-0.253637685435164	0.59556740775739
ECASYN-PWY	44	44	0.00541796870033984	0.00501643277302102	0.00763233891130169	0.00953555377789975	0.046492725279393	-0.377393526286949	0.470378976845735
ENTBACSYN-PWY	44	44	0.0146478270794916	0.01044348903375	0.0169471909623269	0.0155683266295838	0.258372809098793	-0.167220848058421	0.683966466256007
FAO-PWY	44	44	0.0393996335674292	0.0412739714955165	0.0143614855852331	0.0171404686286124	-0.118537857410221	-0.54273889820631	0.305663183385869
FASYN-ELONG-PWY	44	44	0.0752273984636566	0.0736423870541017	0.00773404774040589	0.0137270421316853	0.142267345609975	-0.282097456163643	0.566632147383594
FASYN-INITIAL-PWY	44	44	0.0494321702682001	0.0447259482510833	0.0122024730070397	0.0228575263770803	0.256866494776956	-0.168706688449061	0.682439678002973
FERMENTATION-PWY	44	44	0.0673576696367362	0.0646037729296372	0.00506227803830033	0.0126814483626096	0.285224187833476	-0.1407543388432	0.711202714510152
FOLSYN-PWY	44	44	0.0746061608794737	0.0764768741477012	0.00549001575643191	0.00482400064396092	-0.361997717457977	-0.789283836298679	0.0652884013827253
FUC-RHAMCAT-PWY	44	44	0.026016932680884	0.0166962811333947	0.0138350954492543	0.0156066325833161	0.632016184509299	0.197735059654475	1.06629730936412
FUCCAT-PWY	44	44	0.0265310140098364	0.0209456532925293	0.0133277909810366	0.0160927127378425	0.378025994720454	-0.0495716662257403	0.805623655666649
GALACT-GLUCUROCAT-PWY	44	44	0.0453581341850888	0.0423109583597682	0.0143518935107627	0.0166230846392202	0.196224022626104	-0.228623690875927	0.621071736128136
GALACTARDEG-PWY	44	44	0.0133195210916873	0.0109354586714956	0.0107478474124855	0.0123917340183825	0.205541222192234	-0.219405400187963	0.630487844572432
GALACTUROCAT-PWY	44	44	0.0520082708793715	0.0477854270247494	0.0161443704682939	0.0186770024328093	0.241904226385387	-0.183472038586403	0.667280491357177
GALLATE-DEGRADATION-I-PWY	44	44	0.00723217623627398	0.00604725064037216	0.0100195325147816	0.0101149711881431	0.117699676344425	-0.30649612387536	0.541895476564209
GALLATE-DEGRADATION-II-PWY	44	44	0.00118216688348383	0.000534404206627254	0.00381028440462109	0.00255282655192803	0.199736618255174	-0.225147847964247	0.624621084474595
GLCMANNANAUT-PWY	44	44	0.0523232640889698	0.0518665516338892	0.0180176547139508	0.0196959883835631	0.0241960651135263	-0.399648439597156	0.448040569824208
GLUCARDEG-PWY	44	44	0.0135198968577472	0.0111816449151427	0.0110346410365121	0.0127241809570978	0.196336508759012	-0.228512371641535	0.621185389159559
GLUCARGALACTSUPER-PWY	44	44	0.0133195210916873	0.0109354586714956	0.0107478474124855	0.0123917340183825	0.205541222192234	-0.219405400187963	0.630487844572432
GLUCONEO-PWY	44	44	0.0804212767705726	0.0774419533996036	0.00422322152186425	0.0126924015097181	0.314983523524036	-0.11146550211512	0.741432549163192
GLUCOSE1PMETAB-PWY	44	44	0.0351303684428203	0.0397234315405612	0.0124665758378885	0.0167048891134905	-0.311629164674959	-0.738022851339347	0.11476452198943
GLUCUROCAT-PWY	44	44	0.0503792514755079	0.0502298118597199	0.0133101971055728	0.0165743185805584	0.00994201197443337	-0.413889603154505	0.433773627103372
GLUTORN-PWY	44	44	0.0695792568704661	0.0682470391956732	0.00715492244116033	0.00971734259096391	0.156127778204974	-0.268346427901825	0.580601984311772
GLYCOCAT-PWY	44	44	0.0833386848271455	0.0804203129868248	0.00809516288115055	0.00811630545341334	0.360037634865833	-0.0672112967047577	0.787286566436423
GLYCOGENSYNTH-PWY	44	44	0.0801475217981491	0.0783495487224507	0.00761475199564007	0.00795294790445376	0.230933146020969	-0.194306182459101	0.656172474501039
GLYCOL-GLYOXDEG-PWY	44	44	0.0167035220822703	0.0120749143108892	0.00950372601012379	0.0122445155048295	0.422313157666367	-0.00621412469146154	0.850840440024196
GLYCOLYSIS	44	44	0.0847894799403315	0.0847476937538304	0.0041141026244392	0.00429178823354534	0.00993989924149204	-0.413891714774765	0.433771513257749
GLYCOLYSIS-E-D	44	44	0.0554018730340144	0.0555609776021779	0.0139337081733254	0.0173424826974677	-0.010114270475328	-0.433945977120693	0.413717436170037
GLYCOLYSIS-TCA-GLYOX-BYPASS	44	44	0.0475146453211782	0.0447374392974183	0.0134812070764067	0.0212993337446975	0.155810934395594	-0.268660657589012	0.580282526380201
GLYOXYLATE-BYPASS	44	44	0.0342332496846784	0.0329911958030775	0.0126668749879553	0.0182668010579671	0.0790199397305691	-0.344974428107501	0.50301430756864
GOLPDLCAT-PWY	44	44	0.00737038304645246	0.00645813572311805	0.00951051251930307	0.0102733382728472	0.0921529342465685	-0.331900954490925	0.516206822984062
HCAMHPDEG-PWY	44	44	0.0023198309740847	0.000971071095181144	0.00578415024213079	0.00349352668136829	0.282277552836104	-0.143656899111486	0.708212004783695
HEME-BIOSYNTHESIS-II	44	44	0.0448402496525248	0.052052306115233	0.013120414409663	0.0144715893063369	-0.522138562598	-0.953128805483881	-0.0911483197121183
HEMESYN2-PWY	44	44	0.0538034664273402	0.0603533305687459	0.0114369206478073	0.0126850246414218	-0.542337200352001	-0.973887161988459	-0.110787238715542
HEXITOLDEGSUPER-PWY	44	44	0.0295840689271618	0.0305728474763961	0.01911369278835	0.0199695477524358	-0.0505864684925301	-0.474483245816979	0.373310308831919
HISDEG-PWY	44	44	0.0551685981422169	0.0621234489000135	0.0102512391050935	0.01249679933798	-0.608510532407824	-1.04203717986121	-0.174983884954438
HISTSYN-PWY	44	44	0.0762909153039453	0.0725535369151243	0.00561540524586706	0.00865958776359639	0.512110839862305	0.0813908419886923	0.942830837735918
HOMOSER-METSYN-PWY	44	44	0.0554154500484163	0.0515196267951699	0.00718764073885319	0.0127156369631048	0.377197081677921	-0.0503841424179289	0.804778305773772
HSERMETANA-PWY	44	44	0.0621417350233557	0.0622678873625478	0.00853111868583504	0.0121610793046754	-0.0120098297692319	-0.435842647302734	0.411822987764271
ILEUSYN-PWY	44	44	0.0876460912498694	0.0850311004190248	0.00513187047327188	0.00780733142951916	0.395823551705086	-0.0321355685651661	0.823782671975338
KDO-NAGLIPASYN-PWY	44	44	0.0103556931035644	0.0110875475645764	0.0116141819486981	0.0181274329964328	-0.0480748689848432	-0.471965083315631	0.375815345345944
KETOGLUCONMET-PWY	44	44	0.00455658549197093	0.00149563607261689	0.00827434625692146	0.00567776954612117	0.431372422015766	0.00264257152924913	0.860102272502284
LACTOSECAT-PWY	44	44	0.0172250583057248	0.0170874435009549	0.0151899120965783	0.0156913565451823	0.00891133507032035	-0.414919765328867	0.432742435469508
LEU-DEG2-PWY	44	44	0.0283855857551808	0.0265376963197355	0.0130426773681178	0.0190166684535368	0.113328522613416	-0.310840549404608	0.537497594631439
LIPASYN-PWY	44	44	0	0.000854895485952029	0	0.00401795415076282	-0.300900594003882	-0.727121216249593	0.125320028241828
LPSSYN-PWY	44	44	0.00139844263597914	0.00192960343832481	0.00477085358454662	0.00655463288151	-0.0926569875424678	-0.516713342550862	0.331399367465927
MET-SAM-PWY	44	44	0.0638896742020397	0.0604524923280063	0.00663653458826529	0.0132314140421022	0.328384414962617	-0.0982915301646157	0.75506036008985
METH-ACETATE-PWY	44	44	0.0173864684758705	0.0116700992334742	0.0190481062405274	0.0179042968098082	0.309242822666878	-0.117111851369708	0.735597496703464
METHANOGENESIS-PWY	44	44	0	0	0	0	NA	NA	NA
METHGLYUT-PWY	44	44	0.00402318054236028	0.0017254314741769	0.00689135104688629	0.00457165155916211	0.392933464410496	-0.0349658500181187	0.82083277883911
METHYLGALLATE-DEGRADATION-PWY	44	44	0.00803833219668307	0.00670487562313366	0.0111003957570615	0.0111944944875393	0.119618861730798	-0.304588992661629	0.543826716123225
NAD-BIOSYNTHESIS-II	44	44	0.0161348890683849	0.0172908001016738	0.0125013094811162	0.0172473350590184	-0.0767413625952682	-0.500726332564488	0.347243607373952
NADSYN-PWY	44	44	0.00158886495646623	0.00232702748981273	0.0054619320080358	0.00849256446660553	-0.103385551999592	-0.527497587260604	0.320726483261421
NAGLIPASYN-PWY	44	44	0.0485422128766601	0.0501766915385325	0.0104608862284701	0.0129242145003109	-0.139018888474507	-0.563359515609854	0.28532173866084
NONMEVIPP-PWY	44	44	0.0785743473433064	0.077124343687687	0.00554072599021508	0.00588442883423185	0.253711745018046	-0.171818943387677	0.679242433423769
NONOXIPENT-PWY	44	44	0.0980985383357566	0.0957155516114692	0.00724561490216609	0.00823583394164978	0.3072228115079	-0.119099070395976	0.733544693411776
OANTIGEN-PWY	44	44	0.0721111213630468	0.071619382378226	0.00480942551195177	0.00494125454453871	0.100853283188456	-0.323245061049752	0.524951627426664
ORNARGDEG-PWY	44	44	0.00427504293484648	0.0045091779205547	0.00686473237106805	0.0089523251997537	-0.0293508407617659	-0.453202656782413	0.394500975258881
ORNDEG-PWY	44	44	0.00411258427016157	0.00418115971437593	0.00679229207014417	0.00822610877651379	-0.00909085390505389	-0.432922039910166	0.414740332100058
P101-PWY	44	44	0.00433570164237486	0.00288436255578182	0.00871982077447889	0.00802355346527541	0.173213093503694	-0.2514099124756	0.597836099482988
P105-PWY	44	44	0.058545364712335	0.0618484413821782	0.0140216757023151	0.0181659159094033	-0.203558841873746	-0.628484037595728	0.221366353848236
P108-PWY	44	44	0.0634582914497264	0.065299413304665	0.0155012300730118	0.0173897747962309	-0.111768818693617	-0.535928598060422	0.312390960673187
P122-PWY	44	44	0.0247578668908615	0.0231842547077351	0.0160833103149739	0.0210067881331669	0.0841156316738582	-0.339900747268071	0.508132010615788
P124-PWY	44	44	0.0287384839406238	0.0252896136660552	0.0182854968281297	0.0231229492776569	0.165452916902172	-0.259100596793286	0.590006430597631
P125-PWY	44	44	0.0204140559986022	0.0160706100650261	0.0141973366356027	0.016376287695846	0.283411411638553	-0.142539946534005	0.709362769811112
P161-PWY	44	44	0.0648710890932709	0.0549638885369939	0.0128756387681067	0.0219318531626278	0.550915370650673	0.119121502877499	0.982709238423848
P162-PWY	44	44	0.0105093910621209	0.0172296290378954	0.0117875175596873	0.0178986311332766	-0.443453741065059	-0.872460268917313	-0.0144472132128057
P163-PWY	44	44	0.0134355095129145	0.018490707675178	0.0130989126959127	0.0181452529223992	-0.319453219912679	-0.745976894306195	0.107070454480837
P164-PWY	44	44	0.0419904370359938	0.0395659348379164	0.0259442978629149	0.0251932008269259	0.0948126436374094	-0.329254410358889	0.518879697633708
P184-PWY	44	44	0.0066077594306514	0.00490928667270741	0.011092050400611	0.00980953020647575	0.162215899097775	-0.262309565205355	0.586741363400905
P221-PWY	44	44	0.0118866762512399	0.00721951161539748	0.0122399084682089	0.0129897052738899	0.369811840569723	-0.0576245040808925	0.797248185220339
P23-PWY	44	44	0.0511525727543642	0.0511364811547319	0.0156536243075934	0.0190603582535457	0.000922663739193323	-0.42290635564936	0.424751683127747
P241-PWY	44	44	0	0	0	0	NA	NA	NA
P261-PWY	44	44	0.000344096698134025	0	0.00228247927862149	0	0.21320071635561	-0.21183063466213	0.638232067373351
P281-PWY	44	44	0.0065770257025526	0.00736335576538732	0.00956080226098954	0.0107553621431123	-0.0772758367892975	-0.501262986503743	0.346711312925148
P341-PWY	44	44	0.00176301935223232	0.000816626194081187	0.0060354677344929	0.00378814395408577	0.187825033594005	-0.236937431681084	0.612587498869095
P381-PWY	44	44	0.00781142506568256	0.00588708653411719	0.013229681459509	0.0128198896440594	0.147726076449466	-0.276680602790104	0.572132755689035
P4-PWY	44	44	0.0650133481752597	0.0630805380561088	0.00720947968831638	0.011375841037748	0.202955992871643	-0.221962727889879	0.627874713633166
P42-PWY	44	44	0.0748206962735327	0.0746250320552697	0.0144811619684302	0.0141218913194772	0.0136802727563299	-0.410153681523818	0.437514227036478
P441-PWY	44	44	0.0539618590109834	0.0520104971340695	0.0183872126541213	0.0222342012375974	0.0956475652353128	-0.328423698688447	0.519718829159072
P461-PWY	44	44	0.0318071021992853	0.0274614343695081	0.0186651878440436	0.017589794826341	0.239622641900335	-0.185724625610049	0.66496990941072
P562-PWY	44	44	0.0236712677764925	0.0249153823775524	0.0133805887084654	0.0171856369391516	-0.0807810193097848	-0.504782838855512	0.343220800235942
P621-PWY	44	44	0.000768976275207502	0.00022408206682026	0.00382325534481497	0.0014863922757803	0.18785745906005	-0.236905328190102	0.612620246310202
PANTO-PWY	44	44	0.0680693328636396	0.0666179346585459	0.00602633605157205	0.00609965647290717	0.239381917937801	-0.185962306038093	0.664726141913694
PANTOSYN-PWY	44	44	0.069936152093261	0.0691552704690178	0.0061494227360454	0.0053144802387148	0.135873221992575	-0.288444526334744	0.560190970319895
PENTOSE-P-PWY	44	44	0.0681718718979558	0.069792290108748	0.00798274513423061	0.00800002393567368	-0.202770528282121	-0.62768726088562	0.222146204321377
PEPTIDOGLYCANSYN-PWY	44	44	0.0824444505172449	0.082225232395791	0.00355251317153535	0.00496972999873245	0.0507491737062348	-0.373148040299625	0.474646387712094
PHOSLIPSYN-PWY	44	44	0.0850497664766781	0.0828128622397652	0.00460422125018079	0.0138571828037011	0.216644688107714	-0.208425764307265	0.641715140522694
POLYAMINSYN3-PWY	44	44	0.0243164630702497	0.0208934745582142	0.0108471386721807	0.0133923760278931	0.280886201475385	-0.145027596641044	0.706799999591814
POLYAMSYN-PWY	44	44	0.0314259110239581	0.0263800756105386	0.0112707253742014	0.014516761350576	0.388275835847029	-0.0395280012065555	0.816079672900614
POLYISOPRENSYN-PWY	44	44	0.0680885810981372	0.0706499054854951	0.00636762179416501	0.00637607263260235	-0.401975084839303	-0.830062932335265	0.0261127626566585
PPGPPMET-PWY	44	44	0.0284640059419441	0.031922764123813	0.0121035122270269	0.0187371335991022	-0.219283442898869	-0.64438427608849	0.205817390290752
PROTOCATECHUATE-ORTHO-CLEAVAGE-PWY	44	44	0.0228299080842858	0.0206275548834352	0.0125603399859806	0.0149942377463653	0.159233908152708	-0.265266205444258	0.583734021749674
PRPP-PWY	44	44	0.0663969799240472	0.0610339322485087	0.00498254428176379	0.0213785026090733	0.345512257274992	-0.0814672898845464	0.772491804434531
PWY-1269	44	44	0.0484202724208523	0.0502846163936624	0.0105095794777935	0.0126447023210799	-0.160356319910688	-0.584865920409021	0.264153280587645
PWY-1361	44	44	0.000285466285172903	0	0.00189356911643023	0	0.21320071635561	-0.21183063466213	0.638232067373351
PWY-1501	44	44	0	0	0	0	NA	NA	NA
PWY-1541	44	44	0.000995004387255433	0	0.00289927972375444	0	0.485344234827804	0.0553207098452367	0.915367759810371
PWY-1622	44	44	0	0.00031346091657023	0	0.0020792644934087	-0.21320071635561	-0.638232067373351	0.21183063466213
PWY-181	44	44	0.0138820963137425	0.00471494444630254	0.0171237028866353	0.0115449085378318	0.627750104281207	0.193607935931531	1.06189227263088
PWY-1861	44	44	0.0370237148688446	0.0308469684749617	0.024885125670551	0.0260407286577354	0.242515587446873	-0.182868493870975	0.667899668764721
PWY-1882	44	44	0	0	0	0	NA	NA	NA
PWY-2941	44	44	0.0404951680128985	0.0418601097861568	0.0160423481823194	0.0190747530079518	-0.0774483737354366	-0.501436230334736	0.346539482863863
PWY-2942	44	44	0.0865052962595835	0.0851168602098104	0.00341763719295996	0.00437064525659626	0.353905190395767	-0.0732286781182696	0.781039058909804
PWY-3001	44	44	0.0829150080716988	0.081190056454846	0.00357905598543685	0.00486381375212805	0.403967020402643	-0.0241629274937414	0.832096968299028
PWY-3661	44	44	0.00311715213987259	0.000728311899024061	0.00828661929640474	0.00483107459882804	0.352201226378399	-0.0749010161552832	0.779303468912081
PWY-3781	44	44	0.08762951921539	0.0911816832982189	0.0213965256988489	0.0327664796403363	-0.128367803223843	-0.552633074166459	0.295897467718774
PWY-3801	44	44	0.00207848042627388	0.00092714903350051	0.0103754458985794	0.00615001093772368	0.134997235504657	-0.289314234662173	0.559308705671487
PWY-4361	44	44	0.00218394696454804	0	0.00890364886352505	0	0.346887828137529	-0.08011676174921	0.773892418024268
PWY-4722	44	44	0	0.000255996565755618	0	0.00169808911246186	-0.21320071635561	-0.638232067373351	0.21183063466213
PWY-4984	44	44	0.0411389524323952	0.0354484139782449	0.0117611974378918	0.0161317240454609	0.403108948570665	-0.0250028386077173	0.831220735749048
PWY-5005	44	44	0.0296811121215135	0.0342095830277144	0.0158295137367725	0.0162606488285815	-0.282208745588646	-0.708142173756117	0.143724682578825
PWY-5022	44	44	0.0286587943917818	0.0283809484238264	0.014363994707305	0.0153601335012926	0.0186844890331183	-0.405153755391248	0.442522733457485
PWY-5028	44	44	0.0231527581078491	0.0205889017082026	0.014193862542141	0.0189891035027393	0.152939803815453	-0.27150834125658	0.577387948887485
PWY-5088	44	44	0.0112273680411995	0.0131132843353271	0.0158504408866407	0.0176036300218727	-0.112592091175106	-0.536756759543225	0.311572577193013
PWY-5097	44	44	0.0841966064994495	0.0825357534318544	0.00467538326194448	0.00542479584559189	0.327974398026924	-0.0986944658505726	0.754643261904421
PWY-5100	44	44	0.0794002548875292	0.0725277176414392	0.00813576029427362	0.0160840178244541	0.539220569966543	0.107758310314846	0.970682829618241
PWY-5101	44	44	0.0898347784880871	0.085283782938577	0.0066160011300247	0.0102065991730825	0.529138781365168	0.0979568807774231	0.960320681952914
PWY-5103	44	44	0.0827415921028675	0.0791685485499082	0.00519515748158239	0.00816893686144711	0.521956618682406	0.0909713243017475	0.952941913063064
PWY-5104	44	44	0.081856220802904	0.0763336016771174	0.0116968868577637	0.0119028107154546	0.468006751405079	0.0384149701976237	0.897598532612535
PWY-5121	44	44	0.0784877725788877	0.0769739013490166	0.00488868550544872	0.00580086174929533	0.282217620445385	-0.143715939756822	0.708151180647592
PWY-5154	44	44	0.0526370205736958	0.0518203359909814	0.0160754429306883	0.0155322850681104	0.051668631505163	-0.372231076559999	0.475568339570325
PWY-5177	44	44	0.015767279609431	0.0170376599532128	0.0145074641482876	0.0156382656605206	-0.0842233726421068	-0.5082402318083	0.339793486524086
PWY-5178	44	44	0.0010791091391292	0.000435686200522806	0.00361653781944141	0.00289001530693938	0.196555366665644	-0.228295786010474	0.621406519341763
PWY-5180	44	44	0.00827412531296095	0.00357813482283348	0.0131703325106545	0.00967896084780492	0.406324297606903	-0.0218557358088112	0.834504331022617
PWY-5181	44	44	0.00505785913982174	0.00297505113600926	0.00785999990970399	0.00660910497750426	0.286827393087486	-0.139175304089459	0.71283009026443
PWY-5182	44	44	0.00827412531296095	0.00357813482283348	0.0131703325106545	0.00967896084780492	0.406324297606903	-0.0218557358088112	0.834504331022617
PWY-5183	44	44	0	0	0	0	NA	NA	NA
PWY-5188	44	44	0.0600087119243941	0.0650012940657545	0.00955147806883713	0.0114627834381814	-0.473208068531468	-0.902927771025959	-0.0434883660369765
PWY-5189	44	44	0.0574223098925832	0.0627292469898856	0.00961378953823505	0.011634202180822	-0.497280598681388	-0.927610231447672	-0.0669509659151052
PWY-5198	44	44	0	0	0	0	NA	NA	NA
PWY-5265	44	44	0.0265187697526395	0.031891044598412	0.0236154512076394	0.0232604461556953	-0.229206099153569	-0.65442444635075	0.196012248043612
PWY-5304	44	44	0.0251981934068509	0.0243011067456353	0.0138113493743614	0.0145377180332572	0.0632678545110492	-0.360667161053439	0.487202870075538
PWY-5345	44	44	0.0507168666758004	0.0540362357552531	0.0125110686015553	0.0129422290361981	-0.260782944576062	-0.686409607398496	0.164843718246373
PWY-5347	44	44	0.0645737423276216	0.0618418554968366	0.0103950285136947	0.0126502768088123	0.235961167812841	-0.189340135022352	0.661262470648035
PWY-5384	44	44	0.0411989211983934	0.0425972725604539	0.0139202311641701	0.0128714825823888	-0.104306970654862	-0.528424071808978	0.319810130499254
PWY-5415	44	44	0.00540582485168579	0.00273106683932244	0.00921904527142421	0.00766005470980253	0.315588108140218	-0.110870953960687	0.742047170241123
PWY-5417	44	44	0.00657253332497868	0.00415422126107363	0.00709672438763808	0.00844767427833834	0.309980532502934	-0.116386170189442	0.73634723519531
PWY-5419	44	44	0.00455323728015456	0.00243723677165747	0.00847028400611983	0.00638348067976621	0.282140251915893	-0.143792157382561	0.708072661214347
PWY-5420	44	44	0.00219035774480872	0.000962281496106512	0.0063195125715518	0.00473009264859757	0.220019614748815	-0.205089759435726	0.645128988933357
PWY-5430	44	44	0.000563324436043759	0.000548099308861883	0.00275600024423564	0.00363567951069597	0.00471955717802132	-0.419110029688318	0.42854914404436
PWY-5431	44	44	0.00657253332497868	0.00415422126107363	0.00709672438763808	0.00844767427833834	0.309980532502934	-0.116386170189442	0.73634723519531
PWY-5484	44	44	0.0809772015343683	0.082550134977805	0.00510999024779369	0.0046322292307273	-0.322523104812046	-0.749098651195023	0.10405244157093
PWY-5505	44	44	0.0606417549461117	0.0548327778255824	0.0136530562026988	0.0188416716479773	0.353060968907162	-0.0740572118682731	0.780179149682596
PWY-5507	44	44	0.00767099597009069	0.00627143248094723	0.0132826082684131	0.012793875446367	0.107324112764078	-0.316809890547104	0.531458116075261
PWY-5509	44	44	0.0625168777750731	0.0560631009838877	0.0115030401481424	0.0145779466254282	0.491498672772449	0.0613182188564376	0.92167912668846
PWY-5529	44	44	0	0	0	0	NA	NA	NA
PWY-5531	44	44	0.0030028142538962	0.00450527418293151	0.00592516626145943	0.00961961056593428	-0.188068836661165	-0.612833724183035	0.236696050860705
PWY-5532	44	44	0.000409500027182195	0	0.00196389729066277	0	0.294883288951314	-0.131242891161031	0.721009469063659
PWY-5647	44	44	0	0.00034305777082605	0	0.00159995437151574	-0.303231742615298	-0.729489459404942	0.123025974174346
PWY-5651	44	44	0.00128557225271309	0.00194016234359178	0.0044431437919955	0.00720414437759248	-0.109371187892221	-0.533516933026186	0.314774557241744
PWY-5654	44	44	0.00053826807748721	0.00034305777082605	0.00357046649930205	0.00159995437151574	0.0705597947512356	-0.353401063506583	0.494520653009055
PWY-5655	44	44	0	0.000256021216993759	0	0.00169825263027692	-0.21320071635561	-0.638232067373351	0.21183063466213
PWY-5659	44	44	0.0762616936804727	0.0772915120071593	0.00869290767943801	0.00712534274238195	-0.129571674389745	-0.553845162411878	0.294701813632388
PWY-5667	44	44	0.0885382370794535	0.088165075088453	0.00496329886844143	0.00537089093924246	0.0721628091412569	-0.351804107582432	0.496129725864946
PWY-5675	44	44	0	0	0	0	NA	NA	NA
PWY-5676	44	44	0.0322605872970354	0.0321212766435628	0.0161093095232802	0.0226687397521671	0.00708438908561877	-0.416745937210948	0.430914715382185
PWY-5677	44	44	0.00930206863215357	0.0090693883823274	0.012149556074907	0.0134845253966702	0.0181294081794562	-0.405708294955503	0.441967111314416
PWY-5686	44	44	0.0863256237496247	0.0851793899850752	0.00379594447225217	0.00532437765426194	0.247901143122415	-0.177552639408189	0.673354925653019
PWY-5695	44	44	0.0819453003525051	0.0832620116218447	0.00605261404891876	0.00637751709308892	-0.211785650127762	-0.63680111566834	0.213229815412816
PWY-5705	44	44	0.014675215667919	0.0108683980651385	0.0111737926664067	0.0121185209522827	0.326604754872572	-0.100040517697722	0.753250027442866
PWY-5741	44	44	0.00111923242823193	0.000651108446465349	0.00589166684590691	0.00308256066673811	0.099562635707699	-0.324528860934481	0.523654132349879
PWY-5747	44	44	0.0175346960425648	0.0171837379770754	0.0103557958052859	0.0129954303996714	0.0298688408671737	-0.393983787689829	0.453721469424176
PWY-5823	44	44	0.00029716782707468	0.000400843957488465	0.00149573333203687	0.00265889801294082	-0.0480606817535363	-0.471950859960839	0.375829496453766
PWY-5837	44	44	0.0236300416103741	0.0325182658982087	0.0147664514878026	0.013494451837408	-0.628375876625609	-1.06253837176415	-0.194213381487066
PWY-5838	44	44	0.0321176223423431	0.04262676535278	0.0180005901773732	0.0148784319066486	-0.636398459298425	-1.07082325856113	-0.201973660035717
PWY-5840	44	44	0.0325764833971265	0.0417832127247257	0.0183884610774794	0.0162644188032505	-0.530373397143137	-0.961589355912064	-0.0991574383742094
PWY-5845	44	44	0.0199095961395761	0.0207067486287334	0.0170599491236564	0.0211212286881252	-0.0415220713011066	-0.465396735436041	0.382352592833828
PWY-5850	44	44	0.0199095961395761	0.0207067486287334	0.0170599491236564	0.0211212286881252	-0.0415220713011066	-0.465396735436041	0.382352592833828
PWY-5855	44	44	0.0342738282948837	0.0331367664387766	0.0116553740098347	0.0175756986600895	0.0762499707531716	-0.347733008512091	0.500232950018434
PWY-5856	44	44	0.0342738282948837	0.0331367664387766	0.0116553740098347	0.0175756986600895	0.0762499707531716	-0.347733008512091	0.500232950018434
PWY-5857	44	44	0.0342738282948837	0.0331367664387766	0.0116553740098347	0.0175756986600895	0.0762499707531716	-0.347733008512091	0.500232950018434
PWY-5860	44	44	0.0173222299995882	0.0183915628525906	0.0150494534282389	0.01891024748563	-0.0625734982695901	-0.48650619980417	0.36135920326499
PWY-5861	44	44	0.0287604809562157	0.038888248321121	0.0165136471642461	0.0142281971700432	-0.657078022390484	-1.09219354083602	-0.221962503944949
PWY-5862	44	44	0.0173222299995882	0.0183915628525906	0.0150494534282389	0.01891024748563	-0.0625734982695901	-0.48650619980417	0.36135920326499
PWY-5863	44	44	0.0248970711853973	0.0340715007978889	0.0154082177575313	0.0138610194902868	-0.626025092210464	-1.06011132742429	-0.191938856996634
PWY-5896	44	44	0.0199095961395761	0.0207067486287334	0.0170599491236564	0.0211212286881252	-0.0415220713011066	-0.465396735436041	0.382352592833828
PWY-5897	44	44	0.0316020752595644	0.042127868408525	0.018043163475312	0.0150722864076363	-0.633160015440963	-1.06747855002296	-0.198841480858968
PWY-5898	44	44	0.0316020752595644	0.042127868408525	0.018043163475312	0.0150722864076363	-0.633160015440963	-1.06747855002296	-0.198841480858968
PWY-5899	44	44	0.0316020752595644	0.042127868408525	0.018043163475312	0.0150722864076363	-0.633160015440963	-1.06747855002296	-0.198841480858968
PWY-5910	44	44	0.0232350224124583	0.0280579367346409	0.0143005195847639	0.0165874244631549	-0.311432152351797	-0.737822606978536	0.114958302274943
PWY-5913	44	44	0.065822266077517	0.0678522718417066	0.00907948317564704	0.00655708766497127	-0.256334687703083	-0.681900670928577	0.16923129552241
PWY-5918	44	44	0.0512014632485498	0.0579705864451849	0.0113788912122326	0.0129190184575005	-0.556061491683726	-0.988003450554279	-0.124119532813174
PWY-5920	44	44	0.0343323958469854	0.0359224203116497	0.0126833648437502	0.0163623432934571	-0.108616486413418	-0.532757876873833	0.315524904046997
PWY-5941	44	44	0.000750284051964659	0	0.00348918448048647	0	0.304100252610525	-0.122171356762121	0.730371861983171
PWY-5971	44	44	0.0439893901721844	0.0334851480116503	0.0262448886612128	0.0299598440258093	0.372971141111306	-0.0545268362798995	0.800469118502512
PWY-5973	44	44	0.0848249482264695	0.0807317268976743	0.00752806716290207	0.0144876901705154	0.354550983604541	-0.0725949102585237	0.781696877467605
PWY-5989	44	44	0.0528477866648299	0.0477425182936788	0.0128467851135651	0.0240989403732266	0.264376427792244	-0.161300010328505	0.690052865912992
PWY-6071	44	44	0.00376782601840848	0.00304783131654758	0.007060087681812	0.00705939130854698	0.101986015415561	-0.322118411167158	0.526090441998281
PWY-6107	44	44	0.00124693578915115	0.00104196024948128	0.00384423012813071	0.00338923556969666	0.0565624409846029	-0.367351294896742	0.480476176865948
PWY-6121	44	44	0.0868651960644806	0.0868407107697558	0.00356985593724218	0.00527017542670899	0.00543992620816222	-0.418389854521939	0.429269706938264
PWY-6122	44	44	0.0866760440166522	0.0867859959835223	0.00382930059848625	0.0060595575446758	-0.0216926907393082	-0.445534152544684	0.402148771066068
PWY-6123	44	44	0.0814661802467784	0.0806971508758404	0.00368537907432019	0.00508307482858141	0.173221358396559	-0.251401723286259	0.597844440079376
PWY-6125	44	44	0.0734504742425661	0.0758780651782047	0.00543691669250251	0.00795686561006604	-0.35624488354038	-0.783422422153708	0.0709326550729484
PWY-6126	44	44	0.0869305578148604	0.0860882414966086	0.00444320815471223	0.00544541141551948	0.169492489007943	-0.255096803012214	0.5940817810281
PWY-6141	44	44	0	0	0	0	NA	NA	NA
PWY-6143	44	44	0.000562536677472982	0.00145495933056106	0.00298416825086063	0.0048153671618424	-0.222782094731808	-0.647923772640728	0.202359583177111
PWY-6147	44	44	0.0689913884583649	0.0709444718408713	0.00918006998054632	0.00772611615155882	-0.230199817796683	-0.655430218217698	0.195030582624331
PWY-6148	44	44	0	0	0	0	NA	NA	NA
PWY-6151	44	44	0.0695296615697961	0.0691946143534209	0.00802319786544977	0.0065491178433833	0.0457505957601021	-0.378133842681913	0.469635034202117
PWY-6163	44	44	0.081295149193813	0.0809041519668513	0.00382049680903521	0.00533744826163079	0.0842418499582097	-0.339775091626981	0.508258791543401
PWY-6165	44	44	0.000239721796550593	0	0.00159013450645646	0	0.21320071635561	-0.21183063466213	0.638232067373351
PWY-6167	44	44	0	0	0	0	NA	NA	NA
PWY-6174	44	44	0.000202666321987215	0	0.0013443362953459	0	0.21320071635561	-0.21183063466213	0.638232067373351
PWY-6182	44	44	0.00478814087034352	0.00384243465221239	0.00642013601699314	0.00786145533700235	0.131767755737632	-0.292520918901694	0.556056430376958
PWY-6185	44	44	0.00366527571638703	0.00231964727325774	0.00600103300418152	0.00561904267376434	0.231479034993607	-0.193766957841264	0.656725027828478
PWY-621	44	44	0.067820648532646	0.06766031286438	0.0139836637734567	0.0118088405960987	0.0123887704421776	-0.411444291999215	0.43622183288357
PWY-6210	44	44	0	0	0	0	NA	NA	NA
PWY-6263	44	44	0.0211130052206468	0.0234970418437473	0.0161959317598184	0.0163799673467735	-0.146365788495896	-0.570761884988364	0.278030307996571
PWY-6269	44	44	0.0625352322637534	0.0560789548849126	0.0116349465520284	0.0145997122522844	0.489081342595745	0.0589627559448845	0.919199929246605
PWY-6277	44	44	0.0866760440166522	0.0867859959835223	0.00382930059848625	0.0060595575446758	-0.0216926907393082	-0.445534152544684	0.402148771066068
PWY-6282	44	44	0.0524903749687243	0.0471170350043766	0.0127817687488601	0.0236002492774121	0.283131982217983	-0.142815203335111	0.709079167771076
PWY-6317	44	44	0.0720315991245698	0.0698151258794055	0.0105173110221014	0.0166289086583964	0.15931130315512	-0.265189462471284	0.583812068781525
PWY-6338	44	44	0.000311863005869315	0.000259350087010848	0.00206866515292184	0.00172033385592202	0.0276022283987519	-0.396246949715806	0.451451406513309
PWY-6339	44	44	0	0.000482454883551051	0	0.00320024365402688	-0.21320071635561	-0.638232067373351	0.21183063466213
PWY-6349	44	44	0.000154352914029088	0	0.00102386140226494	0	0.21320071635561	-0.21183063466213	0.638232067373351
PWY-6350	44	44	0.000149760517688279	0	0.000993398891162807	0	0.21320071635561	-0.21183063466213	0.638232067373351
PWY-6353	44	44	0.0586439214127769	0.056009015637032	0.0110912878443958	0.0190377922083124	0.169124278423191	-0.255461716750467	0.593710273596849
PWY-6383	44	44	0.027645591771464	0.0354653259743231	0.017137734274481	0.0189642640664081	-0.432648917076403	-0.861407648189222	-0.00389018596358365
PWY-6385	44	44	0.0820531659824057	0.0817288097121514	0.00376179089831585	0.00504852186108238	0.0728581102288664	-0.351111476619719	0.496827697077452
PWY-6386	44	44	0.0827870876554412	0.0824610727654667	0.00358698432736645	0.00506382884131116	0.0742971805442941	-0.349678013964239	0.498272375052827
PWY-6387	44	44	0.0831131098431177	0.0828515334184926	0.00358181567178253	0.00499854359311547	0.0601564853465025	-0.363768360249055	0.48408133094206
PWY-6396	44	44	0.0167440926444342	0.0132152795564662	0.0134202201206941	0.0141086075450137	0.256292084754119	-0.169273322321219	0.681857491829457
PWY-6397	44	44	0.00831320996422878	0.0132919642972333	0.0084252692647185	0.011855467647484	-0.48410798060847	-0.914100214613527	-0.0541157466034125
PWY-6404	44	44	0.0004783773425351	0	0.0031731963067925	0	0.21320071635561	-0.21183063466213	0.638232067373351
PWY-6467	44	44	0.0470562927715801	0.0464793844889923	0.00969096654809469	0.0121600358948653	0.0524699212921576	-0.371431996803394	0.476371839387709
PWY-6470	44	44	0.0211089688368997	0.0210517539876422	0.0184430084994678	0.0194355869671436	0.00301992273364504	-0.420809315685029	0.426849161152319
PWY-6471	44	44	0.0480141444618752	0.044721522701516	0.0179361687529936	0.0181037014251615	0.182719092477173	-0.241993362836533	0.60743154779088
PWY-6478	44	44	0.019683970843417	0.0239281407718291	0.0153340905683265	0.0183239199696252	-0.251204605285794	-0.676701893767264	0.174292683195675
PWY-6505	44	44	0	0	0	0	NA	NA	NA
PWY-6507	44	44	0.0507701184397882	0.048318577859908	0.0168040697578819	0.0168482665780973	0.145697965284546	-0.278692971420832	0.570088901989923
PWY-6519	44	44	0.0489565465088303	0.0442200625635015	0.0101472973535602	0.0205677793347565	0.292063781482767	-0.134018795512046	0.718146358477581
PWY-6545	44	44	0.0521237354615406	0.0468929339045374	0.00823605810998769	0.012366770766636	0.497867223078755	0.0675223603045363	0.928212085852974
PWY-6562	44	44	0.00871233289507563	0.00428288139758561	0.00965439169149763	0.00814302898766305	0.495978157209789	0.0656822763063213	0.926274038113257
PWY-6572	44	44	0.0176951459915553	0.0128331247032203	0.0176025677954478	0.0160973796160897	0.288260324398998	-0.137764089656182	0.714284738454177
PWY-6581	44	44	0	0	0	0	NA	NA	NA
PWY-6588	44	44	0.0313531738634185	0.0337078131666696	0.0184592744701264	0.0231048258558872	-0.112600459867438	-0.536765178116937	0.31156425838206
PWY-6590	44	44	0.0354955709443054	0.032741302707211	0.0148541942824668	0.0193108250033944	0.159878744578902	-0.264626811216105	0.584384300373909
PWY-6608	44	44	0.0603124621356748	0.0584481323047801	0.0139174228668867	0.019929033354682	0.108466361760972	-0.315674166061292	0.532606889583235
PWY-6609	44	44	0.0810582525694392	0.0809073891623211	0.00583247430104116	0.00798841973988812	0.0215703453059821	-0.40227097629464	0.445411666906604
PWY-6612	44	44	0.071229086968077	0.0737144024987494	0.00644197435127694	0.00573447214107205	-0.407529536048265	-0.835735287706316	0.0206762156097861
PWY-6628	44	44	0.0623904976660717	0.0607814785376462	0.0129091184931781	0.0167683635813542	0.10752831346387	-0.316606851175994	0.531663478103733
PWY-6629	44	44	0.00329473799125965	0.0029493498125969	0.0100275097614426	0.01047148488306	0.0336901594269416	-0.390168902425178	0.457549221279062
PWY-6630	44	44	0.062366594893483	0.0608156407233726	0.0128775054652367	0.0167464118331198	0.103827864350227	-0.320286597109946	0.527942325810399
PWY-6641	44	44	0.000107698826811585	0	0.000714393197790988	0	0.21320071635561	-0.21183063466213	0.638232067373351
PWY-6654	44	44	0.000189860272837741	0	0.00125939057519458	0	0.21320071635561	-0.21183063466213	0.638232067373351
PWY-6690	44	44	0.0023198309740847	0.000971071095181144	0.00578415024213079	0.00349352668136829	0.282277552836104	-0.143656899111486	0.708212004783695
PWY-6700	44	44	0.0595327780724462	0.0588360002171148	0.00863520547902981	0.0132508002352959	0.0623029580446399	-0.361628848790219	0.486234764879499
PWY-6703	44	44	0.0548908567662388	0.050445280267137	0.00899095017095985	0.0141744071494908	0.374550473460661	-0.0529785072948527	0.802079454216176
PWY-6708	44	44	0.0342738282948837	0.0331367664387766	0.0116553740098347	0.0175756986600895	0.0762499707531716	-0.347733008512091	0.500232950018434
PWY-6713	44	44	0	0	0	0	NA	NA	NA
PWY-6728	44	44	0.00219136023321226	0.00170971603639665	0.00869701821577596	0.0065297454608078	0.0626316082014556	-0.36130128601317	0.486564502416082
PWY-6731	44	44	0.000382869236633249	0	0.00253966720336456	0	0.21320071635561	-0.21183063466213	0.638232067373351
PWY-6737	44	44	0.0848941335353	0.0821347082883432	0.010022918237461	0.00751115118846557	0.311569535711061	-0.114823172511783	0.737962243933905
PWY-6749	44	44	0.0230538343155521	0.0180552184284895	0.0203613011076683	0.0179011189873865	0.260742274385819	-0.164883828956923	0.686368377728561
PWY-6876	44	44	0.00684397161018612	0.00681088730496344	0.00994798199716784	0.0111588466706845	0.00312979248153312	-0.420699463835102	0.426959048798168
PWY-6891	44	44	0.0311554811290924	0.0279149319428716	0.0143537185490531	0.0165934928844692	0.208877972178361	-0.216105182065675	0.633861126422397
PWY-6892	44	44	0.0624260476771248	0.0608255623223626	0.0153734606660628	0.0154812016207959	0.103742869223456	-0.320371125213303	0.527856863660215
PWY-6895	44	44	0.0458267385694449	0.0422921118379239	0.0173417976530305	0.0229610720407789	0.173722800359205	-0.250904881088718	0.598350481807128
PWY-6897	44	44	0.0725921988819617	0.0746931574459943	0.00636867761046346	0.00793841315345196	-0.291942797021698	-0.718023512290116	0.13413791824672
PWY-6901	44	44	0.058936336549636	0.0559703600146416	0.0155459471036132	0.0195411484247532	0.167978231037072	-0.256597548499174	0.592554010573317
PWY-6906	44	44	0.00186966819032437	0.00122560700292838	0.00588927095176246	0.0058258389730674	0.10995231810418	-0.314196800704001	0.53410143691236
PWY-6944	44	44	0.000203191380059525	0.000654562018243091	0.00134781913658389	0.00434187323306019	-0.140408706103341	-0.564759607925349	0.283942195718666
PWY-6948	44	44	0.000276932302386963	0	0.0018369610786936	0	0.21320071635561	-0.21183063466213	0.638232067373351
PWY-6957	44	44	0	0	0	0	NA	NA	NA
PWY-6969	44	44	0.0786863703540219	0.0789819681359452	0.00739386871958688	0.00844614664993667	-0.0372408316275546	-0.46110656435874	0.386624901103631
PWY-6992	44	44	0.000473675902954991	0	0.00219828804599573	0	0.304727529837812	-0.121554137816677	0.731009197492302
PWY-7003	44	44	0.0242608300665493	0.0273523174802604	0.0212541696167249	0.0225428558886414	-0.141112323485246	-0.565468465906383	0.283243818935892
PWY-7007	44	44	0.00966244212864375	0.0116902283368858	0.0118357584847236	0.0157628901567933	-0.145482761113241	-0.569872040105373	0.278906517878891
PWY-7013	44	44	0.0137309506731725	0.0150338797271586	0.0157899146357666	0.0215877819869793	-0.0688930388445703	-0.492847741960258	0.355061664271117
PWY-7031	44	44	0.000907724352385171	0.00145063559050591	0.00375525262461765	0.0048013584898563	-0.125960796287066	-0.550209867614443	0.298288275040312
PWY-7046	44	44	0.000234548222947327	0	0.00155581690152182	0	0.21320071635561	-0.21183063466213	0.638232067373351
PWY-7090	44	44	0.00356904291640245	0.00232220977571039	0.00651152091642289	0.00599442858081135	0.199228166109681	-0.225650939948139	0.624107272167501
PWY-7094	44	44	0.0365503837009172	0.0348797483292854	0.0159915689537255	0.0224791575730169	0.0856430506194227	-0.338380193714982	0.509666294953827
PWY-7097	44	44	0.000311863005869315	0.000259350087010848	0.00206866515292184	0.00172033385592202	0.0276022283987519	-0.396246949715806	0.451451406513309
PWY-7098	44	44	0.000328171648317809	0.000271386842214577	0.00217684444860528	0.00180017665733027	0.0284292289822453	-0.395421176535114	0.452279634499604
PWY-7111	44	44	0.0923617746710618	0.0883460253057043	0.00658155758333786	0.00918259263602765	0.502682145732038	0.0722116194552564	0.933152672008819
PWY-7159	44	44	0.0030028142538962	0.00450527418293151	0.00592516626145943	0.00961961056593428	-0.188068836661165	-0.612833724183035	0.236696050860705
PWY-7184	44	44	0.0648114261668355	0.0684061622563932	0.00669374075660539	0.00943317817901977	-0.439509770390582	-0.86842515593561	-0.0105943848455544
PWY-7187	44	44	0.0664758429268549	0.0682304651813216	0.00397625731240497	0.00606900229233577	-0.342000404991869	-0.768916462417222	0.0849156524334845
PWY-7196	44	44	0.0716916584669281	0.0720595756079993	0.00467290660850549	0.00653383922450833	-0.0647729845286032	-0.488713103755917	0.359167134698711
PWY-7197	44	44	0.0626359429598711	0.0652404220418726	0.00646345880071326	0.00882920728546988	-0.336614021390713	-0.763433942355524	0.0902058995740974
PWY-7198	44	44	0.0157926443617751	0.0106614157405659	0.0172464446767109	0.0174727380454758	0.295578365042991	-0.130558627956543	0.721715358042525
PWY-7199	44	44	0.0683802658299145	0.0686437382208893	0.00558615198791715	0.0068395714843991	-0.0421934502134003	-0.466069603012766	0.381682702585965
PWY-7200	44	44	0.0634849894278429	0.0650820054505333	0.00503099749640974	0.00692657765879731	-0.263819328069029	-0.689488005263699	0.161849349125641
PWY-7208	44	44	0.0891177904989646	0.0886778458230286	0.00395851495819445	0.00554697267070904	0.0913004293873418	-0.332749318734094	0.515350177508778
PWY-7209	44	44	0.000272054592856942	0	0.00180460601399876	0	0.21320071635561	-0.21183063466213	0.638232067373351
PWY-7210	44	44	0.0174761822784103	0.0117595484942572	0.0186797324979461	0.01915821011499	0.30213993566025	-0.124100372446296	0.728380243766796
PWY-7211	44	44	0.0623423307530518	0.0660811967556612	0.00729181353533253	0.00733494712603784	-0.511234145701807	-0.941930757987998	-0.0805375334156155
PWY-7219	44	44	0.087787717868502	0.087210320203351	0.00353947615297353	0.00522021744120061	0.129468907681497	-0.294803875913514	0.553741691276508
PWY-722	44	44	0.00144389722969717	0.00197798277451881	0.00425803427755435	0.00664755130130901	-0.0956773927279621	-0.519748807733053	0.328394022277128
PWY-7220	44	44	0.0895548648388713	0.087669357570919	0.00935569679612897	0.00955198867809411	0.199432730266681	-0.225448530695764	0.624313991229126
PWY-7221	44	44	0.0853553588341601	0.0857365947885586	0.00392034540411569	0.00557592174103726	-0.0790986723976092	-0.503093369875031	0.344896025079812
PWY-7222	44	44	0.0895548648388713	0.087669357570919	0.00935569679612897	0.00955198867809411	0.199432730266681	-0.225448530695764	0.624313991229126
PWY-7228	44	44	0.0723422710556733	0.0755877931704188	0.00672474127430189	0.00933007701939874	-0.399084461305002	-0.827111577079412	0.028942654469409
PWY-7229	44	44	0.0889255557483236	0.0882599944653916	0.00431355922125676	0.00517159203762482	0.139766816293209	-0.284579327475234	0.564112960061651
PWY-7234	44	44	0.0613571730648286	0.0659983763788714	0.00889148449503712	0.00925899738949636	-0.511308980359219	-0.942007587325702	-0.080610373392735
PWY-7237	44	44	0.0347306094377287	0.0332071869778855	0.0134864916675917	0.0182432608325621	0.0949636533902692	-0.329104159311811	0.519031466092349
PWY-7242	44	44	0.0639757263230669	0.0619948208832329	0.00987825157040949	0.01557079110699	0.15192194589087	-0.27251799130096	0.5763618830827
PWY-7254	44	44	0.0486356816030946	0.0546646541581873	0.0153624625896444	0.0181814818486419	-0.358204409286664	-0.785418740173356	0.0690099216000271
PWY-7255	44	44	0.00272642974418354	0.00270357952018201	0.00657108330198474	0.00686095088459958	0.00340155552779259	-0.420427747806785	0.42723085886237
PWY-7286	44	44	0.000155494467739241	0	0.00103143361293417	0	0.21320071635561	-0.21183063466213	0.638232067373351
PWY-7295	44	44	0	0.000380056873118411	0	0.00252101209425896	-0.21320071635561	-0.638232067373351	0.21183063466213
PWY-7315	44	44	0.0218126518211916	0.0166035634294204	0.0164834030991717	0.0171248574720658	0.309932127993886	-0.116433784575321	0.736298040563093
PWY-7323	44	44	0.0598863174968784	0.0573958291585564	0.0106246667407571	0.015489654075626	0.187511222768544	-0.237248129319261	0.61227057485635
PWY-7328	44	44	0.0440965469000537	0.0434158974219365	0.00937762880272591	0.0143138728940017	0.0562513622353074	-0.367661444215534	0.480164168686149
PWY-7332	44	44	0.0074053330299791	0.00504603853432115	0.0139615509081851	0.0127139405433723	0.176695401180971	-0.247959820157767	0.60135062251971
PWY-7347	44	44	0.00280406871387406	0.00347103683330942	0.0065511733744734	0.00749666437409692	-0.0947423468274656	-0.518809048048735	0.329324354393803
PWY-7371	44	44	0.0142887107184759	0.0160041795289695	0.0115102130941517	0.0122541063339372	-0.144302803264688	-0.568683036501946	0.28007742997257
PWY-7373	44	44	0.000981732130792605	0.00194719390201416	0.00386010738614951	0.00640268669636509	-0.182626701697489	-0.607338264734495	0.242084861339516
PWY-7374	44	44	0.0101628208420402	0.0137338983472415	0.0103562171758787	0.0120402358525586	-0.317999028301441	-0.744498302127698	0.108500245524815
PWY-7376	44	44	0.0175096298114561	0.0163162375385857	0.0152567766592117	0.0184017045656934	0.0706043005274089	-0.353356724100837	0.494565325155655
PWY-7377	44	44	0.0219639155209448	0.0258923300540837	0.0179020841942057	0.019176838290124	-0.211769638051269	-0.636784924442813	0.213245648340274
PWY-7391	44	44	0.00125907324974215	0.000367885927848893	0.00422804256789467	0.00244027917665308	0.258172554564171	-0.16741837387651	0.683763483004852
PWY-7392	44	44	0.0607078776963422	0.0646267761319384	0.0106142586475416	0.0132183364494455	-0.326923032167508	-0.753573778190162	0.0997277138551456
PWY-7400	44	44	0.0725381982568102	0.0715946009035394	0.00612285965978158	0.0081089397315671	0.131331420119881	-0.292954216842268	0.555617057082029
PWY-7431	44	44	0.0237566255549743	0.0241615054838707	0.0124153626839927	0.0152023129657982	-0.029172191006046	-0.453023730092433	0.394679348080341
PWY-7446	44	44	0.00194882467923989	0.00300953852078256	0.00385746412146977	0.00679931293404772	-0.191891021655543	-0.616694292497607	0.232912249186522
PWY-7456	44	44	0.0348788754231983	0.0262997651555067	0.0191095492884255	0.021664746940941	0.419985865775443	-0.00849005645963119	0.848461788010516
PWY-7527	44	44	0.00121121949435626	0	0.00597880207230223	0	0.286499371481905	-0.139498369410926	0.712497112374737
PWY-7539	44	44	0.0697638426308371	0.0717888515603817	0.00897941675925277	0.00683026559303201	-0.25383860450042	-0.679370991664723	0.171693782663882
PWY-7560	44	44	0.0785743473433064	0.077124343687687	0.00554072599021508	0.00588442883423185	0.253711745018046	-0.171818943387677	0.679242433423769
PWY-7616	44	44	0.00634211954890233	0.00792301159195603	0.00953899727943053	0.0140949570302977	-0.131362902651324	-0.555648758451726	0.292922953149079
PWY-7644	44	44	0	0	0	0	NA	NA	NA
PWY-7663	44	44	0.0860848157816713	0.0825264717898943	0.00849607279086257	0.0155447925214631	0.284066467262997	-0.141894688594377	0.71002762312037
PWY-7664	44	44	0.0546187059110219	0.0487849670897294	0.0127705028776507	0.0237902262671827	0.305548504442484	-0.120746358352261	0.731843367237229
PWY-841	44	44	0.0770906910386738	0.0787537573053764	0.00435228572509703	0.00625113584507979	-0.308772841530927	-0.735119867105284	0.117574184043429
PWY-922	44	44	0.0200172514960612	0.0243805262976488	0.0127204816566019	0.0148202925889138	-0.315942297255339	-0.742407247934883	0.110522653424204
PWY0-1061	44	44	0.0504542356811869	0.0533673898772738	0.0118578707340701	0.014675570267325	-0.218355824090391	-0.643445935652914	0.206734287472132
PWY0-1241	44	44	0.0227569418527628	0.0262036103791275	0.0118186199875252	0.0133271835220259	-0.273642696122422	-0.699450601397907	0.152165209153063
PWY0-1261	44	44	0.0628863786715018	0.0615684449337492	0.0154603030086481	0.0186205004135197	0.0770113341775699	-0.346974734926858	0.500997403281997
PWY0-1277	44	44	0.00309439613267545	0.00134201131831828	0.00753162292254223	0.00458940295935066	0.28098832689681	-0.144926983777752	0.706903637571371
PWY0-1296	44	44	0.0636920699079964	0.0550520062503275	0.0108754444186779	0.022087941756751	0.49629626089444	0.0659921444809572	0.926600377307923
PWY0-1297	44	44	0.0619591058619967	0.054470200957576	0.00949674559919472	0.0202773472042352	0.472997572380741	0.043283073540158	0.902712071221323
PWY0-1298	44	44	0.0627517140431471	0.0541082479311559	0.00996661132514546	0.020372026877366	0.538979650761779	0.107524150270834	0.970435151252725
PWY0-1319	44	44	0.0885382370794535	0.088165075088453	0.00496329886844143	0.00537089093924246	0.0721628091412596	-0.351804107582429	0.496129725864948
PWY0-1338	44	44	0.00442771152962213	0.00393701789836951	0.00659161296243218	0.00751887780066893	0.0694004980902407	-0.354556063445975	0.493357059626457
PWY0-1415	44	44	0.0316426621277235	0.0365480891008056	0.0118771239333127	0.0156502480551173	-0.35310203529417	-0.780220978331764	0.0740169077434249
PWY0-1479	44	44	0.037247089010355	0.039873172263894	0.014910969904686	0.0188284412240603	-0.154629761184016	-0.579091654549196	0.269832132181165
PWY0-1533	44	44	0.0125855114343052	0.00740852200921766	0.01243539071611	0.0117858254081105	0.427321959332469	-0.00131680192588296	0.855960720590822
PWY0-1586	44	44	0.0674609656320772	0.0640190558997009	0.0123646607510451	0.0131044425698956	0.270167242592928	-0.155590828002896	0.695925313188753
PWY0-162	44	44	0.0763099885723384	0.0773478809244632	0.00408991571881632	0.00575865992093216	-0.207808070006038	-0.63277944687044	0.217163306858364
PWY0-166	44	44	0.0678383998033088	0.0701557235725833	0.00443964899599901	0.00685888492200073	-0.401107249621589	-0.829176818848517	0.0269623196053398
PWY0-321	44	44	0.0074974994829111	0.00479476727255845	0.00978382413451581	0.00987813120776704	0.274916820299887	-0.150909512786321	0.700743153386095
PWY0-41	44	44	0.00804623680446135	0.00730864125225418	0.0108238033833808	0.0107920001051762	0.0682458789243095	-0.355706473933988	0.492198231782607
PWY0-42	44	44	0.0144853216451422	0.0165568133877354	0.010157953731565	0.0127419167455121	-0.179776469528514	-0.604460726856832	0.244907787799805
PWY0-781	44	44	0.061903101496387	0.0601800172934481	0.00928659857235936	0.0145146713658873	0.141417859947267	-0.282940566271328	0.565776286165862
PWY0-845	44	44	0.0430657102727988	0.0372807485872849	0.0125991991203594	0.0199137107225809	0.347178907478542	-0.0798309941715574	0.774188809128641
PWY0-862	44	44	0.0518679691873848	0.0483117971891204	0.0125053052109355	0.020706537458428	0.207905806253492	-0.217066643985483	0.632878256492466
PWY1G-0	44	44	0.011943934356553	0.015924536996703	0.011350885818527	0.012498966349315	-0.333419140868671	-0.760182750444726	0.093344468707385
PWY490-3	44	44	0.0272213061956907	0.0230424139955196	0.017701469382789	0.0152533748005277	0.252916333509066	-0.172603722846525	0.678436389864657
PWY4FS-7	44	44	0.0826901767810022	0.0810037556426869	0.00518580473542716	0.0137502242606544	0.162290512176078	-0.262235592444766	0.586816616796922
PWY4FS-8	44	44	0.0826901767810022	0.0810037556426869	0.00518580473542716	0.0137502242606544	0.162290512176078	-0.262235592444766	0.586816616796922
PWYG-321	44	44	0.0551795641136792	0.0496343476659926	0.0124236655284868	0.0244197840173347	0.286225294698334	-0.139768309301391	0.712218898698058
PYRIDNUCSAL-PWY	44	44	0.0700900341354092	0.0694405582256123	0.00813854464730874	0.00710100987953543	0.0850386961692386	-0.338981816975333	0.50905920931381
PYRIDNUCSYN-PWY	44	44	0.0668878697179179	0.0633682162067308	0.00859997580793076	0.011999228827421	0.337167234666703	-0.0896624907472851	0.763996960080691
PYRIDOXSYN-PWY	44	44	0.0378035662627077	0.0325500541277123	0.0127447864095276	0.0179972758028903	0.336898075425193	-0.0899268777694848	0.763723028619871
REDCITCYC	44	44	0.056538531578239	0.0619895092381048	0.0159571857624093	0.0180949048030402	-0.319526224903112	-0.74605112717972	0.106998677373495
RHAMCAT-PWY	44	44	0.0379075915070795	0.0314560855802914	0.0154363398822634	0.0157882523856139	0.413206114706583	-0.0151217710358869	0.841534000449053
RIBOSYN2-PWY	44	44	0.0747626524062582	0.0766557971673691	0.00415393102538651	0.00516279443925963	-0.40403513569932	-0.832166526847751	0.0240962554491118
RUMP-PWY	44	44	0.0299391465543473	0.025154634767114	0.0194868586709509	0.0208787110157655	0.236918248980708	-0.188395000822985	0.6622314987844
SALVADEHYPOX-PWY	44	44	0.0589628112329362	0.0570899568917827	0.0158059064759329	0.0218194175094123	0.0983052054989922	-0.325779704498095	0.52239011549608
SER-GLYSYN-PWY	44	44	0.0817699896547205	0.0805550535424821	0.0035175054269184	0.00549800177075136	0.263244444954341	-0.162416240590386	0.688905130499068
SO4ASSIM-PWY	44	44	0.0451497313158668	0.0452476730537494	0.00948090939790153	0.0133623059523882	-0.00845395843230446	-0.432284848441663	0.415376931577054
SUCSYN-PWY	44	44	0.00457719291159845	0.00566818497112924	0.0100913362153969	0.0120110588899463	-0.0983513327271672	-0.52243648286959	0.325733817415256
SULFATE-CYS-PWY	44	44	0.0567770552282202	0.0559378301813756	0.00799196254596755	0.0131878585882421	0.0769654221176829	-0.347020459792797	0.500951304028163
TCA	44	44	0.0754893089859579	0.0768770090303577	0.00792249100858496	0.00941990404542321	-0.159442329165091	-0.583944199365874	0.265059541035692
TCA-GLYOX-BYPASS	44	44	0.0405658525692219	0.0387538367101766	0.0137109172588552	0.0203102238016926	0.104573705163092	-0.319544870856058	0.528692281182243
TEICHOICACID-PWY	44	44	0.0318550679222295	0.0275083402911337	0.0138393724524619	0.0196315236046058	0.255927978043639	-0.169632508831092	0.68148846491837
THISYN-PWY	44	44	0.0632861998475598	0.0643062545036961	0.0132510099779898	0.0150926620041391	-0.0718261339915142	-0.495791766995389	0.35213949901236
THREOCAT-PWY	44	44	0.00416452683599864	0.00320269574339085	0.00808630056490183	0.00884372778469343	0.113510732389439	-0.310659433614365	0.537680898393243
THRESYN-PWY	44	44	0.0819541965722256	0.0816821102733559	0.00338588190458308	0.00452733046730706	0.0680631512087144	-0.355888542060149	0.492014844477577
TRNA-CHARGING-PWY	44	44	0.082636823531271	0.0822109168827988	0.00408361324299704	0.00531149514145034	0.0899010741720149	-0.334141960623287	0.513944108967317
TRPSYN-PWY	44	44	0.0711569522445507	0.0692460024405334	0.00862386496386246	0.00917922087183333	0.214571871221123	-0.210474972668481	0.639618715110727
TYRFUMCAT-PWY	44	44	0.0243426550381257	0.0243776444891299	0.0120226663173083	0.0155492153488186	-0.00251754398278804	-0.426346708710731	0.421311620745155
UBISYN-PWY	44	44	0.0333072327962086	0.0317068056205413	0.0109188980780339	0.0165770116130063	0.114022871793001	-0.310150378487902	0.538196122073905
UDPNAGSYN-PWY	44	44	0.0727356224972117	0.0739466692516697	0.00780945958668299	0.00810367130602105	-0.152181218182075	-0.576623240926207	0.272260804562057
VALDEG-PWY	44	44	0.00191464546251508	0.00152081804438204	0.0056809616309931	0.00598055208826515	0.0675208258916118	-0.356428920160841	0.491470571944065
VALSYN-PWY	44	44	0.0876460912498694	0.0850311004190248	0.00513187047327188	0.00780733142951916	0.395823551705086	-0.0321355685651661	0.823782671975338
CENTBENZCOA-PWY	44	44	0	0	0	0	NA	NA	NA
PWY-7185	44	44	0	0	0	0	NA	NA	NA
PWY-7316	44	44	0	0	0	0	NA	NA	NA
PWY-5266	44	44	0	0.000223172879451843	0	0.00148036140904996	-0.21320071635561	-0.638232067373351	0.21183063466213
PWY-5499	44	44	0.00035122233405638	0	0.00162811309853946	0	0.305079167212921	-0.121208147847895	0.731366482273737
PWY-6113	44	44	0	0.00111820973470115	0	0.00741736425385312	-0.21320071635561	-0.638232067373351	0.21183063466213
PWY-6284	44	44	0	0.000717060306986532	0	0.00475643998066277	-0.21320071635561	-0.638232067373351	0.21183063466213
PWY-6285	44	44	0	0.000862241291404195	0	0.00571946168467842	-0.21320071635561	-0.638232067373351	0.21183063466213
PWY-7084	44	44	0.000297192407699451	0	0.00197135141376282	0	0.21320071635561	-0.21183063466213	0.638232067373351
PWY-7398	44	44	0.00240680167438338	0.00298223333382537	0.00568596982337816	0.00648252467744736	-0.0943753108926292	-0.518440174438567	0.329689552653309
PWY-1422	44	44	0	0	0	0	NA	NA	NA
PWY-3941	44	44	0	0	0	0	NA	NA	NA
PWY-5273	44	44	0	0	0	0	NA	NA	NA
PWY-5392	44	44	0	0	0	0	NA	NA	NA
PWY-622	44	44	0	0	0	0	NA	NA	NA
PWY-6660	44	44	0	0	0	0	NA	NA	NA
PWY-7002	44	44	0	0	0	0	NA	NA	NA
PWY-7385	44	44	0	0	0	0	NA	NA	NA
PWY-2221	44	44	0	0	0	0	NA	NA	NA
PWY-3081	44	44	0	0	0	0	NA	NA	NA
PWY-5427	44	44	0	0	0	0	NA	NA	NA
PWY-5656	44	44	0	0	0	0	NA	NA	NA
PWY-5743	44	44	0	0	0	0	NA	NA	NA
PWY-5744	44	44	0	0	0	0	NA	NA	NA
PWY-6565	44	44	0	0	0	0	NA	NA	NA
PWY-6915	44	44	0	0	0	0	NA	NA	NA
PWY-6919	44	44	0	0	0	0	NA	NA	NA
PWY-6942	44	44	0	0	0	0	NA	NA	NA
PWY-6956	44	44	0	0	0	0	NA	NA	NA
PWY-7024	44	44	0	0	0	0	NA	NA	NA
