len_control	len_case	mean_control	mean_case	sd_control	sd_case	cohen.d	lower	upper
1CMET2-PWY	24	24	0.0754873969984839	0.0760459862454547	0.00300315932223106	0.00343940335506785	-0.173009744392261	-0.755168693056076	0.409149204271554
3-HYDROXYPHENYLACETATE-DEGRADATION-PWY	24	24	0.00924759808816363	0.00837291434186127	0.00779089477340901	0.00850960748379396	0.107215686148803	-0.474274543888415	0.688705916186021
AEROBACTINSYN-PWY	24	24	0.000399828587016895	0.000479369564700255	0.00136675633871194	0.00187153544209998	-0.048539106493513	-0.629697572752847	0.532619359765821
ALL-CHORISMATE-PWY	24	24	0.0349302678674286	0.0338449618172785	0.0120083114954654	0.0124638544716847	0.0886818164419096	-0.492676635548083	0.670040268431902
ANAEROFRUCAT-PWY	24	24	0.0750970526872278	0.0773607593227019	0.00375147153584058	0.00330991661970116	-0.639900781022335	-1.23565897501516	-0.044142587029514
ANAGLYCOLYSIS-PWY	24	24	0.0849485368440519	0.0863713812814142	0.00431562405176948	0.0043464709423333	-0.328519928812968	-0.913499236736594	0.256459379110658
ARG+POLYAMINE-SYN	24	24	0.0517003474691327	0.0489563139610444	0.00422754452034798	0.00511405968637583	0.584858869086101	-0.00850662287200499	1.17822436104421
ARGDEG-PWY	24	24	0.0109587745386811	0.0107308767642328	0.00674990525625348	0.00930132485618735	0.0280442190051656	-0.553057250810378	0.609145688820709
ARGORNPROST-PWY	24	24	0.0365859671422458	0.0373441588985488	0.00639203990315923	0.00552035927859676	-0.126955116849285	-0.708613074121523	0.454702840422952
ARGSYN-PWY	24	24	0.0734270603833362	0.0704956729650019	0.00458142979210867	0.00665223507961952	0.513245891298386	-0.0773162228759765	1.10380800547275
ARGSYNBSUB-PWY	24	24	0.0737720446490008	0.0707242587412584	0.00445396206097969	0.00705854943477183	0.516422219212521	-0.0742567521191532	1.10710119054419
ARO-PWY	24	24	0.0818564747875338	0.0826531715075348	0.00369653315598744	0.00384208285725526	-0.211324802409254	-0.79401730661251	0.371367701794003
ASPASN-PWY	24	24	0.0686468069135898	0.0719538096289762	0.00741362701722628	0.00681282165044298	-0.464495068534762	-1.05335145741533	0.124361320345809
AST-PWY	24	24	0.0194664252012657	0.0183811211827578	0.00720574835920238	0.0089661918118751	0.133432371129054	-0.448286773517137	0.715151515775245
BIOTIN-BIOSYNTHESIS-PWY	24	24	0.0578992775489121	0.0536111379806116	0.00477214057318734	0.0069619924109817	0.718478595824282	0.118951449011883	1.31800574263668
BRANCHED-CHAIN-AA-SYN-PWY	24	24	0.0839096077084059	0.0812788835990109	0.0034801127859088	0.0056386649212914	0.561474084823762	-0.0309372663768629	1.15388543602439
CALVIN-PWY	24	24	0.0859940907444413	0.0884459000396686	0.00376313572201337	0.00483517581873409	-0.565918487631566	-1.15850829890824	0.0266713236451104
CATECHOL-ORTHO-CLEAVAGE-PWY	24	24	0.0123656692989141	0.010266518876131	0.00881530721031176	0.00888768651868606	0.237150044824516	-0.345961762512142	0.820261852161173
CENTFERM-PWY	24	24	0.0407616572767498	0.0390964477241988	0.00585653749266329	0.00894765581915981	0.220215367783097	-0.362616067905053	0.803046803471247
CHLOROPHYLL-SYN	24	24	0.00154846753327067	0.00101838462785864	0.00364043244297111	0.00282160865977476	0.162759079011331	-0.419275091467218	0.74479324948988
COA-PWY	24	24	0.0778831997375602	0.0797531310378662	0.00391902505855657	0.00503931526588119	-0.414246100000398	-1.00151794337078	0.173025743369983
COBALSYN-PWY	24	24	0.0668294082523968	0.0664606836620936	0.00697137077240928	0.0080200686827724	0.0490714348576522	-0.532088918186298	0.630231787901603
CODH-PWY	24	24	0.0228983722572145	0.0221697774033107	0.00804426526203626	0.00791229183312837	0.0913191900587205	-0.490056494000695	0.672694874118136
COLANSYN-PWY	24	24	0.0621664389302755	0.0636832617941178	0.00358773671399254	0.00469456274245898	-0.363053079571473	-0.948893293132982	0.222787133990035
COMPLETE-ARO-PWY	24	24	0.0833711594914299	0.0840642421252138	0.00377865887194238	0.00406356865835638	-0.176640039823835	-0.758844999073826	0.405564919426156
CRNFORCAT-PWY	24	24	0.00740957144125763	0.00415841793330502	0.00684361460794301	0.00645600836702683	0.488701620789523	-0.100981077578383	1.07838431915743
DAPLYSINESYN-PWY	24	24	0.0736618949060382	0.0728143324163632	0.00384633950482159	0.0042733048397412	0.208480342177983	-0.374168914069883	0.791129598425849
DENITRIFICATION-PWY	24	24	0.00772109545795956	0.00712178835423499	0.00595479433536288	0.00629768187842187	0.0977879983689175	-0.483632087446306	0.679208084184141
DENOVOPURINE2-PWY	24	24	0.0753188235172654	0.0763362009109345	0.00256804422182003	0.00439491132588851	-0.282658834780035	-0.8666261223118	0.30130845275173
DHGLUCONATE-PYR-CAT-PWY	24	24	0.00665992773092983	0.00439184066332252	0.0068325929944628	0.00616135865457281	0.348634039315607	-0.236836410242374	0.934104488873588
DTDPRHAMSYN-PWY	24	24	0.0742048780638106	0.0757672163621575	0.00581790248763346	0.00520758700150995	-0.282971590654421	-0.866945270949318	0.301002089640476
ECASYN-PWY	24	24	0.0192776224103861	0.0190840529457642	0.00999907467190891	0.0107881313803185	0.0186105011548321	-0.56247498509236	0.599695987402025
ENTBACSYN-PWY	24	24	0.0306893113310482	0.0299697370733677	0.0126076749690075	0.0130638884802441	0.0560511758565956	-0.525135819430269	0.637238171143461
FAO-PWY	24	24	0.042242097068609	0.038104533258042	0.0136737225063057	0.0136321014546213	0.303053224834505	-0.281345569070246	0.887452018739255
FASYN-ELONG-PWY	24	24	0.0757539179623208	0.0741102095146836	0.00472013254708075	0.00407376321315323	0.372823670746547	-0.2132754785853	0.958922820078394
FASYN-INITIAL-PWY	24	24	0.0578485020218856	0.052707903247682	0.0068144308189121	0.0100372795509797	0.599237825717027	0.00526711539045188	1.1932085360436
FERMENTATION-PWY	24	24	0.065921637913459	0.066851703427	0.00399905868473851	0.00348040036567667	-0.248102801134232	-0.83140692178066	0.335201319512197
FOLSYN-PWY	24	24	0.0732917739780631	0.0750492868646645	0.00207789426580837	0.00333809986760407	-0.63212209614171	-1.22752969962695	-0.036714492656471
FUC-RHAMCAT-PWY	24	24	0.0352543179187759	0.0343421210453816	0.0059426332528	0.00546315875989958	0.159812125677553	-0.422187577720078	0.741811829075185
FUCCAT-PWY	24	24	0.0318627920518554	0.0326917420983398	0.00627602780200262	0.00652839882060313	-0.129453525136153	-0.711134723739178	0.452227673466872
GALACT-GLUCUROCAT-PWY	24	24	0.0402679256217191	0.0404489929589026	0.00560563772740864	0.00668961741828778	-0.0293394040758044	-0.610443572923663	0.551764764772054
GALACTARDEG-PWY	24	24	0.0224614269147876	0.0217167372489602	0.00638536968794381	0.00836105372005409	0.100104920549955	-0.481331806545255	0.681541647645166
GALACTUROCAT-PWY	24	24	0.0497621079300205	0.0491507997130255	0.00612510645071912	0.00591208312202663	0.101554022855228	-0.479893310234167	0.683001355944624
GALLATE-DEGRADATION-I-PWY	24	24	0.00712752621924125	0.00712259890024338	0.00556934878951532	0.00599927347205639	0.000851254345648699	-0.580221679914296	0.581924188605593
GALLATE-DEGRADATION-II-PWY	24	24	0.00656610863837671	0.00602403604253685	0.00490990626027586	0.00615870549396988	0.0973302057138679	-0.484086638056179	0.678747049483915
GLCMANNANAUT-PWY	24	24	0.0482397797046304	0.0527194957297463	0.00524626176891148	0.00623832562286794	-0.777232175896314	-1.37984462925165	-0.174619722540982
GLUCARDEG-PWY	24	24	0.0234269254114757	0.0228327548986519	0.00718415480637238	0.00842221061806193	0.0759061620388201	-0.505375957877704	0.657188281955345
GLUCARGALACTSUPER-PWY	24	24	0.0224614269147876	0.0217167372489602	0.00638536968794381	0.00836105372005409	0.100104920549955	-0.481331806545255	0.681541647645166
GLUCONEO-PWY	24	24	0.0774786734322245	0.0793042060456338	0.00315825908239	0.00435944568781143	-0.479578986389577	-1.06894548550073	0.109787512721577
GLUCOSE1PMETAB-PWY	24	24	0.0324849983337453	0.0339613009011876	0.00807052574039332	0.007918591072822	-0.184655092293218	-0.766965004507284	0.397654819920849
GLUCUROCAT-PWY	24	24	0.040427292659648	0.0412207873154449	0.00617126773823209	0.00725948032889906	-0.117774945355629	-0.699351386762011	0.463801496050752
GLUTORN-PWY	24	24	0.0694053825867799	0.0650669433678242	0.00462066383433991	0.00832188365117352	0.644576034397739	0.0486051611366349	1.24054690765884
GLYCOCAT-PWY	24	24	0.0801716933007884	0.0816053788220118	0.00727748125724999	0.00693848722913682	-0.201643395132566	-0.78419108521594	0.380904294950809
GLYCOGENSYNTH-PWY	24	24	0.0773815145519058	0.0798161862569155	0.00747711336162226	0.00721711467394537	-0.331326105847074	-0.916372207186135	0.253719995491988
GLYCOL-GLYOXDEG-PWY	24	24	0.0246053741945968	0.0231448518093476	0.00819889662994418	0.00896309802903063	0.170035779406874	-0.412086186345541	0.752157745159289
GLYCOLYSIS	24	24	0.080189069232135	0.0821972436949236	0.00312652899745164	0.00357107424665815	-0.598353012861838	-1.19228607449619	-0.00441995122748629
GLYCOLYSIS-E-D	24	24	0.0612450362779367	0.0609567945888549	0.00390912280882207	0.00330178345159866	0.0796639733850627	-0.50163936957097	0.660967316341096
GLYCOLYSIS-TCA-GLYOX-BYPASS	24	24	0.048124891720527	0.0439776901322747	0.0124441756513322	0.0155160209790208	0.29487610362824	-0.289346107691325	0.879098314947805
GLYOXYLATE-BYPASS	24	24	0.0373682603936651	0.033611322400731	0.0126992787343147	0.0134665098741546	0.28704076374242	-0.297016728757414	0.871098256242254
GOLPDLCAT-PWY	24	24	0.00983658377588961	0.00997805498868676	0.00611017133778794	0.00842971409214543	-0.0192167484462287	-0.600303067521787	0.56186957062933
HCAMHPDEG-PWY	24	24	0.0061865315251821	0.00544362713027271	0.00528141770960329	0.005658898918395	0.135729631828419	-0.446011943556481	0.717471207213319
HEME-BIOSYNTHESIS-II	24	24	0.0324723537140984	0.0319654661837776	0.00857244363006905	0.00733812339982674	0.0635262140551135	-0.517693235793138	0.644745663903365
HEMESYN2-PWY	24	24	0.0450222713300311	0.0455980305490057	0.0105377792351949	0.00894902722583317	-0.0588967872778919	-0.640095659320417	0.522302084764633
HEXITOLDEGSUPER-PWY	24	24	0.0443583870875566	0.0473434875448039	0.00734661116643917	0.00874786596052339	-0.369549197095804	-0.955560814558336	0.216462420366728
HISDEG-PWY	24	24	0.0455723638831001	0.0480936275430215	0.00815393087103226	0.00787411928674243	-0.314558479927944	-0.899213809892246	0.270096850036358
HISTSYN-PWY	24	24	0.0743220643825735	0.0694743435349974	0.00582011636182937	0.00912540944755794	0.633413462790283	0.0379479391533358	1.22887898642723
HOMOSER-METSYN-PWY	24	24	0.0546085923784162	0.0569749008148904	0.0043328945763614	0.00324405418481612	-0.618256054814322	-1.21304884246328	-0.0234632671653611
HSERMETANA-PWY	24	24	0.0585940745205981	0.060521008149799	0.00509642538294392	0.00416359638975852	-0.414087615541696	-1.00135474158644	0.173179510503049
ILEUSYN-PWY	24	24	0.0866890112092974	0.0837824024902348	0.00324916920655436	0.0058723387774992	0.612484812787004	0.0179440848987006	1.20702554067531
KDO-NAGLIPASYN-PWY	24	24	0.0336725878603837	0.0340748570540271	0.0130428705368396	0.0122296742628064	-0.0318180152414051	-0.612927688904876	0.549291658422066
KETOGLUCONMET-PWY	24	24	0.0213452769980554	0.019618377557223	0.00942343356532581	0.00979613926296556	0.179668387875179	-0.402575680911152	0.761912456661511
LACTOSECAT-PWY	24	24	0.0185144094357518	0.0249393913348029	0.00775477399412873	0.0092046464446064	-0.754935093296717	-1.3563500091252	-0.153520177468238
LEU-DEG2-PWY	24	24	0.0215520235467587	0.0168119292933335	0.0128831196446856	0.0117205891658751	0.384886019209995	-0.201542120366428	0.971314158786419
LIPASYN-PWY	24	24	0.0012844264670852	0.000570214025163169	0.00257500779039669	0.00193443892860614	0.313614476121576	-0.271019449480629	0.898248401723781
LPSSYN-PWY	24	24	0.0256910726795306	0.0270730366870582	0.0134967126112114	0.0100554952207367	-0.116120311459554	-0.697682709764228	0.465442086845121
MET-SAM-PWY	24	24	0.0627483491500417	0.0658328310065528	0.0039674361833323	0.00255953150816609	-0.923900329858836	-1.53518764190626	-0.312613017811412
METH-ACETATE-PWY	24	24	0.0202325214677794	0.0198110529891479	0.0101072209372794	0.0123084279585227	0.0374248292101449	-0.543698942824666	0.618548601244955
METHANOGENESIS-PWY	24	24	0.0012719725183934	0.00257089536722701	0.00300662450014956	0.00490664827549458	-0.319217029553594	-0.903978917984619	0.26554485887743
METHGLYUT-PWY	24	24	0.017262179651557	0.0175462579764773	0.0104175153409631	0.00894040112254447	-0.0292650186593564	-0.610369029198242	0.551838991879529
METHYLGALLATE-DEGRADATION-PWY	24	24	0.00795253536683065	0.00794364297534026	0.0062015131309436	0.00666748189308139	0.00138108188654276	-0.579691895327514	0.582454059100599
NAD-BIOSYNTHESIS-II	24	24	0.026438867536896	0.028831540362917	0.00795953095441684	0.007520839892307	-0.308999400968792	-0.893529599202343	0.275530797264759
NADSYN-PWY	24	24	0.00596739283868281	0.00281623921899259	0.00674106925513809	0.00494790659660247	0.532932345604204	-0.0583652615304586	1.12422995273887
NAGLIPASYN-PWY	24	24	0.0574205810194902	0.0578947164750188	0.0042107585930437	0.00653544988994609	-0.0862473750671357	-0.667590368652725	0.495095618518454
NONMEVIPP-PWY	24	24	0.0791211992459012	0.0796008691238606	0.00489469404110764	0.00706339712153931	-0.0789374959218272	-0.660236656056025	0.50236166421237
NONOXIPENT-PWY	24	24	0.0949687770657557	0.095878493912096	0.00596051009583733	0.00563372736183727	-0.156863395246251	-0.738829239130885	0.425102448638383
OANTIGEN-PWY	24	24	0.0702614187696565	0.0712179755267755	0.00275638857627681	0.00291589894952967	-0.337140442542442	-0.922326721608292	0.248045836523408
ORNARGDEG-PWY	24	24	0.0109587745386811	0.0107308767642328	0.00674990525625348	0.00930132485618735	0.0280442190051656	-0.553057250810378	0.609145688820709
ORNDEG-PWY	24	24	0.018161871724557	0.0151057399679514	0.0112428921983767	0.0135515406194839	0.245455851663897	-0.337801003048501	0.828712706376295
P101-PWY	24	24	0.00768682239196064	0.00660668388691174	0.00948925921279366	0.00877946014616705	0.118160899051883	-0.463418846524339	0.699740644628105
P105-PWY	24	24	0.0531923192631869	0.0486539596224608	0.0127070204930649	0.0165290343872683	0.307843793486702	-0.276660669460653	0.892348256434058
P108-PWY	24	24	0.0612621327099688	0.0594576543203718	0.0082004794846345	0.00903726986312433	0.209117321932183	-0.37354156848278	0.791776212347147
P122-PWY	24	24	0.040833691731586	0.0402721821861306	0.00800760617557347	0.00826275057303676	0.0690139160658084	-0.512231941397467	0.650259773529084
P124-PWY	24	24	0.0458665199826791	0.0451882941185426	0.00978390160497961	0.00983873484940494	0.0691266148390844	-0.51211980784937	0.650373037527539
P125-PWY	24	24	0.0189483075612011	0.0203492953435228	0.0095359801431219	0.00613816840688772	-0.174706294070103	-0.756886626442257	0.407474038302051
P161-PWY	24	24	0.0613416382537853	0.0628662617477524	0.00740033243975572	0.00557923096296345	-0.232648031008068	-0.815683289965328	0.350387227949192
P162-PWY	24	24	0.0229967906082108	0.029919681785913	0.0122669336067779	0.0113094131868272	-0.586790545538639	-1.18023652372912	0.00665543265184132
P163-PWY	24	24	0.0244741005163264	0.028764454562491	0.00940310740819045	0.011162552407151	-0.415716167902434	-1.0030318523914	0.171599516586531
P164-PWY	24	24	0.049306759472193	0.0498575229110105	0.00781195892605209	0.00765392286484847	-0.0712193064093398	-0.652476392161793	0.510037779343114
P184-PWY	24	24	0.00378246598302708	0.0033753598596667	0.00551257762910241	0.00450690452603389	0.0808566329877975	-0.500453659941855	0.66216692591745
P221-PWY	24	24	0.0166927231114417	0.0147043429219276	0.0109720362149865	0.0126405407258794	0.167998151346468	-0.41409884421821	0.750095146911146
P23-PWY	24	24	0.0583089841530902	0.0573342688932195	0.00806193937369208	0.00611200487512111	0.136252889401928	-0.445493848550679	0.717999627354534
P241-PWY	24	24	0.00217280855348822	0.00349856819719553	0.00293596914370144	0.00507879786097899	-0.319603530889449	-0.904374329547875	0.265167267768977
P261-PWY	24	24	0.00207311491251358	0.00271195999147429	0.00296645980751795	0.00439804084772578	-0.170305266909961	-0.752430557565566	0.411820023745643
P281-PWY	24	24	0.011573682142762	0.0105882748373319	0.00899939519537761	0.00741009172907211	0.119542773253401	-0.462048891106809	0.70113443761361
P341-PWY	24	24	0.00472061982315785	0.00684420191879527	0.00679910278852157	0.00760726652205665	-0.294348772273736	-0.87855975999673	0.289862215449259
P381-PWY	24	24	0.0212461133031523	0.0164711344037771	0.0154672642374857	0.0137264083260397	0.326544172610255	-0.25838844408991	0.91147678931042
P4-PWY	24	24	0.0661404197552908	0.0669450665034983	0.00296116880507626	0.00194538081583644	-0.321178172940461	-0.905985382717545	0.263629036836623
P42-PWY	24	24	0.0776873733888061	0.0770476337639327	0.00455809686918702	0.00506132086224858	0.132828420979779	-0.448884890042795	0.714541732002352
P441-PWY	24	24	0.0607198922678521	0.0634790984668107	0.00410606008666555	0.00334286288002261	-0.736975489778405	-1.33744949909614	-0.136501480460671
P461-PWY	24	24	0.0373975274378333	0.0391104467684655	0.00879753310383297	0.0104880779879166	-0.176958457060637	-0.759167497350415	0.40525058322914
P562-PWY	24	24	0.0135992067774811	0.0145398391985761	0.0067232022606563	0.00622457038299977	-0.145188782146139	-0.727026742104092	0.436649177811814
P621-PWY	24	24	0.00522956725898473	0.00478829093271216	0.00454068954906392	0.00542119883874048	0.0882488600051133	-0.493106811339164	0.669604531349391
PANTO-PWY	24	24	0.0691095302269796	0.0684677082435007	0.00280126711640998	0.00322493937303616	0.212485796983668	-0.370224526788943	0.795196120756279
PANTOSYN-PWY	24	24	0.0711302074866076	0.0711508432132552	0.00307968291406925	0.00339544966160461	-0.00636627370078735	-0.587440653552298	0.574708106150724
PENTOSE-P-PWY	24	24	0.0608409967584712	0.0611679010556544	0.00437932866554068	0.00455748622156825	-0.0731444843657978	-0.654411660286316	0.50812269155472
PEPTIDOGLYCANSYN-PWY	24	24	0.0805332091439132	0.0824908939000189	0.00407428406141546	0.00488679048970864	-0.43514576287583	-1.0230551555795	0.152763629827844
PHOSLIPSYN-PWY	24	24	0.0819911410984661	0.0831048161767675	0.00287787306098427	0.003064262359935	-0.374655750340112	-0.960804205186087	0.211492704505863
POLYAMINSYN3-PWY	24	24	0.0342920829963545	0.0326049644257752	0.00438961780428983	0.00546707849700634	0.340302282989265	-0.244961234075155	0.925565800053685
POLYAMSYN-PWY	24	24	0.0429274439508343	0.0413852323250268	0.00465571782178827	0.00458059452697262	0.333934271352385	-0.251174412753406	0.919042955458176
POLYISOPRENSYN-PWY	24	24	0.0684159359744797	0.0688945187056381	0.00250161769123858	0.00405999259616456	-0.141925756500915	-0.723729736130328	0.439878223128497
PPGPPMET-PWY	24	24	0.0354968132947869	0.0377777578752642	0.0116512606740934	0.0106768635223767	-0.204117076342772	-0.786701125239561	0.378466972554017
PROTOCATECHUATE-ORTHO-CLEAVAGE-PWY	24	24	0.0203632574881948	0.0157257900819131	0.0132161573165323	0.0135189128475681	0.346897917482163	-0.238529005979021	0.932324840943347
PRPP-PWY	24	24	0.0661969574875967	0.0656452010133625	0.00288316160232132	0.00552502463138998	0.125207721017907	-0.456434249807593	0.706849691843407
PWY-1269	24	24	0.0579609118812953	0.0578175076967979	0.00398607144833048	0.0062809265242869	0.0272622652603675	-0.553837634022413	0.608362164543148
PWY-1361	24	24	0.000260416543404896	0	0.000890450727745253	0	0.413593471344647	-0.173658957732165	1.00084590042146
PWY-1501	24	24	0.00212264959093178	0.000221416610392982	0.00348161740113252	0.00108471543207886	0.737314556625482	0.136822979848042	1.33780613340292
PWY-1541	24	24	0.00583069112680643	0.00536015425731083	0.00511025350555725	0.00581521401321765	0.0859570351593283	-0.495384143493619	0.667298213812276
PWY-1622	24	24	0.00655098291897127	0.00366047729467589	0.00686195177846374	0.00552026950843328	0.464163081722176	-0.124682258420725	1.05300842186508
PWY-181	24	24	0.0280140239799781	0.0236239890798351	0.0127488709931374	0.0143816440351104	0.323038933026691	-0.261811531631949	0.907889397685332
PWY-1861	24	24	0.0337305629341276	0.0374105931853042	0.0104754465046837	0.00819617706074257	-0.391279752245382	-0.977886445723364	0.195326941232601
PWY-1882	24	24	0.00239788223251065	0.00114098336849684	0.00328321298672066	0.00275258605268755	0.414881179534236	-0.172409584850634	1.00217194391911
PWY-2941	24	24	0.0397456315519434	0.04702650435931	0.00805619479546652	0.00945271887628972	-0.829043219692788	-1.43456303519678	-0.223523404188798
PWY-2942	24	24	0.0850387905892623	0.0849815379078931	0.00392178372897669	0.00399323440027037	0.0144662583944334	-0.566614249665286	0.595546766454153
PWY-3001	24	24	0.0831829958110638	0.0822711150789844	0.00361336321201991	0.00428378879525618	0.230111407822102	-0.35288136242758	0.813104178071784
PWY-3661	24	24	0.0092848949843711	0.00411989529899498	0.00926444399657384	0.0077229478281989	0.605609720448817	0.0113663150751466	1.19985312582249
PWY-3781	24	24	0.0570788122469968	0.0471585002536756	0.0329745650279036	0.0279556559497627	0.324529510012712	-0.26035578224932	0.909414802274743
PWY-3801	24	24	0.00170315538773368	0.00259176974099455	0.00492566692053112	0.00782367198710097	-0.13593030521308	-0.717673858140374	0.445813247714214
PWY-4361	24	24	0.00207750470376962	0.00163484159905473	0.00316883721174082	0.00280228819654107	0.147989321503315	-0.433878416851832	0.729857059858463
PWY-4722	24	24	0.00165853240807376	0.00134741022928594	0.0028222156866748	0.00249492734491675	0.116805003355099	-0.46476318196541	0.698373188675609
PWY-4984	24	24	0.0343821626095687	0.0303640448564385	0.00734243248409239	0.00793418154369403	0.525654002331588	-0.0653685653532227	1.1166765700164
PWY-5005	24	24	0.0216871838982499	0.0201851081300661	0.00775536450644632	0.00718635387780855	0.200912335274489	-0.381624693937296	0.783449364486273
PWY-5022	24	24	0.0308489645098365	0.0313019610850294	0.00618496239096552	0.00493182421766128	-0.0809848462353632	-0.662295892443768	0.500326199973042
PWY-5028	24	24	0.0144314697806329	0.0102733585255523	0.00901248141256185	0.00909510233266331	0.459262597426909	-0.129420546471078	1.0479457413249
PWY-5088	24	24	0.0115845275983542	0.0173096955190487	0.00843938013434608	0.0118807455161036	-0.555585975399812	-1.14776298132395	0.0365910305243281
PWY-5097	24	24	0.082845981193662	0.0820840605715523	0.00416088143726725	0.0039527685465525	0.187750299864401	-0.39460138357856	0.770101983307363
PWY-5100	24	24	0.07785130959941	0.079825574719017	0.00748333500514478	0.00605474439281214	-0.290050606422691	-0.87417085426692	0.294069641421539
PWY-5101	24	24	0.0897806054012889	0.0867874453242109	0.00338941053008306	0.00641849566671318	0.583177372671364	-0.0101182643964574	1.17647300973918
PWY-5103	24	24	0.0825402151540277	0.0799076007274904	0.0039419654119547	0.00635440917893027	0.497883764650442	-0.0921230361753279	1.08789056547621
PWY-5104	24	24	0.0858557359585874	0.0837199725183731	0.00482094962954279	0.00587029001126052	0.397624594253005	-0.189162140788987	0.984411329294996
PWY-5121	24	24	0.0778693578663292	0.0788628343916939	0.00513057334849593	0.00652975433036692	-0.169189141607002	-0.751300695781034	0.41292241256703
PWY-5154	24	24	0.0586555576180032	0.0527158553396186	0.00374406009908225	0.00796092856528011	0.954827659282011	0.341537760107324	1.5681175584567
PWY-5177	24	24	0.0354117581522389	0.0335629929195202	0.00782433088464782	0.00986749290243704	0.207616655607459	-0.375019584276688	0.790252895491606
PWY-5178	24	24	0.00725785204312919	0.00557838616643651	0.00827032819111495	0.00762846459413783	0.211097647642185	-0.371591381423658	0.793786676708027
PWY-5180	24	24	0.0223443026234263	0.0203609203609315	0.00915479162520694	0.010083857237056	0.205947268940301	-0.376663964456762	0.788558502337364
PWY-5181	24	24	0.0134996169021525	0.0110605004242671	0.00920847227041756	0.00940073663810968	0.26212681262018	-0.321436122052807	0.845689747293167
PWY-5182	24	24	0.0223443026234263	0.0203609203609315	0.00915479162520694	0.010083857237056	0.205947268940301	-0.376663964456762	0.788558502337364
PWY-5183	24	24	0.00435051574317196	0.00280683041281231	0.00658896155987822	0.00542899341447911	0.255708175960688	-0.32773455095687	0.839150902878245
PWY-5188	24	24	0.0559824219260705	0.0576200854907615	0.00450514723098428	0.00471917481155634	-0.354979566199015	-0.940610924089163	0.230651791691132
PWY-5189	24	24	0.0538749639825261	0.0558739641933535	0.00481965908194061	0.00481248278243198	-0.415068566093131	-1.00236491873366	0.172227786547398
PWY-5198	24	24	0.00176706409378693	0.00289392790887571	0.00299311350503184	0.00430698060308773	-0.303843903247343	-0.888260024834793	0.280572218340107
PWY-5265	24	24	0.0162259344519378	0.019233966646229	0.0107446744244963	0.0113965204647109	-0.271595952058944	-0.855341617559544	0.312149713441656
PWY-5304	24	24	0.0249491418014383	0.0253256493187508	0.00710379153728477	0.00762147036018207	-0.0511060606527046	-0.632273814813211	0.530061693507802
PWY-5345	24	24	0.0528581725440734	0.0485064128303265	0.00614415675529168	0.00940773785467246	0.547713643040947	-0.0441537634449547	1.13958104952685
PWY-5347	24	24	0.0668362040761707	0.0691865641004101	0.00343908275037429	0.00316619850246458	-0.711054303200426	-1.31020775523661	-0.111900851164245
PWY-5384	24	24	0.0392113266423517	0.0389507853472478	0.00557523746162086	0.00976686099114817	0.0327634393137449	-0.548348451610719	0.613875330238209
PWY-5415	24	24	0.0167435277953702	0.0141417030904766	0.00809655020361735	0.00849099587387043	0.313619552496473	-0.271014488037613	0.898253593030559
PWY-5417	24	24	0.0123717670221513	0.0101428678937255	0.00858499422325872	0.008738902681286	0.257310602122869	-0.32616185810506	0.840783062350798
PWY-5419	24	24	0.00519404428603062	0.00269854744356415	0.00532325514248173	0.0045084944073204	0.505906258841307	-0.0843885009286227	1.09620101861124
PWY-5420	24	24	0.00632185310345837	0.00335756204265522	0.0063755903610549	0.00548858993328408	0.49831359912186	-0.0917085169947098	1.08833571523843
PWY-5430	24	24	0.00416960820564043	0.00280481498810893	0.00543650141750318	0.00462659879892936	0.270372822990866	-0.313348877750446	0.854094523732178
PWY-5431	24	24	0.0123717670221513	0.0101428678937255	0.00858499422325872	0.008738902681286	0.257310602122869	-0.32616185810506	0.840783062350798
PWY-5484	24	24	0.0750966354154468	0.0773098503064229	0.00343486879373741	0.00381316859199423	-0.609877226451659	-1.20430480825294	-0.0154496446503749
PWY-5505	24	24	0.058254438167321	0.0543624198074267	0.0103214932839054	0.0111269986876395	0.362662009683935	-0.223167980688065	0.948492000055936
PWY-5507	24	24	0.0242834182407079	0.0216008756384381	0.0131267571600243	0.0139591474493345	0.197983180387214	-0.384511520117333	0.780477880891761
PWY-5509	24	24	0.0654078176147214	0.0647955477064952	0.00711925820432709	0.00835501773178252	0.0788827649778159	-0.5024160815843	0.660181611539932
PWY-5529	24	24	0.00195642999714643	0.000717657793948273	0.00453051065128802	0.00246312219944012	0.339724512469333	-0.245524837641213	0.924973862579879
PWY-5531	24	24	0.00475988513486749	0.00249019330238525	0.0058546195229057	0.00458489367667713	0.431646166526927	-0.156154332187199	1.01944666524105
PWY-5532	24	24	0.00782729928021965	0.0066740769009767	0.00597313990204207	0.00517440394723322	0.206372538328265	-0.376245046306559	0.788990122963089
PWY-5647	24	24	0.0026314047202265	0.00162701845663079	0.0035444817660577	0.00291920821009639	0.309333991763407	-0.27520367556945	0.893871659096265
PWY-5651	24	24	0.0047553241217799	0.00223994118688226	0.00538870823397054	0.00394210792791784	0.532791038947607	-0.0585011936106601	1.12408327150588
PWY-5654	24	24	0.00265385918218772	0.00187592298302824	0.00356389920646806	0.00322301831745456	0.228957199347645	-0.354016390968381	0.81193078966367
PWY-5655	24	24	0.00314134916508244	0.00143246886220054	0.00438362113627307	0.00322033587825366	0.444302131337791	-0.143896234538987	1.03250049721457
PWY-5659	24	24	0.0724907937471057	0.0727831598559238	0.00418111316332175	0.00511134079261485	-0.0626125470527529	-0.643827812443152	0.518602718337646
PWY-5667	24	24	0.086682202358575	0.0872473988539967	0.00314463689739835	0.00350724700378881	-0.169683837408444	-0.751801468844342	0.412433794027455
PWY-5675	24	24	0	0	0	0	NA	NA	NA
PWY-5676	24	24	0.0516353422475834	0.0531322566898668	0.00731559376781088	0.00783540188342791	-0.19748328943797	-0.779970827899846	0.385004249023906
PWY-5677	24	24	0.0266456913816125	0.0260798657650496	0.00825471020179756	0.00819788329113267	0.0687821335517593	-0.512462564335376	0.650026831438894
PWY-5686	24	24	0.0845674048291766	0.0863956167043396	0.00395182696826283	0.00459140770711425	-0.426796211098832	-1.01444721867534	0.160854796477677
PWY-5695	24	24	0.0779492652504657	0.0794889559756421	0.00378063212037578	0.00558394317532312	-0.322900576149266	-0.907747816101125	0.261946663802592
PWY-5705	24	24	0.0221732645812601	0.0214595945181835	0.00565737447123807	0.00549619346777966	0.127958256865377	-0.453708977764752	0.709625491495505
PWY-5741	24	24	0.0108909581924248	0.00540877015292327	0.0069170430747551	0.0070675584385396	0.783986662959976	0.181005039674425	1.38696828624553
PWY-5747	24	24	0.0211091497916667	0.0193515786250358	0.00807542765466553	0.0081275448347237	0.216943165945352	-0.365836473692125	0.799722805582829
PWY-5823	24	24	0.00482259853986438	0.00504819440652732	0.0065603213471852	0.00627411811282394	-0.0351460298457649	-0.616263796462758	0.545971736771228
PWY-5837	24	24	0.0290864616847571	0.0294560439494187	0.00852883208123678	0.00929749523836836	-0.0414262741983945	-0.622561503815222	0.539708955418433
PWY-5838	24	24	0.0401963209435841	0.0404428096597224	0.00827862333920466	0.00927006625288574	-0.0280472537085589	-0.609148729705724	0.553054222288606
PWY-5840	24	24	0.0402121446825702	0.0405251057970092	0.00823659669086557	0.00918165121616342	-0.0358820803211143	-0.617001745454127	0.545237584811899
PWY-5845	24	24	0.0338158501041608	0.033942964811449	0.0115543970124819	0.0110018011631524	-0.0112675529307189	-0.592345071587575	0.569809965726138
PWY-5850	24	24	0.0338158501041608	0.033942964811449	0.0115543970124819	0.0110018011631524	-0.0112675529307189	-0.592345071587575	0.569809965726138
PWY-5855	24	24	0.0345863969113244	0.0307053338140568	0.00962724934903222	0.0110411078171612	0.374680395191455	-0.211468724523829	0.96082951490674
PWY-5856	24	24	0.0345863969113244	0.0307053338140568	0.00962724934903222	0.0110411078171612	0.374680395191455	-0.211468724523829	0.96082951490674
PWY-5857	24	24	0.0345863969113244	0.0307053338140568	0.00962724934903222	0.0110411078171612	0.374680395191455	-0.211468724523829	0.96082951490674
PWY-5860	24	24	0.030015249022159	0.0302620130951026	0.0109776098571788	0.0108123188826414	-0.0226487178108098	-0.603740254813455	0.558442819191836
PWY-5861	24	24	0.0363619717688942	0.0369378267596215	0.00854154335366203	0.00963293714034678	-0.0632556724262829	-0.644473876920281	0.517962532067716
PWY-5862	24	24	0.030015249022159	0.0302620130951026	0.0109776098571788	0.0108123188826414	-0.0226487178108098	-0.603740254813455	0.558442819191836
PWY-5863	24	24	0.0306281557211411	0.0310021451470105	0.00878023423215244	0.00952440565851194	-0.0408290732282511	-0.621962519031851	0.540304372575349
PWY-5896	24	24	0.0338158501041608	0.033942964811449	0.0115543970124819	0.0110018011631524	-0.0112675529307189	-0.592345071587575	0.569809965726138
PWY-5897	24	24	0.0391389007849717	0.0394410237349774	0.00842240771647045	0.00944694770087144	-0.0337592015758587	-0.614873498002509	0.547355094850791
PWY-5898	24	24	0.0391389007849717	0.0394410237349774	0.00842240771647045	0.00944694770087144	-0.0337592015758587	-0.614873498002509	0.547355094850791
PWY-5899	24	24	0.0391389007849717	0.0394410237349774	0.00842240771647045	0.00944694770087144	-0.0337592015758587	-0.614873498002509	0.547355094850791
PWY-5910	24	24	0.0195358780410187	0.02586759639654	0.00771475457545059	0.0101285346078522	-0.703297134593085	-1.30206403822003	-0.104530230966145
PWY-5913	24	24	0.0652669648166823	0.0631558280255722	0.00648023182764046	0.00620394444668308	0.332798299390029	-0.252283067643594	0.917879666423651
PWY-5918	24	24	0.0408715846628977	0.0410388493556978	0.00794225156205811	0.00700880169854065	-0.0223314897657001	-0.603422508577251	0.558759529045851
PWY-5920	24	24	0.0293671911805428	0.0280627094473792	0.00923906429930024	0.0103268724028845	0.133136513567259	-0.448579770057495	0.714852797192014
PWY-5941	24	24	0.0120885828706902	0.00671165798021277	0.0108619687043132	0.00894486049911291	0.540410982642515	-0.0511730364188719	1.1319950017039
PWY-5971	24	24	0.0637163549481107	0.0605852471076309	0.00641963941663795	0.00926747753373603	0.392774983322251	-0.193873883043846	0.979423849688348
PWY-5973	24	24	0.088534214830116	0.0878883910796399	0.00372868381439028	0.00409429208215592	0.164929462971444	-0.417130493330073	0.74698941927296
PWY-5989	24	24	0.0616424094792643	0.0559133715815903	0.00714061610226119	0.0101769719341318	0.651702405607846	0.0554045202320764	1.24800029098362
PWY-6071	24	24	0.00876638619003751	0.00899095658362804	0.00667924345793966	0.00811671869744512	-0.0302133790039893	-0.611319437964159	0.55089267995618
PWY-6107	24	24	0.00602412203475389	0.00500311381495995	0.00537077112017864	0.0056876904368007	0.184580683243226	-0.397728233297237	0.766889599783689
PWY-6121	24	24	0.0842162185268075	0.0853223562523886	0.00303338762473947	0.00377651421865457	-0.322944433743686	-0.907792695744181	0.261903828256809
PWY-6122	24	24	0.0836673941257127	0.0849310265288953	0.00313472179873889	0.00403424286709706	-0.349785834715077	-0.935285278896099	0.235713609465944
PWY-6123	24	24	0.0813238799622226	0.0831539178927688	0.0043983113112414	0.00571680448681728	-0.35880684044217	-0.94453663078529	0.22692294990095
PWY-6125	24	24	0.0710716427439192	0.0717387294009599	0.00305913205574804	0.00501920708325198	-0.16049763834149	-0.742505303354583	0.421510026671604
PWY-6126	24	24	0.0846686758825738	0.0868224135118913	0.00443683435300307	0.00552818195437167	-0.4296905205453	-1.01743054133893	0.158049500248326
PWY-6141	24	24	0.000982900067719371	0.00201406653552451	0.00235496287786022	0.00365433691153664	-0.335438224859101	-0.920583216229313	0.24970676651111
PWY-6143	24	24	0.00212156546791439	0.00445407883201101	0.00295874278167437	0.00434225463553121	-0.627785342971402	-1.22299925927286	-0.0325714266699408
PWY-6147	24	24	0.0678096844790848	0.0705579044102491	0.00387872361416756	0.00622828289535081	-0.529700120353538	-1.12087513471406	0.0614748940069862
PWY-6148	24	24	0.00169683932379855	0.00311240575924961	0.00421602691655374	0.00538968190606269	-0.292558733391682	-0.876731770589931	0.291614303806566
PWY-6151	24	24	0.0630503688058525	0.0670162268297332	0.00643963608731811	0.00582629672712398	-0.645839064810989	-1.24186764639526	-0.0498104832267133
PWY-6163	24	24	0.0811562541377738	0.0824665691760405	0.00357107006343778	0.00403444259229096	-0.343932073182733	-0.929285135588559	0.241420989223093
PWY-6165	24	24	0.00488523653509975	0.00704152040006861	0.00586634228626626	0.00718848072851696	-0.328661663611348	-0.913644331706141	0.256321004483444
PWY-6167	24	24	0.00167549560084763	0.00414464025762916	0.00403078381295065	0.00674445473195046	-0.444422666201734	-1.03262487530536	0.143779542901892
PWY-6174	24	24	0.00257903365733879	0.00386459230026788	0.00375162179117527	0.00524614510218746	-0.281888544927223	-0.865840117503011	0.302063027648566
PWY-6182	24	24	0.0123610581054613	0.0100838981065138	0.00830224104128557	0.00870374628490209	0.26773224732974	-0.315938082148525	0.851402576808004
PWY-6185	24	24	0.0104496440456418	0.00874452055909681	0.00848092004056851	0.00832920214036818	0.202860398604388	-0.379705124197587	0.785425921406363
PWY-621	24	24	0.0667178584963319	0.071190370109416	0.00952582172886253	0.0102552159431294	-0.451894815983115	-1.04033725848159	0.136547626515356
PWY-6210	24	24	0.00159046979253451	0.000712362610984786	0.0025840143908656	0.00182827156593346	0.392315086786623	-0.194320791424374	0.978950964997621
PWY-6263	24	24	0.0316551272755144	0.0320544784889466	0.00696790231442759	0.00799742348458671	-0.053244356780557	-0.634420213063004	0.52793149950189
PWY-6269	24	24	0.065681537585173	0.0649782064150474	0.00708883057847937	0.00835221471130793	0.0907954986461909	-0.490576723580096	0.672167720872478
PWY-6277	24	24	0.0836673941257127	0.0849310265288953	0.00313472179873889	0.00403424286709706	-0.349785834715077	-0.935285278896099	0.235713609465944
PWY-6282	24	24	0.0613636282561894	0.0556487880811853	0.00703246142061238	0.0101238719663767	0.655648645226461	0.0591682075955127	1.25212908285741
PWY-6317	24	24	0.0676749012223205	0.0716304606882135	0.0071981185543011	0.00549920787221062	-0.617550550691745	-1.21231240427954	-0.0227886971039464
PWY-6338	24	24	0.00294597412360955	0.00268682305556985	0.00444092931424491	0.00398269520769366	0.0614387486429082	-0.519771229847973	0.642648727133789
PWY-6339	24	24	0.0058104022133285	0.00468445520315105	0.00805649553141887	0.00676434992845083	0.151366807239233	-0.430537598927164	0.73327121340563
PWY-6349	24	24	0.00119595790950467	0.00268837529282357	0.00254588953410828	0.00410978534899146	-0.436574522842733	-1.02452861999961	0.151379574314143
PWY-6350	24	24	0.0011634132173645	0.00264003556575131	0.00247520999834778	0.00405116261302523	-0.439866745687669	-1.02792439798207	0.14819090660673
PWY-6353	24	24	0.0583102863314661	0.0582341723778538	0.00663087164688869	0.00565993933678567	0.0123470398089627	-0.568731404621256	0.593425484239181
PWY-6383	24	24	0.0117082667841781	0.014709281918452	0.00925349561489575	0.0103310781111128	-0.3060043886217	-0.89046808474391	0.278459307500511
PWY-6385	24	24	0.0803141918806446	0.0823236496443812	0.00408390159799169	0.0048597105356319	-0.447680410716189	-1.03598687753255	0.140626056100169
PWY-6386	24	24	0.0809831384448664	0.0830527878119715	0.00427260467775882	0.00506651193979354	-0.441628813529958	-1.02974220281792	0.146484575757999
PWY-6387	24	24	0.0810104488370778	0.0830088317703112	0.00412612905976569	0.00493105992425884	-0.439548634000049	-1.02759624710256	0.148498979102461
PWY-6396	24	24	0.0118978172103234	0.00999278111720888	0.00593261591850745	0.00852016606638883	0.25949599503705	-0.324017312484532	0.843009302558631
PWY-6397	24	24	0.0055528975423962	0.00512059462204643	0.00580392450694745	0.00704403006872928	0.0669839111294776	-0.514251922953469	0.648219745212424
PWY-6404	24	24	0.00176462081472258	0.000761390485959269	0.00491986668798511	0.00373003637121986	0.229799521073522	-0.353188056984808	0.812787099131852
PWY-6467	24	24	0.0546040173047883	0.0533479713285777	0.00408123538495092	0.00555418002518111	0.257720552573212	-0.325759543953916	0.84120064910034
PWY-6470	24	24	0.028026517747618	0.0345467326908193	0.00993779377336137	0.0108165688758227	-0.627759870513658	-1.22297265292279	-0.0325470881045224
PWY-6471	24	24	0.0535835670795971	0.0569154874706383	0.00679249053635795	0.00648573363375668	-0.501728477789666	-1.09187272368958	0.0884157681102482
PWY-6478	24	24	0.0248662334584987	0.0259986769722481	0.00638722065811856	0.0059870452604982	-0.182936395985469	-0.765223412167831	0.399350620196893
PWY-6505	24	24	0.00289043531262881	0.00177263639139694	0.00414332445369606	0.00337887294048177	0.295677168808356	-0.288562130218323	0.879916467835036
PWY-6507	24	24	0.0517938285239052	0.0503001877322966	0.00725092859564112	0.00667748273183457	0.214292422599685	-0.368445823304256	0.797030668503626
PWY-6519	24	24	0.0576047530065278	0.0528241709496346	0.00529874037894134	0.0076489242852949	0.726574633985625	0.126635826164787	1.32651344180646
PWY-6545	24	24	0.0522151289440114	0.0512780243166576	0.00614515388709213	0.00794650272008651	0.131927812262194	-0.449776848725885	0.713632473250272
PWY-6562	24	24	0.010662057848299	0.00962409428112932	0.00704498293012684	0.00824146628663524	0.135387706536245	-0.446350506049393	0.717125919121883
PWY-6572	24	24	0.0239517177196569	0.0237557785342856	0.00933070407978686	0.00804260362877956	0.0224946048538588	-0.55859667949286	0.603585889200578
PWY-6581	24	24	0.000194914377139021	0	0.000669470720112348	0	0.411744005182555	-0.175453569087463	0.998941579452574
PWY-6588	24	24	0.0541549035864978	0.0565184644842786	0.0123325245781123	0.0119843201773892	-0.194377077939634	-0.776820516924623	0.388066361045355
PWY-6590	24	24	0.0442484927191678	0.042636200740408	0.00593361737226634	0.00934242391609665	0.206020614839318	-0.376591713021054	0.78863294269969
PWY-6608	24	24	0.0622483118123278	0.0585284846682044	0.00962348474227422	0.00939142250786812	0.391224643355801	-0.195380498795443	0.977829785507044
PWY-6609	24	24	0.0779466435847728	0.0808509858492819	0.00619836467527023	0.00735931463343211	-0.42688018408444	-1.01453376592862	0.160773397759744
PWY-6612	24	24	0.0697568695610031	0.07170436694165	0.00220079303319523	0.00366133391569677	-0.644724327367581	-1.24070197062508	-0.0487466841100808
PWY-6628	24	24	0.0686238500288752	0.0690322787106656	0.00564112299302237	0.00544806907189493	-0.0736513174556331	-0.654921194491062	0.507618559579796
PWY-6629	24	24	0.0368381349856436	0.0377844755612494	0.0186362816928308	0.0167058371328353	-0.0534734217009854	-0.634650165606821	0.52770332220485
PWY-6630	24	24	0.0681637795025381	0.0682113821130376	0.00544953485395626	0.00510434857677733	-0.00901604982957922	-0.59009190994829	0.572059810289132
PWY-6641	24	24	0.00607146439544557	0.00566227849138471	0.00492599308344594	0.00615141019981829	0.0734296547935785	-0.50783903862011	0.654698348207267
PWY-6654	24	24	0.00214666812890774	0.00375311471119626	0.00371280729762279	0.00541654278695853	-0.345957223970425	-0.931360652840683	0.239446204899833
PWY-6690	24	24	0.0061865315251821	0.00544362713027271	0.00528141770960329	0.005658898918395	0.135729631828419	-0.446011943556481	0.717471207213319
PWY-6700	24	24	0.065281222825853	0.0653777509199303	0.00411641455473555	0.00624052069189766	-0.018260206587834	-0.5993452237881	0.562824810612432
PWY-6703	24	24	0.0614044394771248	0.0598102962146644	0.00448687876904435	0.00458251789737934	0.351523853713723	-0.234019520633929	0.937067228061376
PWY-6708	24	24	0.0345863969113244	0.0307053338140568	0.00962724934903222	0.0110411078171612	0.374680395191455	-0.211468724523829	0.96082951490674
PWY-6713	24	24	0.00659826525812641	0.00418487812525183	0.0067503520768536	0.0058099220051503	0.383216270120931	-0.203165714978314	0.969598255220176
PWY-6728	24	24	0.0175049064396827	0.0101386372121618	0.00926991035011188	0.01061131030227	0.739346910983678	0.13874987691928	1.33994394504808
PWY-6731	24	24	0.00295797565995498	0.00145297901327928	0.00419244993567117	0.00359655586690016	0.385315301354104	-0.201124736090366	0.971755338798574
PWY-6737	24	24	0.0805758596337346	0.0822480616979214	0.0080259798683582	0.00763234735069191	-0.213518839750063	-0.796245100841014	0.369207421340887
PWY-6749	24	24	0.0272760381456016	0.0243759092066104	0.008007078022528	0.00742493436864677	0.375591669384078	-0.210582064880253	0.961765403648408
PWY-6876	24	24	0.00927052313293369	0.00750189753708711	0.00599797231028212	0.00694700836712317	0.272521327994806	-0.311242539608149	0.856285195597761
PWY-6891	24	24	0.043100934600965	0.0446632786952529	0.00660005007182545	0.0046312115247278	-0.274034773703002	-0.857828542913146	0.309758995507143
PWY-6892	24	24	0.0672771673871203	0.0659208079176195	0.00549469736378859	0.00733488984804814	0.209300392831708	-0.373361271894865	0.791962057558281
PWY-6895	24	24	0.0588410485440701	0.0592225664710336	0.0039338893754706	0.00371906346171422	-0.0996655041736027	-0.681099045256631	0.481768036909426
PWY-6897	24	24	0.0695870697594496	0.0689079812769701	0.00409804824785698	0.00304635395026677	0.188076817854409	-0.394279312408102	0.77043294811692
PWY-6901	24	24	0.0604302141040456	0.0595187462734694	0.00413663361425046	0.00655395718000971	0.166318918857001	-0.415757723967558	0.74839556168156
PWY-6906	24	24	0.000996209349217731	0.00199033556671117	0.00318273062383705	0.00340996627493876	-0.30140509519813	-0.885767913916118	0.282957723519857
PWY-6944	24	24	0.00204751340805638	0.00176453207916414	0.00441138328785683	0.00334274883152575	0.0723051107444211	-0.50895763281676	0.653567854305602
PWY-6948	24	24	0.000484527405259631	0.000207394565750586	0.00139598798734497	0.00101602172303006	0.226994839681872	-0.355946361284592	0.809936040648337
PWY-6957	24	24	0.00271769361330931	0	0.00494924125344849	0	0.776563309302976	0.17398725161151	1.37913936699444
PWY-6969	24	24	0.0737825063378302	0.0708648312602005	0.00348314638817903	0.00473136365351899	0.702309291964726	0.103591327071821	1.30102725685763
PWY-6992	24	24	0.00138477064873039	0.00036064045868165	0.00229708940609967	0.00176677020874665	0.499780987516041	-0.0902935092023252	1.08985548423441
PWY-7003	24	24	0.0265923785555716	0.0329198477298665	0.0085446177769031	0.0109720959028348	-0.643457313073837	-1.23937716123641	-0.0475374649112646
PWY-7007	24	24	0.00740675701628601	0.00735553158222893	0.00876968459420495	0.0088291212141005	0.0058214338487757	-0.575252704845373	0.586895572542924
PWY-7013	24	24	0.0302992439239822	0.034638397174303	0.0099482019991913	0.0104507595740701	-0.425299788073108	-1.01290500449271	0.162305428346494
PWY-7031	24	24	0.000749343293993302	0.00314253455052587	0.00186618428017093	0.00418181826148136	-0.739078595318031	-1.33966169112105	-0.138495499515012
PWY-7046	24	24	0.00196792784242373	0.00181320395892276	0.0024378949315037	0.00294900376663359	0.0571876809658444	-0.524003987264272	0.638379349195961
PWY-7090	24	24	0.0103434337151966	0.00925973757398964	0.00406523410726844	0.00480497844982805	0.243499722598722	-0.339722525332057	0.826721970529501
PWY-7094	24	24	0.0362924181729193	0.029631743966054	0.0206496878942429	0.019200291895902	0.334066566539155	-0.25104530487877	0.91917843795708
PWY-7097	24	24	0.00294597412360955	0.00268682305556985	0.00444092931424491	0.00398269520769367	0.0614387486429082	-0.519771229847973	0.642648727133789
PWY-7098	24	24	0.00310574347591751	0.00283180412658329	0.00467218276560173	0.00419395029019989	0.0617048514420158	-0.519506316835413	0.642916019719445
PWY-7111	24	24	0.0912315486725502	0.0869404877996729	0.00385543998761884	0.00814016051210884	0.673748720827927	0.0764175944479806	1.27107984720787
PWY-7159	24	24	0.00475988513486749	0.00249019330238525	0.0058546195229057	0.00458489367667713	0.431646166526927	-0.156154332187199	1.01944666524105
PWY-7184	24	24	0.064079010170881	0.0644070058130983	0.00382983183167072	0.00581216457647465	-0.0666409608480659	-0.647875131104739	0.514593209408608
PWY-7187	24	24	0.0669119135031374	0.0676793248909476	0.00198933818870436	0.00371260199053782	-0.257665135582856	-0.841144199132392	0.325813927966681
PWY-7196	24	24	0.071248044265025	0.0716736592940515	0.00332922083708378	0.00527715145753119	-0.0964669124643012	-0.677877683817308	0.484943858888706
PWY-7197	24	24	0.0623134495287098	0.0619385787003897	0.00367297102580905	0.00545800214887857	0.0805843098570109	-0.500724387075637	0.661893006789659
PWY-7198	24	24	0.0126860764914695	0.014609862537282	0.00966960459507246	0.0105404077076558	-0.190203023797435	-0.77258829880626	0.39218225121139
PWY-7199	24	24	0.0638950886089642	0.066487516557612	0.00518779671323997	0.00601333102252392	-0.461634888991127	-1.05039634161154	0.127126563629282
PWY-7200	24	24	0.0614125001963858	0.0623747863277394	0.00281882515134404	0.00473472089112469	-0.246970073238667	-0.830253905451971	0.336313758974637
PWY-7208	24	24	0.086463987593718	0.0878294903172499	0.00472878754961034	0.00468116558152501	-0.290221474721735	-0.874345304609429	0.293902355165959
PWY-7209	24	24	0.00215945434101692	0.0012847173745995	0.00521913064314175	0.00350003430526078	0.196857200270868	-0.385621393496167	0.779335794037903
PWY-7210	24	24	0.0148076354110577	0.0168314355879553	0.0111629639843957	0.01179410030587	-0.176245166071011	-0.758445074534929	0.405954742392908
PWY-7211	24	24	0.0627706381900754	0.0608917063838042	0.00415045375335031	0.0075201931553196	0.309355578449394	-0.275182571039223	0.893893727938012
PWY-7219	24	24	0.0863307253546551	0.0880888281465069	0.00408925902567825	0.00504164949584987	-0.383010437813817	-0.969386747028132	0.203365871400498
PWY-722	24	24	0.00197813640053805	0.000776785670215425	0.00280323266692185	0.00201288109950436	0.492303034543221	-0.0975060851742218	1.08211215426066
PWY-7220	24	24	0.0842981761202875	0.0871669933703868	0.00675659204978131	0.00745930638510947	-0.403114684994346	-0.990059498659579	0.183830128670887
PWY-7221	24	24	0.0814327256496206	0.0833643077329005	0.00367362907836346	0.00391126062131534	-0.509073932753092	-1.09948362111939	0.0813357556132072
PWY-7222	24	24	0.0842981761202875	0.0871669933703868	0.00675659204978131	0.00745930638510947	-0.403114684994346	-0.990059498659579	0.183830128670887
PWY-7228	24	24	0.0698570989739779	0.0704204350932271	0.00375099780449412	0.00569863416622125	-0.116774711563734	-0.698342640139945	0.464793217012477
PWY-7229	24	24	0.0862255969156049	0.0883655498978755	0.00419067450103845	0.00525660667472652	-0.450174033635918	-1.03856080584813	0.138212738576292
PWY-7234	24	24	0.0540820285441708	0.0549295312407696	0.00681545399398312	0.00773072378473868	-0.116295838715915	-0.697859717339435	0.465268039907605
PWY-7237	24	24	0.0254512426635778	0.0247713701301304	0.00470346330552967	0.0066202516318201	0.118395204089596	-0.463186552648518	0.699976960827711
PWY-7242	24	24	0.0599112559512211	0.0574353958528075	0.00741370149087595	0.00723586912842142	0.337986384012936	-0.247220490213194	0.923193258239066
PWY-7254	24	24	0.0426689707830027	0.0417977459146095	0.00814756677693293	0.0100472800821119	0.0952483522871803	-0.486153939667438	0.676650644241798
PWY-7255	24	24	0.00505389172156154	0.00296044594555905	0.00682906783839755	0.00601052617109806	0.325431562460369	-0.259474883283101	0.910338008203839
PWY-7286	24	24	0.00104862407245911	0.00264878800105433	0.00252426545730892	0.00434506316986211	-0.450335277168744	-1.03872725709299	0.138056702755505
PWY-7295	24	24	0.000920411662358319	9.31720197331085e-05	0.00230946980910589	0.000456447813301282	0.496950641385671	-0.0930229557547987	1.08692423852614
PWY-7315	24	24	0.0264624378778655	0.0267776169043543	0.00926669106131879	0.011133478550824	-0.030771080908048	-0.611878374981283	0.550336213165187
PWY-7323	24	24	0.0615000349803071	0.0621089564245534	0.00428166935406435	0.00555394146638305	-0.1227966740422	-0.704416949916204	0.458823601831803
PWY-7328	24	24	0.043938511138036	0.0412551571537223	0.0049647008537976	0.0072759268305651	0.430821592933888	-0.156953373297564	1.01859655916534
PWY-7332	24	24	0.0229451194219146	0.0246774270840518	0.00808025898201245	0.00812219371581094	-0.213832052767096	-0.796563161151286	0.368899055617095
PWY-7347	24	24	0.00357138495259153	0.00196940913796356	0.0045829208114483	0.00330461498140304	0.400972628921146	-0.185910254761149	0.98785551260344
PWY-7371	24	24	0.0217270919552139	0.0225083292680138	0.00624926055009487	0.00766462986125415	-0.11171949747103	-0.693245510877936	0.469806515935876
PWY-7373	24	24	0.00917892141637395	0.0108139310425116	0.0052419119571134	0.00649530040273117	-0.277027640265221	-0.860881023410066	0.306825742879623
PWY-7374	24	24	0.0168648014601413	0.0150769002035194	0.00590589932890439	0.00607767550283172	0.298361320060955	-0.285935569442024	0.882658209563934
PWY-7376	24	24	0.0198023604462994	0.015049708169949	0.0149138438306664	0.013603360018164	0.332966860903495	-0.252118553780471	0.918052275587461
PWY-7377	24	24	0.034407382074416	0.0407638275410047	0.0101166763582184	0.0108129462177051	-0.607075545783882	-1.20138207365309	-0.0127690179146698
PWY-7391	24	24	0.00323019572806311	0.0050255393567572	0.00436464303608833	0.00605760886161699	-0.34006400016056	-0.925321671646195	0.245193671325075
PWY-7392	24	24	0.0543801169290773	0.0570050734253783	0.00665512024942392	0.0060463961281298	-0.41285576538219	-1.00008628538471	0.174374754620332
PWY-7400	24	24	0.0733606497168871	0.0703950913343474	0.00459405203429335	0.00666638596030494	0.51802214612116	-0.0727159507760353	1.10876024301836
PWY-7431	24	24	0.0175114655039362	0.0145140471348916	0.01155763852997	0.0105896786108333	0.270421889235783	-0.31330077079645	0.854144549268017
PWY-7446	24	24	0.0135988272479191	0.0139710513297955	0.00886521727278945	0.00804576930624599	-0.0439699777781371	-0.625113095386422	0.537173139830148
PWY-7456	24	24	0.0403448209503812	0.0382210403543016	0.00641150641150153	0.00875626774489672	0.276751215144255	-0.307096635093133	0.860599065381642
PWY-7527	24	24	0.00265925828798138	0.00208545818754352	0.00405003332528727	0.00356344005460973	0.150425891608126	-0.431468216558417	0.732319999774669
PWY-7539	24	24	0.0682081274568254	0.0706236179772015	0.0036503331294315	0.00561086451465659	-0.510327178016687	-1.10078252809359	0.0801281720602171
PWY-7560	24	24	0.0791211992459012	0.0796008691238606	0.00489469404110764	0.00706339712153931	-0.0789374959218272	-0.660236656056025	0.50236166421237
PWY-7616	24	24	0.00713546316929335	0.00613279170405354	0.00912947323749803	0.00838272336456824	0.114407249201036	-0.467140819099842	0.695955317501914
PWY-7644	24	24	0.0002978677912843	0.000112443489127663	0.0011062493546641	0.000550858346521923	0.212192028647991	-0.370513777035315	0.794897834331297
PWY-7663	24	24	0.0908053440108794	0.0901653638899817	0.00403629093700972	0.00394717925747111	0.160316313890577	-0.421689241897211	0.742321869678366
PWY-7664	24	24	0.0637383662531065	0.0582455394460984	0.00685709631734094	0.00983888908202207	0.64773291159559	0.0516175982775502	1.24384822491363
PWY-841	24	24	0.0755229703119498	0.0762594835459725	0.00253836213764098	0.00444297472549924	-0.2035557176847	-0.786131476898411	0.379020041529011
PWY-922	24	24	0.0165943006014364	0.0222282205099857	0.00668830776887625	0.00915514305700891	-0.702731543945212	-1.30147041970514	-0.103992668185288
PWY0-1061	24	24	0.0566531798121502	0.0573390746696234	0.00697915662014308	0.00957393125856918	-0.0818723528388632	-0.663188646025841	0.499443940348115
PWY0-1241	24	24	0.0379137800001707	0.0370692204379322	0.00537158629919453	0.00493639909530009	0.163719265027266	-0.418326271206668	0.7457648012612
PWY0-1261	24	24	0.0657173494511899	0.0633933120993402	0.00600018201872304	0.00758359548258179	0.339877068329684	-0.245376020150326	0.925130156809694
PWY0-1277	24	24	0.00975927629771334	0.00811265089579334	0.0080048030018436	0.00777064252531426	0.208735028449751	-0.373918076360023	0.791388133259526
PWY0-1296	24	24	0.0611515046380448	0.0636292959413767	0.00657407781858032	0.00612427136547271	-0.390009476949621	-0.976580466403757	0.196561512504516
PWY0-1297	24	24	0.0584221258940292	0.0604951858484728	0.00542010035562156	0.00517048455418874	-0.391382419898497	-0.977992004064124	0.195227164267129
PWY0-1298	24	24	0.0584789007036527	0.0607192998184223	0.00642038118036833	0.00539309140036733	-0.377869590223142	-0.964105110701506	0.208365930255221
PWY0-1319	24	24	0.086682202358575	0.0872473988539967	0.00314463689739835	0.00350724700378881	-0.169683837408444	-0.751801468844342	0.412433794027455
PWY0-1338	24	24	0.0164984181018657	0.0158544765428303	0.00773685424012313	0.00844953155522301	0.0794888128450485	-0.501813518090389	0.660791143780486
PWY0-1415	24	24	0.0304450925115445	0.030113566910857	0.00657392477571805	0.00812927314223411	0.0448455000311545	-0.536300441240783	0.625991441303092
PWY0-1479	24	24	0.0443509082467763	0.0418930144323852	0.00675486144925037	0.00821873071485003	0.326739427137364	-0.258197791456604	0.911676645731332
PWY0-1533	24	24	0.0280628015998976	0.0246703795418215	0.00817519209466566	0.0101796035111694	0.367465070127239	-0.218491230718221	0.953421370972699
PWY0-1586	24	24	0.0681565540913225	0.0669719312277661	0.00599778162839834	0.0064350287773229	0.190446231583836	-0.391942397958192	0.772834861125864
PWY0-162	24	24	0.0752541049469223	0.0757135643628327	0.00258934908815451	0.00447849304295837	-0.125604698122103	-0.707250281371299	0.456040885127093
PWY0-166	24	24	0.0676481891774051	0.0683028746575899	0.00170374863607258	0.00385169239424083	-0.219832442903739	-0.802657777409247	0.36299289160177
PWY0-321	24	24	0.00993097704217072	0.00967954274294455	0.00697992054142328	0.00846729590187053	0.0324041268075428	-0.548706913790522	0.613515167405608
PWY0-41	24	24	0.0184935807031524	0.0189660084511839	0.00852263358469153	0.00710933996449	-0.0601982443195506	-0.641402744152135	0.521006255513034
PWY0-42	24	24	0.0202287664674122	0.0184232400539822	0.00808628010553053	0.0080126845174848	0.224301076489253	-0.358596114237626	0.807198267216133
PWY0-781	24	24	0.0628574889077635	0.0651765497846979	0.00307090888249543	0.00190058526207741	-0.908120123809456	-1.5184086006574	-0.297831646961507
PWY0-845	24	24	0.049290535009921	0.0488991324937406	0.00537717526687761	0.00775106373838106	0.0586760243705233	-0.522521905240336	0.639873953981382
PWY0-862	24	24	0.060930067955745	0.0562125045275603	0.0069277170785451	0.00977273415664009	0.556938711105039	-0.0352919229520464	1.14916934516212
PWY1G-0	24	24	0.0075573845543302	0.0070329995012505	0.00749001693285356	0.00821618140667752	0.0667030269382624	-0.514531443799987	0.647937497676512
PWY490-3	24	24	0.0280399310420195	0.0267039135515817	0.00952337396679245	0.00652254546572802	0.163686431149165	-0.418358715328718	0.745731577627047
PWY4FS-7	24	24	0.0791423732125176	0.080594384571487	0.0033810475915242	0.00258893871891477	-0.482211063271454	-1.07166819849796	0.107246071955057
PWY4FS-8	24	24	0.0791423732125176	0.080594384571487	0.0033810475915242	0.00258893871891477	-0.482211063271449	-1.07166819849796	0.107246071955061
PWYG-321	24	24	0.0645100296654182	0.0583774005911421	0.00693760501838444	0.00985658556337627	0.719539815408108	0.119958955192827	1.31912067562339
PYRIDNUCSAL-PWY	24	24	0.0695969983840087	0.0702532136703437	0.00420985285176171	0.00598062064052909	-0.126888500144144	-0.708545843904153	0.454768843615866
PYRIDNUCSYN-PWY	24	24	0.0698565996054221	0.0690453392852732	0.00369803687884394	0.00488235861230781	0.187320323428617	-0.395025515938799	0.769666162796034
PYRIDOXSYN-PWY	24	24	0.0445330710559228	0.0436373326295847	0.00590855471093886	0.00739975974339805	0.133776171258596	-0.447946305986482	0.715498648503675
REDCITCYC	24	24	0.0514030819951201	0.0464864114840732	0.0135789228055291	0.0134559854347642	0.363723792480848	-0.222133979820659	0.949581564782355
RHAMCAT-PWY	24	24	0.0424901831419767	0.0392070858098849	0.00677108191445033	0.00610688684569873	0.509201321451334	-0.0812130033286681	1.09961564623134
RIBOSYN2-PWY	24	24	0.0723339709261475	0.0735985037068055	0.00294766400185658	0.00448452599696956	-0.333235402841315	-0.918327270171101	0.251856464488472
RUMP-PWY	24	24	0.0275379002153075	0.0305796174163054	0.0075921314398027	0.00611115234375214	-0.44136974769847	-1.02947492868363	0.14673543328669
SALVADEHYPOX-PWY	24	24	0.0604836368653524	0.0565857829540065	0.0104053104143115	0.00971146454873488	0.387292445933872	-0.199202557594179	0.973787449461922
SER-GLYSYN-PWY	24	24	0.079442888108186	0.0793387877537597	0.00436824496673125	0.0043239900183249	0.0239521838539506	-0.557141559069611	0.605045926777513
SO4ASSIM-PWY	24	24	0.0449036736303068	0.0398486311760632	0.0068047202959879	0.00980929427809224	0.598814126028425	0.00486145072197974	1.19276680133487
SUCSYN-PWY	24	24	0.00627720285081902	0.00352162070635284	0.00794104653731501	0.0058938581661031	0.394061360362138	-0.192623914459073	0.980746635183348
SULFATE-CYS-PWY	24	24	0.0564744081841669	0.0510708582019677	0.00562311981706165	0.00958014369842237	0.687921688961631	0.0899091482034311	1.28593422971983
TCA	24	24	0.0700449037339273	0.0673199559909875	0.00457213859192525	0.004856232243376	0.577769289898861	-0.0153029861033578	1.17084156590108
TCA-GLYOX-BYPASS	24	24	0.03996627495821	0.0360801287621584	0.0126408554736169	0.0143001777104177	0.287947098933917	-0.296129222519835	0.872023420387668
TEICHOICACID-PWY	24	24	0.0208646716819452	0.0243471583845386	0.00697075099811136	0.00813207960919734	-0.459812679345894	-1.0485139463002	0.128888587608414
THISYN-PWY	24	24	0.0670181249951422	0.065646506166846	0.00322258217523003	0.0037160365955608	0.394361874404861	-0.192331922722175	0.981055671531898
THREOCAT-PWY	24	24	0.014630539300459	0.0158439218855437	0.0096422963359729	0.00966356472657334	-0.125700878593062	-0.7073473387856	0.455945581599476
THRESYN-PWY	24	24	0.0828539256411272	0.0835280938351718	0.00373923551106589	0.00431482806762688	-0.166984809485594	-0.749069498701889	0.4150998797307
TRNA-CHARGING-PWY	24	24	0.0804413107833891	0.0822339755673776	0.00413966337000857	0.00506727149909087	-0.387454681216684	-0.973954207265457	0.199044844832089
TRPSYN-PWY	24	24	0.0702156675064207	0.0679218723088162	0.00342235941863996	0.0059346880509457	0.473511109265643	-0.115648278984075	1.06267049751536
TYRFUMCAT-PWY	24	24	0.0167376476322832	0.0141204029149062	0.0122286924601492	0.00985014788963187	0.235717834055828	-0.347369463167863	0.818805131279519
UBISYN-PWY	24	24	0.0344204237582397	0.0305779221841911	0.00962179840813739	0.0110303603318644	0.371253718262137	-0.21480336902499	0.957310805549265
UDPNAGSYN-PWY	24	24	0.070222721095083	0.0707352569487928	0.00331663100186845	0.00307640471985468	-0.160228853716608	-0.742233392988694	0.421775685555478
VALDEG-PWY	24	24	0.00139336328985501	0.00244710032840645	0.00305139111419823	0.00491459067108069	-0.257606661895518	-0.841084635729239	0.325871311938203
VALSYN-PWY	24	24	0.0866890112092974	0.0837824024902348	0.00324916920655436	0.0058723387774992	0.612484812787004	0.0179440848987006	1.20702554067531
CENTBENZCOA-PWY	24	24	0.000849646332195021	0.000701151742071477	0.00143267304488755	0.00164796701860959	0.0961704587822176	-0.48523823977573	0.677579157340165
PWY-7185	24	24	0	0.000461586351826832	0	0.00226130206841706	-0.288675134594813	-0.872766623411164	0.295416354221539
PWY-7316	24	24	0	0	0	0	NA	NA	NA
PWY-5266	24	24	0.00947974002418069	0.00701416880957893	0.0109576545117226	0.00990963216668374	0.236012240499426	-0.34708008300447	0.819104564003321
PWY-5499	24	24	0	0	0	0	NA	NA	NA
PWY-6113	24	24	0	0	0	0	NA	NA	NA
PWY-6284	24	24	0	0	0	0	NA	NA	NA
PWY-6285	24	24	0	0	0	0	NA	NA	NA
PWY-7084	24	24	0	0	0	0	NA	NA	NA
PWY-7398	24	24	0	0	0	0	NA	NA	NA
PWY-1422	24	24	0.000337172140564858	0	0.00120327814182394	0	0.39627863040743	-0.190469674122917	0.983026934937778
PWY-3941	24	24	0.000433322889254108	0.000242936294174946	0.00118079270173757	0.000861426914506475	0.184211791209319	-0.398092195057808	0.766515777476446
PWY-5273	24	24	0.00947974002418069	0.00701416880957893	0.0109576545117226	0.00990963216668374	0.236012240499426	-0.34708008300447	0.819104564003321
PWY-5392	24	24	0.000165435912939588	0	0.000810467143666981	0	0.288675134594813	-0.295416354221539	0.872766623411164
PWY-622	24	24	0.000909794012471945	0	0.00350170353913788	0	0.367433455466203	-0.218522008635927	0.953388919568332
PWY-6660	24	24	0.000244759310758092	0.00013657043136157	0.00119907084230525	0.000669055741575281	0.111428202233408	-0.470095452331755	0.692951856798571
PWY-7002	24	24	0.000192888232646634	0	0.000655131044780082	0	0.41638257995027	-0.170953028698429	1.00371818859897
PWY-7385	24	24	0.000137657087017406	0	0.000674379245341095	0	0.288675134594813	-0.295416354221539	0.872766623411164
PWY-2221	24	24	0	0	0	0	NA	NA	NA
PWY-3081	24	24	0	0	0	0	NA	NA	NA
PWY-5427	24	24	0	0	0	0	NA	NA	NA
PWY-5656	24	24	0	0	0	0	NA	NA	NA
PWY-5743	24	24	0	0	0	0	NA	NA	NA
PWY-5744	24	24	0	0	0	0	NA	NA	NA
PWY-6565	24	24	0	0	0	0	NA	NA	NA
PWY-6915	24	24	0	0	0	0	NA	NA	NA
PWY-6919	24	24	0	0	0	0	NA	NA	NA
PWY-6942	24	24	0	0	0	0	NA	NA	NA
PWY-6956	24	24	0	0	0	0	NA	NA	NA
PWY-7024	24	24	0	0	0	0	NA	NA	NA
