S2	S3	S4	S5	S6	S7	S8	S9	S10	S11	S12	S13	S14	S15	S16	S17	S18	S19	S20	S41	S42	S43	S44	S45	S22	S23	S24	S25	S26	S27	S28	S29	S30	S31	S32	S33	S34	S35	S36	S37	S38	S39	S40	S51	S52	S53	S54	S55
g__Bacteroides|s__fragilis	603	1520	2005	474	2018	1359	7151	254	2708	650	357	10249	2262	11190	3985	1435	1654	8479	31851	1702	6508	3878	3584	5766	1123	1245	1221	1658	2747	1423	7171	783	4561	1882	1804	7183	1340	6002	656	4899	1400	2633	16493	1168	3376	2415	2476	8656
g__Faecalibacterium|s__prausnitzii	3697	397	1037	1776	2905	5793	873	1157	875	1384	1184	615	3010	1057	1268	1414	10407	13133	427	579	1355	1169	327	6042	3000	586	1224	383	5376	1120	1104	1225	1188	5878	833	1589	1028	692	750	602	10783	933	609	559	442	669	220	2953
g__Vibrio|s__rumoiensis	333	445	930	726	340	197	160	33	306	6537	3014	12	198	267	378	444	25	6	13	2841	359	102	172	148	15	277	282	27	61	1297	465	595	87	42	31	42	67	458	357	245	301	2946	2674	191	950	783	0	0
g__Lactobacillus|s__delbrueckii	92	115	1068	182	2886	209	102	102	290	230	1073	89	143	155	415	199	2617	125	101	94	1453	62	113	62	155	214	1355	128	164	470	563	431	4032	313	297	359	1539	701	4873	92	60	141	236	177	123	1200	51	8
g__Prevotella|s__copri	3323	161	577	8478	276	370	184	3584	984	173	2989	268	309	84	177	1219	73	63	60	588	22	23	27	117	4276	45	521	801	192	439	314	2489	66	101	359	239	459	55	335	207	135	101	80	187	12	277	23	0
g__Prevotella|s__intermedia	225	346	3316	3955	282	221	106	89	187	129	843	530	136	61	380	1021	86	71	42	315	59	26	32	3422	67	216	4295	1520	105	61	149	513	37	83	49	270	60	38	347	516	42	84	136	34	26	299	20	918
g__Peptostreptococcus|s__anaerobius	427	192	193	141	63	64	655	17	485	396	99	301	393	1183	511	516	205	192	199	190	73	32	115	50	2518	412	317	153	208	510	336	292	133	149	189	191	783	1606	210	466	127	456	145	427	307	76	0	0
g__Bacteroides|s__caccae	1644	41	464	58	169	203	2376	71	768	85	113	77	279	39	463	72	255	164	148	45	113	261	173	359	1478	35	178	69	249	98	2173	100	642	186	203	181	363	80	98	67	310	50	293	253	28	293	34	428
g__[Ruminococcus]|s__gnavus	556	170	174	120	192	668	274	89	255	264	193	590	394	577	359	313	217	1061	712	166	422	541	316	281	693	270	356	114	252	261	114	107	153	386	285	320	450	328	154	569	273	491	323	367	656	383	292	152
g__Prevotella|s__stercorea	280	125	1738	10059	237	723	132	1104	328	169	594	921	116	76	335	1340	74	1827	64	481	20	66	6	45	81	52	1321	8463	180	344	383	2040	148	512	246	264	254	112	388	933	12	37	127	7	7	82	0	0
g__Roseburia|s__faecis	385	190	344	334	303	883	229	302	325	657	2641	21	81	41	48	57	44	183	36	68	97	221	63	360	52	73	527	88	221	223	140	245	164	1825	356	282	238	209	725	87	120	124	78	53	123	627	40	147
g__Akkermansia|s__muciniphila	80	45	333	52	260	114	4880	57	45	57	93	17	42	15	201	62	8	40	79	60	111	1707	264	42	19	14	116	25	249	138	4585	80	81	141	341	77	131	79	126	61	84	100	234	74	49	299	1659	53
g__Lactococcus|s__garvieae	181	306	562	410	202	156	85	45	186	2830	1057	6	38	123	184	204	11	0	3	1074	265	53	86	118	0	162	150	0	36	583	247	311	53	34	12	31	43	341	229	151	138	1262	1021	136	518	407	0	54
g__[Ruminococcus]|s__torques	141	54	209	66	68	754	1092	19	104	135	212	79	42	21	126	22	17	311	76	182	247	3449	303	563	89	28	144	41	98	114	327	90	79	822	125	178	125	75	204	361	261	388	345	252	229	639	103	86
g__Parabacteroides|s__distasonis	279	54	245	87	236	580	699	204	308	142	341	685	349	428	375	184	165	655	2634	151	372	2611	1141	1928	344	116	445	171	292	139	258	98	205	524	597	654	290	133	302	941	406	452	581	508	251	1493	1952	1638
g__Dorea|s__formicigenerans	408	107	256	156	129	359	526	344	187	170	210	75	152	297	168	120	39	137	99	121	91	115	178	1477	445	52	230	64	257	186	217	177	76	503	149	463	214	103	152	164	195	250	134	150	84	176	130	496
g__Gemmiger|s__formicilis	185	60	286	136	123	428	1106	976	103	150	185	47	156	92	303	184	178	2317	118	88	57	110	94	140	171	71	162	41	167	159	565	437	140	515	251	208	157	89	131	17	75	56	106	40	17	53	16	12
g__Aggregatibacter|s__segnis	18	159	19	12	37	17	0	10	97	318	17	50	154	2530	148	113	150	90	50	0	29	0	0	0	74	324	129	50	129	729	124	154	252	163	79	84	186	3173	127	0	9	354	0	19	247	0	0	0
g__Morganella|s__morganii	10	17	126	19	13	17	53	83	20	22	23	1030	61	121	195	119	52	34	512	52	58	51	158	399	58	88	93	111	87	147	180	166	109	70	184	3702	160	230	118	373	41	109	552	60	87	74	8	13
g__Haemophilus|s__influenzae	77	129	108	38	55	1285	19	0	15	55	42	0	69	229	70	21	0	83	0	96	75	65	29	16	0	0	6	28	125	3252	664	335	126	240	34	48	75	147	91	33	547	1098	264	35	41	37	0	0
g__Lactobacillus|s__salivarius	61	366	174	75	71	82	47	142	140	131	94	37	73	458	151	124	72	52	32	122	127	49	80	225	105	118	92	66	124	1502	302	275	169	107	220	1038	319	359	218	131	78	993	185	208	322	139	55	177
g__Bacteroides|s__ovatus	1802	60	185	99	1525	424	430	23	266	168	180	1105	728	268	293	246	775	711	1434	386	1592	943	501	503	1446	123	244	116	2355	136	486	155	373	625	173	595	321	257	167	773	1144	314	612	287	772	1174	2065	297
g__Collinsella|s__aerofaciens	239	60	200	424	292	1153	51	807	149	126	297	41	103	37	77	115	55	159	25	118	84	91	36	703	175	30	166	137	436	184	106	470	95	866	134	161	117	72	149	96	123	102	50	57	29	107	0	119
g__Acinetobacter|s__guillouiae	52	48	98	77	1312	42	30	0	35	210	334	30	49	78	100	86	1169	32	24	56	387	18	0	0	26	60	226	35	84	191	114	151	1417	87	72	74	125	202	1698	0	0	86	64	0	61	227	13	127
g__Bacteroides|s__uniformis	233	68	69	33	308	323	193	65	64	162	87	694	126	226	86	63	119	186	44	68	271	687	190	565	145	58	93	72	420	120	167	68	81	654	176	523	120	111	84	267	256	119	106	129	156	411	724	314
g__Shewanella|s__algae	24	22	122	97	74	14	25	96	168	31	42	11	24	34	62	211	78	14	16	344	121	20	34	295	41	15	121	42	118	456	392	1604	427	72	90	201	172	207	162	27	30	110	113	90	62	72	20	387
g__Streptococcus|s__anginosus	145	133	67	95	243	44	28	42	29	321	79	63	171	423	108	133	93	34	44	45	74	6	11	9	40	382	112	65	353	326	125	202	177	79	77	124	114	1181	187	52	108	225	29	0	300	6	0	0
g__Acinetobacter|s__johnsonii	46	84	134	95	651	38	0	0	55	600	328	0	47	96	91	91	543	0	0	136	243	0	26	0	0	75	137	0	37	184	85	150	664	43	68	0	71	145	699	0	44	205	144	0	115	143	21	0
g__Haemophilus|s__parainfluenzae	185	81	223	201	454	120	385	54	207	125	132	32	105	58	143	62	137	22	40	43	126	15	59	33	49	25	100	112	410	216	251	128	462	149	102	58	204	203	206	52	102	69	100	50	38	121	4	25
g__Eggerthella|s__lenta	57	37	111	28	109	103	1466	9	176	52	90	286	85	121	91	96	127	165	199	27	102	139	122	156	72	34	89	68	49	79	95	46	121	92	139	109	89	30	65	150	36	77	154	45	26	70	35	12
g__Ruminococcus|s__bromii	88	57	96	66	77	420	54	39	94	137	435	0	25	17	11	25	0	143	8	70	130	863	98	98	17	17	120	21	48	63	38	49	45	532	125	77	95	64	208	123	81	151	100	94	92	317	0	56
g__Macrococcus|s__caseolyticus	76	98	201	158	120	77	45	11	63	761	363	8	30	79	122	137	19	0	8	333	96	37	42	35	0	74	81	0	25	263	102	150	25	19	21	0	23	144	93	84	47	452	341	61	254	210	0	12
g__Clostridium|s__ramosum	36	190	41	27	25	36	84	14	38	31	31	176	142	1795	205	135	117	101	62	10	24	60	21	16	115	120	163	48	54	371	58	33	27	39	28	43	101	42	49	117	32	397	34	34	20	17	34	0
g__Clostridium|s__symbiosum	49	42	94	15	54	48	223	8	24	61	36	109	102	282	129	82	51	69	523	35	79	247	149	61	54	97	104	48	173	117	143	55	59	89	93	126	66	205	61	100	77	173	251	64	124	128	127	16
g__Alistipes|s__onderdonkii	145	35	34	25	324	154	69	20	36	67	86	17	109	20	12	0	49	70	0	45	118	1041	37	172	0	16	40	27	769	33	44	45	83	247	55	82	66	33	85	125	166	78	50	54	50	288	0	59
g__Clostridium|s__aldenense	97	396	136	121	58	110	313	129	79	97	89	60	27	104	68	65	30	17	41	90	27	53	32	58	13	58	23	81	74	266	227	454	53	99	66	84	84	92	80	78	26	214	57	20	32	33	37	14
g__Coprococcus|s__catus	189	38	131	160	68	217	164	101	78	104	104	28	89	17	57	65	21	41	32	47	30	57	58	248	86	21	92	52	217	68	95	109	47	320	56	113	101	59	85	58	82	28	73	27	39	62	366	150
g__Bacteroides|s__plebeius	85	32	79	43	59	814	48	11	86	1563	53	13	10	29	16	13	8	325	5	7	13	286	0	8	8	86	8	90	101	127	65	97	86	4606	92	136	133	210	83	41	21	37	15	7	118	8	0	0
g__Paraeggerthella|s__hongkongensis	8	10	24	62	17	6	0	367	17	15	14	0	0	12	27	77	4	0	4	201	26	8	23	139	0	0	0	30	41	358	279	1528	66	47	133	91	70	58	70	22	18	79	62	17	18	27	0	37
g__Lachnoanaerobaculum|s__orale	25	14	39	114	35	25	9	97	23	11	10	53	10	16	35	129	23	0	6	189	60	13	11	199	6	0	18	353	99	343	264	1313	170	171	82	176	134	109	135	212	13	77	69	16	0	40	10	468
g__Lactobacillus|s__iners	9	18	78	19	24	70	30	46	104	26	37	21	36	29	211	40	28	18	35	16	26	17	52	22	70	21	79	16	30	50	79	32	43	40	487	46	590	60	76	34	0	25	62	81	21	50	6	15
g__Corynebacterium|s__stationis	22	0	27	19	356	22	0	0	14	28	50	18	26	19	36	14	400	0	0	15	94	0	0	0	0	22	85	20	32	34	38	30	475	35	25	27	41	53	535	0	0	0	0	0	0	54	0	0
g__Acinetobacter|s__lwoffii	47	57	70	40	136	59	43	33	49	174	98	44	21	113	73	64	59	0	14	68	63	12	31	26	14	24	63	11	27	105	64	0	63	23	72	35	36	73	114	59	0	131	67	32	48	47	59	0
g__Blautia|s__obeum	43	21	38	41	24	63	62	33	28	31	100	12	37	15	27	36	14	39	209	33	48	40	64	447	29	17	41	0	28	25	36	15	17	93	71	102	26	27	30	50	27	57	59	38	26	64	18	170
g__Streptococcus|s__agalactiae	38	0	8	0	0	0	0	48	60	15	10	5	33	27	29	28	15	8	15	64	68	30	21	760	135	18	28	0	8	0	0	2	0	0	0	265	68	0	0	40	71	115	53	84	105	107	22	787
g__Porphyromonas|s__endodontalis	42	13	445	132	26	36	17	5	45	17	71	45	35	14	79	55	14	23	16	15	0	0	11	8	23	13	791	68	7	4	37	22	3	5	59	8	4	6	58	36	4	4	51	5	3	68	40	14
g__Pseudomonas|s__fragi	0	0	15	13	19	12	12	0	8	35	31	0	0	16	0	0	0	0	0	18	16	0	0	0	0	0	14	0	0	16	21	13	14	0	90	0	11	21	17	8	0	21	22	0	13	19	274	541
g__[Eubacterium]|s__biforme	30	48	106	42	31	763	31	12	44	148	202	6	3	13	16	11	0	55	0	8	0	44	6	0	0	16	57	6	9	62	33	24	16	467	82	11	27	25	59	11	0	44	13	7	15	39	3	0
g__Clostridium|s__perfringens	64	53	117	524	81	91	45	25	67	92	114	0	7	6	11	168	0	0	0	120	17	0	9	6	0	7	14	9	9	14	8	159	14	7	44	8	20	10	12	17	0	22	0	7	0	18	0	9
g__Corynebacterium|s__durum	11	0	28	11	239	10	7	0	9	9	53	0	8	15	18	9	317	6	6	0	64	5	0	0	7	10	72	0	9	31	22	23	388	24	17	21	62	20	407	0	0	10	0	5	0	64	0	0
g__Propionibacterium|s__acnes	13	9	45	5	38	9	7	13	25	7	99	9	16	15	43	25	36	14	12	13	49	13	11	10	19	11	118	12	36	47	46	42	101	36	68	43	109	50	359	17	23	13	33	23	21	160	32	5
g__Clostridium|s__hathewayi	26	32	31	25	37	49	120	40	22	29	25	39	32	106	51	16	27	38	66	23	41	122	17	62	26	32	33	32	43	60	100	65	36	65	18	68	42	70	48	79	31	78	48	24	31	50	135	47
g__Lactobacillus|s__helveticus	11	9	41	15	22	50	16	69	64	28	33	15	14	0	35	22	22	16	21	30	28	19	63	19	36	13	36	14	28	28	23	21	30	21	166	30	223	30	48	22	28	42	25	61	71	54	6	93
g__Psychrobacter|s__sanguinis	37	35	71	64	38	42	19	0	34	237	119	0	0	32	41	44	0	0	0	96	45	0	21	12	0	43	30	0	0	72	28	51	0	11	13	0	9	51	39	0	35	128	89	0	56	44	0	4
g__[Eubacterium]|s__dolichum	9	13	24	3	23	56	81	0	14	12	15	104	14	19	36	22	28	35	49	16	39	261	36	38	11	13	34	32	8	7	38	4	19	40	30	33	17	6	20	123	32	45	35	32	18	62	39	16
g__Citrullus|s__lanatus	0	0	7	0	251	0	0	0	0	0	0	0	0	0	0	0	256	0	0	0	24	0	0	0	0	0	22	2	5	11	10	0	339	0	12	3	8	9	564	0	0	0	0	0	0	0	0	0
g__Psychrobacter|s__pacificensis	96	0	50	0	0	0	0	0	0	10	0	26	444	44	345	64	51	36	35	0	0	0	0	0	26	38	66	0	67	0	35	0	0	0	0	0	0	0	0	0	59	0	31	0	0	0	0	0
g__Staphylococcus|s__equorum	26	49	76	54	0	0	0	0	0	275	131	0	0	0	0	0	0	0	0	102	0	0	0	0	0	0	0	0	0	79	36	51	0	0	0	0	0	54	41	0	0	156	118	0	80	59	0	0
g__Streptococcus|s__alactolyticus	0	19	16	35	12	22	0	193	21	0	0	15	12	7	17	33	0	11	0	54	14	8	0	18	13	0	15	13	14	69	61	216	21	40	41	40	40	29	38	22	13	0	0	0	0	0	8	0
g__Thermomonas|s__fusca	13	20	19	20	20	57	20	19	22	34	36	35	20	21	20	26	0	25	18	6	16	9	16	14	32	0	14	20	9	26	12	18	13	33	120	36	20	42	19	30	12	20	16	17	25	22	51	47
g__Alistipes|s__putredinis	14	6	0	5	0	62	17	16	26	63	12	9	0	0	0	0	0	24	0	9	13	26	21	224	0	4	0	13	9	16	8	0	8	141	25	38	8	12	0	62	11	25	12	12	21	16	99	113
g__Serratia|s__marcescens	13	12	21	0	0	0	19	54	23	20	27	13	7	14	22	17	0	0	0	21	27	0	29	12	0	16	30	0	13	38	21	30	16	20	85	38	47	32	34	42	0	48	30	0	17	43	51	0
g__Bulleidia|s__moorei	24	31	50	49	15	28	10	35	16	38	38	23	10	25	25	41	10	9	7	17	8	3	5	13	34	34	40	26	10	19	17	29	15	16	4	21	27	14	22	25	9	22	15	11	15	10	0	26
g__Psychrobacter|s__pulmonis	29	27	46	40	40	25	16	7	14	112	59	0	18	16	21	26	0	0	0	48	24	17	0	12	0	22	11	0	0	39	0	18	0	0	0	0	0	34	14	30	21	57	54	17	35	25	8	0
g__Campylobacter|s__ureolyticus	3	4	40	10	22	0	0	17	0	0	23	6	5	7	13	15	35	0	5	26	0	0	0	0	0	0	293	14	0	42	47	204	42	5	5	8	7	0	55	0	0	6	11	0	0	10	0	0
g__Brevundimonas|s__vesicularis	9	21	18	0	28	19	11	30	18	11	35	9	11	11	28	23	17	9	14	4	24	6	14	10	12	0	41	5	13	19	18	15	29	14	83	22	45	12	52	14	0	27	24	12	12	49	5	19
g__Carnobacterium|s__viridans	15	27	45	29	20	13	0	0	23	128	70	0	0	0	32	38	0	0	0	39	21	0	0	0	0	0	19	0	0	48	18	34	0	0	0	0	0	41	0	0	14	71	64	0	52	38	0	0
g__Bacteroides|s__acidifaciens	0	0	20	12	0	0	0	63	60	0	11	24	0	18	0	0	0	0	0	0	0	0	24	0	45	0	0	0	17	38	0	0	21	0	72	29	67	18	0	43	0	35	0	77	0	31	59	114
g__Psychrobacter|s__marincola	64	0	46	0	0	0	0	0	0	37	17	13	258	16	250	47	0	0	19	0	0	0	0	0	0	48	46	0	55	0	21	0	0	0	0	0	0	0	0	0	48	24	38	0	0	0	0	0
g__Pseudomonas|s__umsongensis	23	0	45	29	0	0	0	0	0	0	0	20	74	37	112	78	44	27	20	0	0	0	0	0	23	33	42	0	30	0	34	32	0	0	0	0	0	0	0	0	26	0	52	0	0	0	27	0
g__Bifidobacterium|s__adolescentis	0	0	0	0	0	68	0	0	0	75	92	0	0	0	0	0	0	0	0	0	0	13	0	0	0	0	0	17	0	21	0	0	0	213	41	0	0	34	43	0	0	0	0	0	0	34	0	0
g__Veillonella|s__parvula	21	0	31	35	21	22	30	0	18	0	0	0	0	18	24	41	17	0	37	15	14	0	28	0	2	0	14	11	0	11	24	14	26	13	23	0	16	17	19	17	0	18	47	0	0	18	8	0
g__Clostridium|s__celatum	21	10	25	20	24	32	13	0	23	14	48	0	0	0	34	31	19	0	0	12	0	0	0	0	26	0	39	0	8	21	0	22	0	0	28	12	0	13	42	18	0	0	18	0	0	28	12	0
g__Brevundimonas|s__diminuta	13	6	20	0	27	22	7	0	5	13	23	5	12	13	11	0	36	8	0	0	27	8	0	0	12	7	32	8	11	23	15	8	53	12	51	13	20	0	60	0	0	0	0	4	0	27	22	17
g__Blautia|s__producta	13	0	17	15	0	47	26	22	12	0	22	27	17	11	23	17	0	8	8	17	18	257	26	90	19	0	11	0	18	31	29	15	9	87	20	50	45	9	37	82	49	52	48	52	38	110	51	19
g__Pseudomonas|s__balearica	0	0	0	0	0	0	0	0	0	0	0	0	0	0	0	0	0	0	0	0	0	0	0	0	0	0	0	0	0	0	0	0	0	0	0	0	0	0	0	0	0	0	0	0	0	0	0	992
g__Pseudomonas|s__alcaligenes	0	0	0	0	77	0	0	0	0	11	12	0	11	0	12	6	74	0	0	0	33	0	0	0	8	0	31	0	21	30	9	21	84	11	11	0	18	19	48	0	0	0	0	0	0	29	0	0
g__Clostridium|s__neonatale	0	0	20	11	0	25	0	11	9	10	15	11	0	6	14	0	0	0	0	0	13	6	5	13	0	9	12	0	0	18	14	14	0	22	69	30	16	13	21	0	4	13	0	0	7	9	28	12
g__Corynebacterium|s__variabile	0	0	0	0	56	0	0	0	0	0	0	0	0	0	0	12	71	0	0	0	27	0	0	0	0	0	47	0	0	0	0	20	89	16	20	0	51	0	105	0	0	0	0	0	0	35	0	0
g__Ruminococcus|s__callidus	9	4	17	0	11	54	0	0	11	28	43	0	0	7	10	0	0	18	0	0	0	15	0	12	0	8	13	10	11	7	13	14	12	64	20	12	15	9	27	0	0	7	0	0	10	14	3	7
g__Brevibacterium|s__paucivorans	0	0	0	0	33	0	0	0	0	5	16	0	0	8	0	0	59	0	0	0	35	0	0	0	0	7	17	0	0	13	0	13	83	6	7	0	18	22	70	0	0	0	0	0	0	14	0	0
g__Helicobacter|s__ganmani	16	0	14	28	0	18	0	0	10	6	0	0	0	0	0	11	0	0	0	7	0	7	0	0	9	0	8	5	0	10	0	21	4	13	50	0	23	10	12	0	6	11	8	32	3	8	9	47
g__Ruminococcus|s__lactaris	0	0	21	0	0	13	0	0	0	0	14	0	0	8	13	0	0	16	0	9	0	7	0	76	0	0	41	0	0	7	11	0	0	34	6	35	14	0	10	0	11	0	13	0	0	23	3	42
g__Hyphomicrobium|s__zavarzinii	0	0	0	0	0	0	19	0	0	0	0	0	0	0	0	0	0	0	19	0	0	0	22	0	0	0	0	0	0	0	23	0	0	0	260	15	0	0	22	0	0	0	0	0	0	0	0	0
g__Parabacteroides|s__gordonii	0	0	7	7	0	25	0	8	17	0	9	0	0	0	5	0	0	4	0	6	5	0	0	13	14	0	10	0	9	8	11	0	0	17	12	10	22	9	14	9	10	11	0	22	0	18	48	16
g__Shinella|s__granuli	0	0	0	0	39	0	0	0	0	11	0	0	0	0	0	0	49	11	0	0	35	0	0	0	0	0	0	0	19	0	22	12	54	0	22	0	20	18	39	0	0	0	0	0	0	0	0	0
g__Microbispora|s__rosea	0	21	44	0	0	0	0	0	0	0	0	0	0	0	0	0	39	0	0	0	20	0	0	0	0	0	0	24	0	15	0	0	38	0	24	0	22	0	48	0	0	0	0	0	0	20	0	0
g__Veillonella|s__dispar	0	12	15	0	15	0	21	0	16	0	0	10	0	0	23	0	0	0	0	11	21	0	11	8	0	14	17	0	0	26	16	14	28	0	51	0	26	26	36	0	16	40	0	0	33	27	24	0
g__Clostridium|s__lavalense	0	0	0	0	0	19	0	0	0	0	0	0	0	0	0	0	0	0	0	17	21	85	0	34	0	0	10	13	0	0	0	0	0	28	0	0	0	0	0	12	0	21	0	12	0	17	0	0
g__Paracoccus|s__marcusii	0	0	22	0	0	0	0	0	0	0	0	0	14	0	14	14	0	0	0	16	11	0	14	16	0	0	15	0	9	0	0	0	0	0	28	19	18	0	25	12	0	25	17	0	0	22	0	0
g__Stenotrophomonas|s__acidaminiphila	0	0	0	10	27	0	0	0	6	11	0	0	0	0	8	10	15	0	0	9	14	0	0	0	0	0	13	0	13	27	13	7	48	9	43	0	8	17	38	0	0	9	0	0	0	15	0	0
g__Psychrobacter|s__celer	12	0	32	0	0	0	0	0	0	0	0	0	191	0	129	18	12	0	0	0	0	0	0	0	0	19	0	0	14	0	0	0	0	0	0	0	0	0	0	0	9	0	20	0	0	0	0	0
g__Clostridium|s__cocleatum	0	0	18	0	0	22	0	0	11	0	21	0	0	0	18	0	0	0	0	0	10	0	0	0	0	0	25	0	0	0	15	0	10	0	15	0	21	0	31	0	0	0	0	10	0	31	0	0
g__Rothia|s__aeria	0	0	0	0	20	8	0	0	0	0	10	0	0	0	5	8	30	6	0	0	18	0	0	0	0	0	12	0	0	8	0	10	32	8	20	0	13	11	32	0	0	0	0	0	0	15	0	0
g__Ruminococcus|s__flavefaciens	0	0	3	0	0	5	0	0	58	0	0	0	0	7	0	0	0	0	0	17	27	10	13	19	38	0	0	0	0	20	0	0	7	0	11	15	61	6	8	32	26	54	20	134	22	27	0	0
g__Rothia|s__nasimurium	17	0	0	0	14	0	0	0	0	25	15	0	0	0	0	0	17	0	0	17	12	0	0	0	0	14	0	0	0	10	0	0	17	0	11	0	0	16	18	0	0	16	0	0	29	15	0	0
g__Streptococcus|s__luteciae	16	0	20	0	0	0	0	0	0	86	25	0	0	0	0	0	0	0	0	0	0	0	0	0	0	15	0	0	0	0	0	0	0	0	0	0	0	0	0	0	0	32	25	20	0	0	0	0
g__Bacillus|s__flexus	0	0	0	0	16	0	0	0	0	0	14	0	0	0	10	0	26	0	0	0	15	0	0	0	0	0	20	0	0	0	12	0	17	0	11	11	0	17	25	0	0	0	0	0	0	11	18	0
g__Rothia|s__amarae	0	0	0	0	31	13	0	0	0	0	6	0	0	0	0	0	45	0	0	0	0	0	0	0	0	0	12	0	0	10	0	15	48	0	9	0	9	0	52	0	0	0	0	0	0	0	0	0
g__Kocuria|s__kristinae	0	0	0	0	32	0	0	0	0	0	17	0	12	6	0	0	35	0	0	0	13	0	0	0	0	0	12	0	0	10	0	0	41	0	0	0	0	0	53	0	0	0	0	0	0	0	0	0
g__Mucispirillum|s__schaedleri	5	11	0	17	11	8	0	11	11	26	21	3	0	11	8	0	0	0	0	20	0	0	0	4	5	4	0	0	2	10	0	0	3	0	18	0	0	8	0	7	0	24	14	13	9	6	12	5
g__Dietzia|s__timorensis	0	0	0	0	15	0	0	0	0	0	18	0	0	0	0	0	0	0	0	0	0	0	0	0	0	0	10	0	0	9	9	0	26	9	0	0	26	13	93	0	0	0	0	0	0	0	0	0
g__Myroides|s__odoratimimus	0	0	0	0	2	0	0	0	0	118	31	0	0	0	0	0	0	0	0	25	0	0	0	0	0	0	2	0	0	14	9	7	0	0	0	0	0	0	0	0	4	22	16	0	0	7	0	0
g__Pyramidobacter|s__piscolens	12	17	9	7	10	8	5	0	7	6	13	0	3	8	7	0	3	0	0	0	5	0	0	0	3	10	2	0	3	19	3	0	0	5	21	0	0	8	0	0	0	14	0	0	4	0	7	3
g__Clostridium|s__butyricum	0	0	0	0	0	0	0	0	0	0	0	17	10	0	0	6	0	0	0	0	0	0	0	18	0	0	0	14	0	8	0	0	0	0	0	50	14	0	16	12	0	0	0	9	0	0	0	14
g__Acinetobacter|s__rhizosphaerae	0	0	0	0	20	0	0	0	0	0	0	0	0	0	0	16	14	0	0	0	8	0	0	0	0	0	8	0	0	0	0	0	25	0	0	0	9	0	30	0	0	0	0	0	0	0	25	23
g__Stenotrophomonas|s__geniculata	0	15	0	0	0	0	0	12	0	0	0	13	0	10	17	0	0	0	0	0	0	0	20	0	0	0	11	0	14	24	0	20	0	0	75	0	17	0	20	17	0	14	14	0	13	17	12	0
g__Paracoccus|s__aminovorans	0	0	0	0	18	4	0	0	0	0	9	0	0	0	0	13	36	0	0	0	12	0	0	0	0	0	23	0	0	0	12	0	33	0	0	0	0	0	26	0	0	0	0	0	0	0	18	0
g__Lactobacillus|s__acidipiscis	12	0	8	0	0	0	0	25	0	0	0	0	21	0	24	26	0	0	0	12	0	0	0	0	0	0	12	0	13	0	0	0	0	0	0	0	0	0	0	0	11	0	0	0	0	9	0	0
g__Clostridium|s__citroniae	0	0	0	0	0	0	62	0	0	0	0	0	0	0	0	0	0	0	0	0	0	80	0	0	0	0	0	0	43	0	0	0	0	0	0	0	0	0	0	0	0	0	0	0	0	0	0	0
g__Pseudoxanthomonas|s__mexicana	0	0	6	0	33	0	0	2	0	13	13	0	0	0	10	10	26	0	0	0	14	0	0	0	0	0	33	0	13	7	0	0	28	7	70	19	14	12	68	0	0	7	0	0	0	11	0	12
g__Lactobacillus|s__mucosae	0	0	0	0	0	0	4	36	0	0	0	0	0	0	0	0	0	0	5	0	0	0	6	0	0	0	0	0	0	11	0	14	4	0	94	0	4	0	0	0	0	0	0	0	0	0	0	0
g__Staphylococcus|s__pettenkoferi	0	0	0	0	39	0	0	0	0	0	0	0	0	0	0	0	30	0	0	0	0	0	0	0	0	0	0	0	0	0	0	0	45	0	0	0	0	0	60	0	0	0	0	0	0	0	0	0
g__Novosphingobium|s__stygium	12	0	0	0	0	0	0	0	0	0	0	20	25	0	0	21	0	0	0	0	0	0	0	0	0	0	0	0	16	0	0	0	0	0	0	0	17	0	0	7	17	0	0	0	0	0	15	0
g__Bacteroides|s__eggerthii	0	0	0	0	0	0	0	0	0	0	0	0	0	0	0	0	0	0	0	11	0	0	0	95	0	0	0	0	0	0	0	0	0	0	0	15	10	0	0	8	0	0	7	12	0	0	8	88
g__Snodgrassella|s__alvi	0	0	0	0	0	22	0	37	15	6	0	0	0	0	0	0	6	5	0	0	0	0	5	0	0	0	0	0	0	0	0	0	0	0	12	8	10	0	7	15	5	0	0	0	0	0	12	12
g__Prevotella|s__nigrescens	0	0	0	0	18	0	0	0	18	0	0	0	0	0	0	0	9	0	0	0	11	0	0	0	0	0	0	5	0	0	0	7	73	0	12	0	6	0	3	0	0	0	0	0	0	0	0	0
g__Lactobacillus|s__zeae	0	0	9	0	9	0	0	36	20	0	0	0	0	0	0	0	0	0	0	0	0	0	12	0	0	0	0	0	0	0	0	0	0	0	16	0	23	0	0	14	0	0	0	0	0	0	0	3
g__Butyricicoccus|s__pullicaecorum	0	0	3	2	0	0	2	12	0	0	0	14	0	2	0	0	0	0	0	8	0	31	4	0	0	0	0	6	0	0	0	0	0	0	0	9	0	0	0	37	0	0	11	14	0	17	22	8
g__Selenomonas|s__noxia	0	0	0	41	0	24	0	0	17	0	0	0	0	0	0	0	0	0	0	0	0	0	0	0	0	0	0	0	0	0	0	16	0	0	0	0	0	0	0	20	0	0	0	0	0	0	0	0
g__Rothia|s__mucilaginosa	0	0	0	0	0	0	11	10	0	0	0	0	0	0	0	16	0	0	0	10	88	0	0	37	0	0	0	0	0	0	0	0	44	0	0	18	21	0	0	0	0	27	18	0	0	22	21	0
g__Pseudoxanthomonas|s__kaohsiungensis	0	0	0	0	10	0	0	0	0	0	0	0	0	0	7	0	12	0	0	0	10	0	0	0	0	0	16	0	6	0	0	0	19	0	0	0	0	12	15	0	0	0	0	0	0	0	0	0
g__Bacteroides|s__coprophilus	0	0	13	0	0	5	0	0	4	0	0	5	0	0	13	5	0	3	0	0	0	0	0	0	0	3	28	0	0	0	0	0	0	0	0	0	0	0	12	0	0	0	0	0	0	17	0	0
g__Prevotella|s__ruminicola	8	0	0	11	0	8	0	79	12	4	8	0	0	0	2	0	0	0	0	0	0	0	0	0	0	0	3	3	0	0	0	0	0	0	56	0	0	0	0	32	0	0	0	9	0	0	7	0
g__[Clostridium]|s__difficile	0	0	0	0	0	0	0	0	0	0	0	0	0	0	0	0	0	0	0	0	0	0	0	0	0	0	0	0	0	0	0	0	0	0	0	0	0	0	0	0	0	0	0	0	0	0	103	0
g__Pseudoalteromonas|s__luteoviolacea	0	0	2	0	0	0	0	0	0	0	0	0	158	0	116	0	0	0	0	0	0	0	0	0	0	0	0	0	0	0	0	0	0	0	0	0	0	0	2	0	8	0	0	0	0	0	0	0
g__Sphingomonas|s__asaccharolytica	0	0	0	11	0	11	0	33	22	0	10	0	0	0	39	92	4	0	0	20	21	3	22	0	5	0	0	0	0	0	0	0	0	0	0	0	7	0	4	55	0	4	0	0	0	0	0	0
g__Coprococcus|s__eutactus	0	6	8	13	7	7	0	8	0	3	45	0	0	0	0	0	0	0	0	0	0	0	0	0	0	0	0	0	0	0	0	0	0	0	0	0	0	0	14	0	0	0	0	0	0	26	0	4
g__Bifidobacterium|s__pseudolongum	0	0	0	18	0	0	0	0	0	0	0	0	0	0	0	0	0	0	0	0	0	0	0	0	0	0	0	0	0	0	0	0	0	0	0	0	0	0	0	0	0	0	0	0	0	0	26	41
g__Lactobacillus|s__ruminis	0	0	0	0	0	31	0	0	0	0	0	0	0	0	0	0	0	0	0	0	0	0	0	0	0	0	0	0	0	14	0	0	0	39	0	0	0	0	0	0	0	0	0	0	0	0	0	0
g__Treponema|s__socranskii	0	0	0	16	5	0	0	0	3	0	0	0	0	0	0	7	0	0	0	0	0	0	0	0	0	0	0	13	0	0	0	3	16	0	14	0	2	0	0	4	0	0	0	0	0	0	0	0
g__Sphingomonas|s__azotifigens	0	0	0	0	0	0	0	0	0	0	0	0	0	0	0	0	0	0	0	0	0	0	0	0	0	0	0	0	0	0	0	0	0	0	99	0	0	0	0	0	0	0	0	0	0	0	0	0
g__Streptomyces|s__mirabilis	0	0	0	0	0	0	0	0	0	0	0	0	0	0	0	0	0	0	0	0	0	0	0	0	0	0	0	0	0	0	0	0	0	0	0	0	0	0	0	0	0	0	0	0	0	0	0	0
g__Bifidobacterium|s__bifidum	0	0	0	0	8	0	0	0	28	0	0	0	0	0	0	0	7	0	0	0	0	0	0	0	0	0	0	0	0	0	0	0	16	0	0	0	9	0	0	0	0	0	0	0	0	0	0	0
g__Cellulomonas|s__xylanilytica	0	0	0	0	11	0	0	0	0	0	0	0	0	0	0	6	0	0	0	0	10	0	0	0	0	0	0	0	0	0	0	0	0	0	0	0	0	0	24	0	0	0	0	0	0	15	0	0
g__Methylotenera|s__mobilis	0	0	12	0	4	0	0	0	0	0	0	0	0	0	5	0	0	0	0	3	0	0	0	0	0	0	0	0	0	0	0	0	0	0	13	0	11	0	0	0	0	0	9	8	0	0	0	0
g__Kocuria|s__palustris	0	0	0	0	0	0	0	0	0	0	16	0	0	35	0	0	0	0	0	0	0	0	0	0	0	0	0	0	0	0	0	0	0	0	0	0	14	0	13	0	0	17	0	0	0	0	7	0
g__Cetobacterium|s__somerae	0	0	0	0	7	0	0	0	0	0	0	0	0	0	0	5	0	5	0	0	0	0	4	0	0	0	0	0	0	3	0	0	6	18	0	0	9	0	0	11	0	0	0	0	0	8	0	0
g__Psychrobacter|s__arenosus	0	7	0	5	0	0	0	0	6	20	5	0	0	0	0	0	0	0	0	0	0	0	0	0	0	0	0	0	0	0	0	0	0	0	0	0	0	0	0	0	0	0	8	0	0	7	0	0
g__Pseudomonas|s__veronii	0	0	19	0	0	0	0	0	0	17	0	0	0	0	0	0	0	0	0	18	0	0	0	0	0	0	0	0	0	0	0	0	0	0	0	0	0	21	0	0	0	14	0	0	0	0	0	0
g__Reyranella|s__massiliensis	0	0	0	0	0	6	0	0	0	0	5	0	0	0	0	0	0	0	4	0	9	0	0	0	0	0	0	0	0	7	0	0	3	0	52	0	0	0	0	0	0	0	0	0	5	0	0	0
g__Petrimonas|s__sulfuriphila	0	0	0	0	0	0	0	0	0	0	0	0	0	0	0	0	0	0	0	0	0	0	5	0	0	0	0	0	0	0	0	0	0	0	47	0	0	0	4	0	0	0	0	0	0	0	0	0
g__Sphingomonas|s__wittichii	0	0	0	0	0	0	0	0	0	0	0	0	0	0	0	0	0	0	0	0	0	0	0	0	0	0	0	0	0	0	0	0	0	0	55	0	0	0	0	0	0	0	0	0	0	0	0	0
g__Pseudomonas|s__stutzeri	0	0	0	0	0	0	0	0	0	0	0	0	0	0	0	0	0	0	0	0	0	0	0	0	0	0	0	0	0	0	0	0	0	0	27	0	0	13	15	0	0	0	0	0	0	0	0	0
g__Clostridium|s__colinum	3	0	4	0	0	10	0	2	0	3	0	0	0	0	0	0	0	0	0	2	0	0	0	0	0	0	0	0	0	0	4	0	4	20	0	3	4	7	0	0	0	0	0	3	0	0	0	0
g__Alistipes|s__indistinctus	0	0	0	0	0	10	0	4	7	4	6	0	0	0	0	0	0	0	0	0	0	3	0	0	3	0	0	0	5	0	0	9	0	18	0	2	5	0	0	0	0	0	0	8	0	2	9	13
g__Ruminococcus|s__albus	0	0	4	0	0	6	0	0	0	0	7	0	0	0	3	0	6	8	0	0	0	4	0	0	0	0	0	0	0	0	0	0	0	2	68	0	0	0	0	0	0	0	0	0	0	0	8	0
g__Staphylococcus|s__sciuri	0	0	0	0	0	0	0	0	0	46	0	0	0	0	0	0	0	0	0	0	0	0	0	0	0	0	0	0	0	0	0	0	0	0	0	0	0	0	0	0	0	0	0	0	0	0	0	0
g__Rothia|s__dentocariosa	0	0	10	0	11	0	0	0	0	0	0	0	0	0	0	0	0	0	0	0	0	0	0	0	0	0	0	0	0	0	0	0	9	0	0	0	0	0	14	0	0	0	0	0	0	0	0	0
g__Flavobacterium|s__succinicans	0	0	0	0	0	0	0	0	0	0	0	0	0	0	0	0	0	0	0	0	0	0	3	0	0	0	0	0	0	0	0	0	0	0	39	0	3	0	0	0	0	0	0	0	0	0	0	0
g__Neisseria|s__oralis	0	0	0	0	0	0	0	0	0	0	0	0	0	0	0	0	0	0	0	0	0	0	0	0	0	0	0	0	0	0	0	0	0	0	34	0	0	0	10	0	0	0	0	0	0	0	0	0
g__Pseudomonas|s__viridiflava	0	0	0	0	0	0	0	0	0	0	0	0	0	0	0	0	0	0	0	0	6	0	0	0	0	0	0	0	0	0	0	0	0	0	16	0	0	0	0	12	0	0	0	0	0	0	10	0
g__Rhodococcus|s__ruber	0	0	0	0	0	0	0	0	0	0	0	0	0	0	0	0	0	0	0	0	0	0	0	0	0	0	0	0	0	0	0	0	0	0	43	0	0	0	0	0	0	0	0	0	0	0	0	0
g__Arthrobacter|s__agilis	0	0	18	0	0	0	0	0	0	0	0	0	0	0	0	0	0	0	0	0	0	0	0	0	0	0	0	0	0	0	0	0	0	0	21	0	0	0	0	0	0	0	0	0	0	24	0	0
g__Staphylococcus|s__succinus	0	0	0	0	0	0	0	0	0	23	0	0	0	0	0	0	0	0	0	42	0	0	0	0	0	0	0	0	0	0	0	0	0	0	0	0	0	0	0	0	0	0	0	0	0	0	0	0
g__Mycobacterium|s__llatzerense	0	0	0	0	0	0	0	0	0	0	0	0	0	0	0	0	0	0	0	0	0	0	0	0	0	0	0	0	0	0	0	0	0	0	39	0	0	0	0	0	0	0	0	0	0	0	0	0
g__Photobacterium|s__damselae	0	0	0	0	0	0	0	0	0	0	0	0	0	0	0	0	0	0	0	0	0	0	0	0	0	0	0	0	0	0	0	0	0	0	9	0	3	10	0	0	6	0	0	0	0	0	10	0
g__Nitrosovibrio|s__tenuis	0	0	0	0	0	0	0	0	0	0	0	0	0	0	0	0	0	0	0	0	0	0	0	0	0	0	0	0	0	0	0	0	0	0	10	0	0	0	0	0	0	0	0	0	0	0	0	0
g__Bacillus|s__muralis	0	0	0	0	0	0	0	0	0	0	0	0	0	0	0	0	0	0	0	0	0	0	0	0	0	0	0	0	0	0	0	0	0	0	0	0	11	0	22	0	0	0	0	0	0	0	0	0
g__Geobacter|s__lovleyi	8	0	7	0	0	0	12	0	0	0	0	0	0	0	0	7	0	0	0	0	0	0	0	0	0	0	0	0	0	0	0	0	0	0	0	0	0	0	0	0	0	0	0	0	0	0	0	0
g__Prevotella|s__melaninogenica	0	0	5	0	0	0	0	11	0	0	0	0	0	0	0	0	0	0	0	0	0	0	0	0	0	0	0	0	0	0	0	0	0	0	33	0	0	6	0	0	0	0	0	0	0	0	0	0
g__Dorea|s__longicatena	0	0	0	0	0	7	2	0	0	0	2	0	0	0	7	0	0	0	0	0	0	0	0	0	0	0	0	0	2	0	0	0	0	0	35	0	0	0	0	0	0	0	2	7	0	0	0	0
g__Legionella|s__nautarum	0	0	0	0	0	0	0	0	0	0	0	0	0	0	0	0	0	0	0	0	0	0	0	0	0	0	0	0	0	0	0	0	0	0	30	2	0	0	0	0	0	0	0	0	0	0	0	0
g__[Eubacterium]|s__cylindroides	0	0	0	0	0	0	0	0	0	0	0	0	10	0	0	6	0	0	0	0	0	0	0	5	0	0	5	0	0	0	0	0	0	0	0	0	0	0	0	0	0	0	0	0	0	0	0	0
g__Proteocatella|s__sphenisci	0	0	0	0	0	0	0	0	0	0	0	0	0	0	0	0	0	0	0	0	0	0	0	0	0	0	0	4	0	0	0	0	0	0	0	0	0	0	0	2	2	0	0	0	0	0	19	0
g__Coprobacillus|s__cateniformis	0	0	0	0	0	0	0	3	0	0	0	0	0	4	0	0	0	0	0	0	3	0	0	0	0	0	0	0	0	5	6	0	0	0	0	0	0	3	0	0	0	3	0	3	0	0	3	0
g__Helicobacter|s__pylori	0	0	0	0	0	0	0	0	0	0	0	0	0	0	0	0	0	0	0	0	0	0	0	0	0	0	0	0	0	0	0	0	0	0	24	0	0	0	0	0	0	0	0	0	0	0	0	0
g__Sphingomonas|s__suberifaciens	0	0	0	0	0	0	0	0	0	0	0	0	0	0	0	0	0	0	0	0	0	0	0	0	0	0	0	0	0	0	0	0	0	0	11	0	0	0	0	0	0	0	0	0	0	0	0	0
g__Clostridium|s__spiroforme	0	0	0	0	0	0	0	0	0	0	0	0	0	0	0	0	0	0	0	0	0	0	0	0	0	0	0	6	0	0	0	0	0	0	0	0	0	0	0	6	0	0	0	0	0	0	0	0
g__Stenotrophomonas|s__maltophilia	0	0	0	0	0	0	0	0	0	0	16	0	0	0	0	0	0	0	0	0	0	0	0	0	0	0	0	0	0	0	0	0	0	0	0	0	0	0	13	0	0	0	0	0	0	0	0	0
g__Sulfitobacter|s__litoralis	0	0	0	0	0	0	0	0	0	0	0	0	16	0	0	13	0	0	0	0	0	0	0	0	0	0	0	0	0	0	0	0	0	0	0	0	0	0	0	0	0	0	0	0	0	0	0	0
g__Selenomonas|s__bovis	0	30	0	0	0	0	0	0	0	0	0	0	0	0	0	0	0	0	0	0	0	0	0	0	0	0	0	0	0	0	0	0	0	0	0	0	0	0	0	0	0	0	0	0	0	0	0	0
g__Campylobacter|s__rectus	0	0	3	0	0	0	0	0	0	0	0	0	0	0	0	0	0	0	0	0	0	0	0	0	0	0	0	3	0	0	0	0	0	0	26	0	0	0	0	3	0	0	0	0	0	0	0	0
g__Roseburia|s__inulinivorans	25	0	5	0	0	0	0	2	0	0	0	0	0	0	0	0	0	0	0	0	0	0	0	0	0	0	0	0	0	0	0	0	0	0	0	0	0	0	0	0	0	0	0	0	0	2	0	0
g__Oxalobacter|s__formigenes	0	0	0	0	0	14	0	0	0	0	0	0	0	0	0	0	0	0	0	0	0	0	0	0	0	0	0	0	0	0	0	0	0	11	0	0	0	0	0	0	0	0	0	0	0	0	0	0
g__Streptomyces|s__reticuliscabiei	0	0	0	0	0	0	0	0	0	0	0	0	0	0	0	0	0	0	0	0	0	0	0	7	0	0	0	0	0	0	0	0	0	0	0	0	0	0	0	0	0	0	0	0	0	0	0	0
g__Subdoligranulum|s__variabile	0	0	0	0	0	0	0	0	0	0	0	0	0	0	0	0	0	0	0	0	0	0	0	4	0	0	0	0	0	0	0	0	0	0	0	0	0	0	0	2	0	0	0	0	0	15	0	0
g__Octadecabacter|s__antarcticus	0	0	0	0	0	0	0	0	0	0	0	0	24	0	0	0	0	0	0	0	0	0	0	0	0	0	0	0	0	0	0	0	0	0	0	0	0	0	0	0	0	0	0	0	0	0	0	0
g__Agromyces|s__mediolanus	0	0	0	0	0	0	0	0	0	0	0	0	0	0	0	0	0	0	0	0	0	0	0	0	0	0	0	0	0	0	0	0	0	0	24	0	6	0	0	0	0	0	0	0	0	0	0	0
g__Helicobacter|s__hepaticus	0	0	0	6	0	3	0	0	0	0	0	0	0	0	0	0	0	0	0	0	0	0	0	0	0	0	0	0	0	0	0	0	0	0	0	0	6	0	0	0	0	0	0	0	0	9	0	0
g__Peredibacter|s__starrii	2	0	7	0	0	8	0	0	0	0	0	0	0	0	0	0	0	0	0	0	0	0	0	0	0	0	0	0	0	0	0	0	0	0	0	0	0	0	0	0	0	0	0	0	0	0	0	0
g__[Prevotella]|s__tannerae	0	0	0	4	0	0	0	0	0	0	0	0	0	0	0	2	0	0	0	0	0	0	0	0	0	0	0	0	0	0	0	4	0	2	9	0	0	0	0	0	0	0	0	0	0	0	0	0
g__Atopostipes|s__suicloacalis	0	0	0	0	0	0	0	0	0	0	0	0	0	0	0	0	0	0	0	0	0	0	0	0	0	0	0	0	0	0	0	0	0	0	21	0	0	0	0	0	0	0	0	0	0	0	0	0
g__Halomonas|s__xinjiangensis	0	0	0	0	0	3	0	0	0	7	5	0	0	0	0	0	0	0	0	0	0	0	0	0	0	0	0	0	0	0	0	0	0	4	0	0	0	6	0	0	0	0	0	0	0	0	0	0
g__Burkholderia|s__bryophila	0	0	0	0	0	0	0	0	0	0	0	0	0	0	0	0	0	0	0	9	0	0	0	0	0	0	0	0	0	0	0	0	0	0	0	0	0	0	0	0	0	0	20	0	0	0	0	0
g__Sphingobium|s__yanoikuyae	0	0	0	0	0	0	0	0	0	0	0	0	0	0	0	0	0	0	0	0	0	0	0	0	0	0	0	0	0	0	0	0	0	0	0	0	0	0	0	0	0	0	0	0	0	0	0	19
g__Acinetobacter|s__venetianus	0	0	0	0	0	0	0	0	0	10	0	0	0	0	0	0	0	0	0	0	0	0	0	0	0	0	0	0	0	0	0	0	0	0	0	0	0	0	0	0	0	0	0	0	0	0	0	8
g__Paenibacillus|s__barengoltzii	0	0	0	4	0	0	0	0	0	0	0	0	0	0	0	4	0	0	0	0	0	0	0	0	0	0	0	0	0	0	0	0	0	0	0	0	0	0	5	3	0	0	0	0	0	5	0	0
g__Duganella|s__nigrescens	0	0	0	0	0	0	0	0	0	0	0	0	0	0	0	0	0	0	0	0	0	0	0	0	0	0	0	0	0	4	0	0	0	0	0	0	0	0	0	0	0	0	0	0	0	0	0	0
g__Castellaniella|s__defragrans	0	0	0	0	0	0	0	0	0	0	0	0	0	0	0	0	0	0	0	0	0	0	0	0	0	0	0	0	0	0	0	0	0	0	18	0	0	0	0	0	0	0	0	0	0	0	0	0
g__Johnsonella|s__ignava	0	0	0	0	0	0	0	0	0	0	0	0	0	0	0	0	0	0	0	0	0	0	0	0	0	0	0	0	0	0	0	0	0	0	18	0	0	0	0	0	0	0	0	0	0	0	0	0
g__Rhizobium|s__giardinii	0	0	0	0	0	0	0	0	0	0	0	0	0	0	0	0	0	0	0	0	0	0	0	0	0	0	0	0	0	0	0	0	0	0	0	0	0	0	0	0	0	0	0	0	0	0	0	0
g__Anaerorhabdus|s__furcosa	0	0	0	0	0	0	8	0	0	0	0	0	0	0	0	0	0	0	0	0	0	0	0	0	0	0	0	3	0	0	0	0	0	3	0	3	0	0	0	0	0	0	0	0	0	0	0	0
g__Candidatus Nitrososphaera|s__SCA1170	0	0	0	0	0	0	0	0	0	0	0	0	0	0	0	0	0	0	0	0	8	0	0	0	0	0	0	0	0	0	0	0	0	3	0	0	0	0	0	0	0	0	0	0	0	0	0	0
g__Serratia|s__symbiotica	0	0	0	0	0	0	0	0	0	0	0	0	0	0	0	0	0	0	0	0	0	0	0	0	0	0	0	0	0	0	0	0	0	0	17	0	0	0	0	0	0	0	0	0	0	0	0	0
g__Sorangium|s__cellulosum	0	0	0	0	0	0	0	0	0	0	0	0	0	0	0	0	0	0	0	0	0	0	0	0	0	0	0	0	0	0	0	0	0	0	0	0	0	0	0	0	0	0	0	0	0	0	0	0
g__Maribacter|s__polysiphoniae	0	0	0	0	0	0	0	0	0	0	0	0	10	0	6	0	0	3	0	0	0	0	0	0	0	0	0	0	0	0	0	0	0	0	0	0	0	0	0	0	0	0	0	0	0	0	0	0
g__Corynebacterium|s__kroppenstedtii	0	0	0	0	7	0	0	0	0	0	0	0	0	0	0	0	9	0	0	0	0	0	0	0	0	0	0	0	0	0	0	0	0	0	0	0	0	0	0	0	0	0	0	0	0	0	0	0
g__Novosphingobium|s__capsulatum	0	0	0	0	0	0	0	0	0	0	0	0	0	0	0	0	0	0	0	0	0	0	0	0	0	0	0	0	0	0	0	0	0	0	16	0	0	0	0	0	0	0	0	0	0	0	0	0
g__Brachymonas|s__denitrificans	0	0	0	0	0	0	0	0	0	0	0	0	0	0	0	0	0	0	0	0	0	0	0	0	0	0	0	0	0	0	0	0	0	0	16	0	0	0	0	0	0	0	0	0	0	0	0	0
g__Enterococcus|s__cecorum	0	0	0	0	0	0	0	0	0	0	0	0	0	0	0	0	0	0	0	0	0	0	0	0	0	0	0	0	0	0	0	0	0	0	16	0	0	0	0	0	0	0	0	0	0	0	0	0
g__Geobacillus|s__vulcani	0	0	0	0	0	0	0	0	0	0	0	0	0	0	0	0	0	0	0	0	0	0	0	0	0	0	0	0	0	0	0	0	0	0	16	0	0	0	0	0	0	0	0	0	0	0	0	0
g__Kerstersia|s__gyiorum	0	0	0	0	0	0	0	0	0	0	0	0	0	0	0	0	0	0	0	0	0	0	0	0	0	0	0	0	0	0	0	0	0	0	16	0	0	0	0	0	0	0	0	0	0	0	0	0
g__Aeribacillus|s__pallidus	0	0	0	0	0	0	0	0	0	0	0	0	0	0	5	0	0	0	0	0	0	0	0	0	0	0	0	0	0	0	0	0	0	0	0	0	0	0	0	0	0	0	0	0	0	0	11	0
g__Bacillus|s__koreensis	0	0	0	0	0	0	0	0	0	0	0	0	0	0	0	0	0	0	3	0	0	0	0	0	0	0	0	0	0	0	0	0	0	0	12	0	0	0	0	0	0	0	0	0	0	0	0	0
g__Clostridium|s__thermopalmarium	0	0	0	0	0	0	0	0	0	0	0	0	0	0	0	0	0	0	0	0	0	0	0	0	3	0	0	0	0	8	4	0	0	0	0	0	0	0	0	0	0	0	0	0	0	0	0	0
g__Geobacillus|s__thermodenitrificans	0	0	0	0	0	15	0	0	0	0	0	0	0	0	0	0	0	0	0	0	0	0	0	0	0	0	0	0	0	0	0	0	0	0	0	0	0	0	0	0	0	0	0	0	0	0	0	0
g__Sandaracinobacter|s__sibiricus	0	0	0	0	0	0	0	0	0	0	6	0	0	0	0	0	0	0	0	0	0	0	0	0	0	0	0	0	0	0	0	0	0	0	0	0	0	0	0	0	0	0	4	0	0	4	0	0
g__Pseudonocardia|s__halophobica	0	0	0	0	0	0	0	0	0	0	0	0	0	0	0	0	0	0	0	0	0	0	0	0	0	0	14	0	0	0	0	0	0	0	0	0	0	0	0	0	0	0	0	0	0	0	0	0
g__Haloferula|s__harenae	0	0	0	0	0	0	0	0	0	0	0	0	0	0	0	0	0	0	0	0	0	0	0	0	0	0	0	0	0	0	0	0	0	0	14	0	0	0	0	0	0	0	0	0	0	0	0	0
g__Roseomonas|s__lacus	0	0	0	0	0	0	0	0	0	0	0	0	0	0	0	0	0	0	0	0	0	0	0	0	0	0	0	0	0	0	0	0	0	0	14	0	0	0	0	0	0	0	0	0	0	0	0	0
g__Variovorax|s__paradoxus	0	0	0	0	0	0	0	0	0	0	0	0	0	0	0	0	0	0	0	0	0	0	0	0	0	0	0	0	0	0	0	0	0	0	13	0	0	0	0	0	0	0	0	0	0	0	0	0
g__Pelomonas|s__puraquae	0	0	0	0	0	0	0	0	0	0	0	0	0	0	0	0	0	0	0	0	0	0	0	0	0	0	0	0	0	0	0	0	0	0	0	0	0	0	0	0	0	0	0	13	0	0	0	0
g__Bacillus|s__selenatarsenatis	0	0	0	0	0	0	0	0	0	0	0	0	0	0	0	0	0	0	0	0	0	0	0	0	0	0	0	0	0	0	0	0	0	0	0	0	0	0	0	0	0	0	0	0	0	0	0	0
g__Sphingomonas|s__echinoides	0	0	0	0	0	0	0	0	0	0	0	0	0	0	0	0	0	0	0	0	0	0	0	0	0	0	0	0	0	0	0	0	0	0	0	0	0	0	0	0	0	0	0	0	0	0	0	0
g__Atopobium|s__vaginae	0	0	0	0	0	9	0	0	0	0	0	0	0	0	0	0	0	0	0	0	0	0	0	0	0	0	3	0	0	0	0	0	0	0	0	0	0	0	0	2	0	0	0	0	0	0	0	0
g__Actinobacillus|s__muris	0	0	0	0	0	0	0	0	0	0	0	0	0	0	0	0	0	0	0	0	0	0	0	0	0	0	0	0	0	12	0	0	0	0	0	0	0	0	0	0	0	0	0	0	0	0	0	0
g__Luteibacter|s__rhizovicinus	0	0	12	0	0	0	0	0	0	0	0	0	0	0	0	0	0	0	0	0	0	0	0	0	0	0	0	0	0	0	0	0	0	0	12	0	0	0	0	0	0	0	0	0	0	0	0	0
g__Xanthomonas|s__campestris	0	0	0	0	0	0	0	0	0	0	0	0	0	0	0	0	0	0	0	0	0	0	0	0	0	0	0	0	0	0	0	0	0	0	12	0	0	0	0	0	0	0	0	0	0	0	0	0
g__Staphylococcus|s__lugdunensis	0	0	5	0	3	0	4	0	0	0	0	0	0	0	0	0	0	0	0	0	0	0	0	0	0	0	0	0	0	0	2	0	0	0	0	0	12	0	0	0	0	0	0	2	0	0	0	0
g__Burkholderia|s__glathei	0	0	0	0	0	0	0	0	0	0	0	0	0	0	0	0	0	0	0	0	0	0	0	0	0	0	0	0	0	0	0	0	0	0	0	0	0	0	0	0	0	0	0	0	0	0	0	0
g__Virgisporangium|s__ochraceum	0	0	0	0	0	0	0	0	0	0	0	0	0	0	0	0	0	0	0	0	0	0	0	0	0	0	0	0	0	0	0	0	0	0	0	0	0	0	0	0	0	0	0	0	0	0	0	0
g__Tetragenococcus|s__halophilus	0	0	0	0	0	0	0	0	0	0	0	0	0	0	0	0	0	0	0	0	0	0	0	0	0	0	0	0	0	0	0	0	0	0	5	0	0	0	6	0	0	0	0	0	0	0	0	0
g__Nitrosomonas|s__communis	0	0	0	0	0	0	0	0	0	0	0	0	0	0	0	0	0	0	0	0	0	0	0	0	0	0	0	0	0	0	0	0	0	0	0	0	0	0	0	0	0	0	0	0	0	0	0	0
g__Streptococcus|s__infantis	0	0	0	0	11	0	0	0	0	0	4	0	0	0	0	0	0	0	0	0	0	0	0	0	0	0	0	0	0	0	0	0	0	0	0	0	0	0	0	0	0	0	0	0	0	0	0	0
g__Clostridium|s__methylpentosum	0	0	0	0	0	0	0	0	0	0	0	0	0	2	0	3	2	0	0	0	0	0	0	0	2	0	0	0	0	5	0	0	2	0	4	5	2	0	0	0	0	0	5	3	0	3	0	0
g__Barnesiella|s__intestinihominis	0	0	0	0	0	0	0	0	0	0	0	0	0	0	0	0	0	0	0	0	0	0	0	6	0	0	0	0	0	0	0	0	0	23	0	0	0	0	0	0	0	0	0	0	0	0	0	2
g__Woodsholea|s__maritima	0	0	0	0	0	0	0	0	0	0	0	0	0	0	0	0	0	0	0	0	0	0	0	0	0	0	0	0	0	0	0	0	0	0	0	0	0	0	5	0	0	0	0	0	0	0	5	0
g__Olsenella|s__profusa	0	0	0	0	0	0	0	0	0	0	0	0	0	0	0	0	0	0	0	0	0	10	0	0	0	0	0	0	0	0	0	0	0	0	0	0	0	0	0	0	0	0	0	0	0	0	0	0
g__Neisseria|s__canis	0	0	0	0	0	10	0	0	0	0	0	0	0	0	0	0	0	0	0	0	0	0	0	0	0	0	0	0	0	0	0	0	0	0	0	0	0	0	0	0	0	0	0	0	0	0	0	0
g__Clostridium|s__bowmanii	0	0	0	0	0	0	0	0	0	0	0	0	0	0	0	0	0	0	4	0	0	0	0	0	0	0	0	0	0	0	0	0	0	0	5	0	0	0	0	0	0	0	0	0	0	0	0	0
g__Bacillus|s__longiquaesitum	0	0	0	0	0	0	0	0	0	0	0	0	0	0	0	0	0	0	0	0	0	0	0	0	0	0	9	0	0	0	0	0	0	0	0	0	0	0	0	0	0	0	0	0	0	0	0	0
g__Prevotella|s__nanceiensis	0	0	0	2	4	0	0	0	0	0	0	3	0	0	2	0	0	0	0	0	0	2	0	0	0	0	0	0	0	0	0	0	2	0	0	0	0	0	3	0	0	0	0	0	0	0	3	0
g__Bacillus|s__coagulans	0	0	0	0	0	0	0	0	0	0	0	0	0	0	0	0	0	0	0	0	0	0	0	0	0	0	0	0	0	0	0	0	0	0	9	0	0	0	0	0	0	0	0	0	0	0	0	0
g__Candidatus Aquiluna|s__rubra	0	0	0	0	0	0	0	0	0	0	0	0	0	0	0	0	0	0	0	0	0	0	0	0	0	0	0	0	0	0	0	0	0	0	0	0	9	0	0	0	0	0	0	0	0	0	0	0
g__Caulobacter|s__henricii	0	0	0	0	0	0	0	0	0	0	0	0	0	0	0	0	0	0	0	0	0	0	0	0	0	0	0	0	0	0	0	0	0	0	0	0	0	0	0	0	0	0	0	0	0	0	9	0
g__Actinomadura|s__vinacea	0	0	0	0	0	0	0	0	0	0	0	0	0	0	0	0	0	0	0	0	0	0	0	0	0	0	0	0	0	0	0	0	0	0	0	0	0	0	0	0	0	0	0	0	0	0	0	0
g__Inquilinus|s__limosus	0	0	0	0	0	4	0	0	0	0	0	0	0	0	0	0	0	0	0	0	0	0	0	0	0	0	0	0	0	0	0	0	0	0	0	0	0	0	0	0	0	0	0	0	0	0	0	0
g__Bosea|s__genosp.	0	0	0	0	0	3	0	9	0	0	0	0	0	0	0	0	0	0	0	0	0	0	0	0	0	0	0	0	0	0	0	0	0	0	0	0	0	0	0	0	0	0	0	0	0	0	0	0
g__Methanobacterium|s__beijingense	0	0	0	0	0	0	0	0	0	0	0	0	8	0	0	0	0	0	0	0	0	0	0	0	0	0	0	0	0	0	0	0	0	0	0	0	0	0	0	0	0	0	0	0	0	0	0	0
g__Sphingopyxis|s__alaskensis	0	0	0	0	0	0	0	0	0	0	0	0	4	0	0	0	0	0	0	0	0	0	0	0	0	0	0	0	0	0	0	0	0	0	0	0	0	0	0	0	0	0	0	0	0	0	0	4
g__Nannocystis|s__exedens	0	0	0	0	0	8	0	0	0	0	0	0	0	0	0	0	0	0	2	0	0	0	0	0	0	0	0	0	0	0	0	0	0	0	0	0	0	0	0	0	0	0	0	0	0	0	0	0
g__Methylobacterium|s__adhaesivum	0	0	0	0	0	0	0	0	0	0	0	0	0	0	0	0	0	0	0	0	0	0	0	0	0	0	0	0	0	0	0	0	0	0	0	0	0	0	8	0	0	0	0	0	0	0	0	0
g__Rhodococcus|s__fascians	0	0	4	0	0	0	0	4	0	0	0	0	0	0	0	0	0	0	0	0	0	0	0	0	0	0	0	0	0	0	0	0	0	0	0	0	0	0	0	0	0	0	0	0	0	0	0	0
g__Dongia|s__mobilis	0	0	0	0	0	0	0	2	2	0	0	0	0	0	0	0	0	0	0	0	3	0	0	0	0	0	0	0	0	0	0	0	0	0	0	0	0	0	0	0	0	0	0	0	0	0	0	0
g__Actinomyces|s__hyovaginalis	0	0	0	0	0	0	0	8	0	0	0	0	0	0	0	0	0	0	0	0	0	0	0	2	0	0	0	0	0	0	0	0	0	0	0	0	0	0	0	0	0	0	0	0	0	0	0	0
g__Syntrophomonas|s__wolfei	0	0	0	0	0	0	0	0	0	0	0	0	7	0	0	0	0	0	0	0	0	0	0	0	0	0	0	0	0	0	0	0	0	0	0	0	0	0	0	0	0	0	0	0	0	0	0	0
g__Olsenella|s__uli	0	0	0	0	0	0	0	0	0	0	0	0	0	0	0	0	0	0	0	0	0	0	0	0	0	0	0	0	0	0	0	7	0	0	0	0	0	0	0	0	0	0	0	0	0	0	0	0
g__Clostridium|s__intestinale	0	0	0	0	0	0	0	0	0	0	0	0	0	0	0	0	0	0	0	0	0	0	0	0	0	0	0	0	0	0	0	0	0	0	7	0	0	0	0	0	0	0	0	0	0	0	0	0
g__Vermamoeba|s__vermiformis	0	0	0	0	0	0	0	0	0	0	0	0	0	0	0	0	0	0	0	0	0	0	0	0	0	0	0	0	0	0	0	0	0	0	7	0	0	0	0	0	0	0	0	0	0	0	0	0
g__Sphingosinicella|s__microcystinivorans	0	0	0	0	0	0	0	0	0	0	0	0	0	0	0	0	0	0	0	0	0	0	0	2	0	0	0	0	0	0	0	0	0	0	7	0	0	0	0	0	0	0	0	0	0	0	0	0
g__Stenotrophomonas|s__retroflexus	0	0	0	0	0	0	0	0	0	0	0	0	0	0	0	0	0	0	0	0	0	0	0	0	0	0	0	0	0	0	0	0	0	0	0	0	0	7	0	0	0	0	0	0	0	0	0	0
g__Blastococcus|s__saxobsidens	0	0	0	0	0	0	0	0	0	0	0	0	0	0	0	0	0	0	0	0	0	0	0	0	0	0	0	0	0	0	0	0	0	0	0	0	0	0	7	0	0	0	0	0	0	0	0	0
g__Butyrivibrio|s__crossotus	0	0	0	0	0	0	0	0	0	0	0	0	0	0	0	0	0	0	0	0	0	0	7	0	0	0	0	0	0	0	0	0	0	0	0	0	0	0	0	0	0	0	0	0	0	0	0	0
g__Gallibacterium|s__genomosp.	0	0	0	0	0	0	0	0	0	0	0	0	0	0	0	0	0	0	0	0	0	0	0	0	0	0	0	0	0	0	0	0	0	0	0	0	0	0	0	0	0	0	0	0	0	0	7	0
g__Geodermatophilus|s__obscurus	0	0	0	0	0	0	0	0	0	0	0	0	0	0	0	0	0	0	0	0	0	0	0	0	0	0	0	0	0	0	0	0	0	0	0	0	0	0	0	0	0	0	0	0	0	0	0	0
g__Clostridium|s__paraputrificum	0	0	0	0	0	7	0	0	0	0	0	0	0	0	0	0	0	0	0	0	0	0	0	0	0	0	0	0	0	0	0	0	0	0	0	0	0	0	0	0	0	0	0	0	0	0	0	0
g__Stella|s__vacuolata	0	0	0	0	0	0	0	0	6	0	0	0	0	0	0	0	0	0	0	0	0	0	0	0	0	0	0	0	0	0	0	0	0	0	4	0	0	0	0	0	0	0	0	0	0	0	0	0
g__Photobacterium|s__rosenbergii	0	0	0	0	0	0	0	0	0	0	0	0	0	0	6	0	0	0	0	0	0	0	0	0	0	0	0	0	0	0	0	0	0	0	0	0	0	0	0	0	0	0	0	0	0	0	0	0
g__Eudoraea|s__adriatica	0	0	0	0	0	0	0	0	0	0	0	0	0	0	11	0	0	0	0	0	0	0	0	0	0	0	0	0	0	0	0	0	0	0	0	0	0	0	0	0	0	0	0	0	0	0	0	0
g__Sphingobacterium|s__multivorum	0	0	0	0	0	0	2	0	0	0	4	0	0	0	0	0	0	0	0	4	0	0	0	0	0	2	0	0	0	0	0	0	0	0	0	0	0	0	0	0	0	0	0	0	0	0	0	0
g__Cystobacter|s__fuscus	0	0	0	0	0	0	0	0	0	0	0	0	0	0	0	0	0	0	0	0	0	0	0	0	0	0	6	0	0	0	0	0	0	0	0	0	0	0	0	0	0	0	0	0	0	0	0	0
g__Proteiniborus|s__ethanoligenes	0	0	0	0	0	0	0	0	0	0	0	0	0	0	0	0	0	0	0	0	0	0	0	0	0	0	0	0	0	0	0	0	0	0	6	0	0	0	0	0	0	0	0	0	0	0	0	0
g__Vibrio|s__cholerae	0	0	0	0	0	0	0	0	0	0	0	0	0	0	0	0	0	0	0	0	0	0	0	0	0	0	0	0	0	0	0	0	0	0	6	0	6	0	0	0	0	0	0	0	0	0	0	0
g__Bacillus|s__thermoamylovorans	0	0	0	0	0	0	0	0	0	0	0	0	0	0	0	0	0	0	0	0	4	0	0	0	0	0	0	0	0	0	0	0	0	0	0	0	0	0	0	6	0	0	0	0	0	0	0	0
g__[Clostridium]|s__sordellii	0	0	0	0	0	0	0	0	0	0	0	0	0	0	0	0	0	0	0	0	6	0	0	0	0	0	0	0	0	0	0	0	0	0	0	0	0	0	0	0	0	0	0	0	0	0	0	0
g__Candidatus Nitrososphaera|s__gargensis	0	0	0	0	0	0	0	1	0	0	0	0	0	0	0	0	0	0	0	0	5	0	0	0	0	0	0	0	0	0	0	0	0	0	0	0	0	0	0	0	0	0	0	0	0	0	0	0
g__Rudaea|s__cellulosilytica	0	0	0	0	0	0	0	0	0	0	0	0	0	0	0	0	0	0	0	0	0	0	0	0	0	0	0	0	0	0	0	0	0	0	0	0	0	0	0	0	0	0	0	0	0	0	6	0
g__Lacibacter|s__cauensis	0	0	0	0	0	0	0	0	0	0	0	0	0	0	0	0	0	0	0	0	0	0	0	0	0	0	0	0	0	0	0	0	0	0	0	0	0	0	0	0	0	0	0	0	0	0	0	0
g__Loktanella|s__salsilacus	0	0	0	0	6	0	0	0	0	0	0	0	0	0	0	0	0	0	0	0	0	0	0	0	0	0	0	0	0	0	0	0	0	0	0	0	0	0	0	0	0	0	0	0	0	0	0	0
g__Enhydrobacter|s__aerosaccus	0	0	0	0	0	0	0	0	0	0	0	0	0	0	0	0	0	0	0	0	0	0	0	0	0	0	0	0	0	0	0	0	0	0	0	0	0	0	0	0	0	0	0	0	0	0	4	0
g__Macellibacteroides|s__fermentans	0	0	0	0	0	0	0	0	0	0	5	0	0	2	0	0	0	0	0	0	0	0	0	0	0	0	0	0	0	0	0	0	0	0	0	0	0	0	0	0	0	0	0	0	0	0	0	0
g__Aquimarina|s__brevivitae	0	0	0	0	0	0	0	0	0	0	0	0	5	0	0	0	0	0	0	0	0	0	0	0	0	0	0	0	0	0	0	0	0	0	0	0	0	0	0	0	0	0	0	0	0	0	0	0
g__Brevibacillus|s__reuszeri	0	0	0	0	0	0	0	0	0	0	0	0	0	0	5	0	0	0	0	0	0	0	0	0	0	0	0	0	0	0	0	0	0	0	0	0	0	0	0	0	0	0	0	0	0	0	0	0
g__Thermoanaerobacterium|s__saccharolyticum	0	0	0	0	0	0	0	0	0	0	0	0	0	0	0	0	0	0	0	0	0	0	0	0	0	0	0	0	0	5	0	0	0	0	0	0	0	0	0	0	0	0	0	0	0	0	0	0
g__Lactobacillus|s__vaginalis	0	0	0	0	0	0	0	0	0	0	0	0	4	0	2	0	0	0	0	0	0	0	0	0	0	0	0	0	0	5	0	0	0	0	0	0	0	0	0	0	0	0	0	0	0	0	0	2
g__Aeromonas|s__sharmana	0	0	0	0	0	0	0	0	0	0	0	0	0	0	0	0	0	0	0	0	0	0	0	0	0	0	0	0	0	0	0	0	0	0	5	0	0	0	0	0	0	0	0	0	0	0	0	0
g__Bibersteinia|s__trehalosi	0	0	0	0	0	0	0	0	0	0	0	0	0	0	0	0	0	0	0	0	0	0	0	0	0	0	0	0	0	0	0	0	0	0	5	0	0	0	0	0	0	0	0	0	0	0	0	0
g__Desulfosporosinus|s__meridiei	0	0	2	0	0	0	0	0	0	0	0	0	0	0	0	0	0	0	0	0	0	0	0	0	0	0	0	0	0	0	0	0	0	0	2	0	0	0	0	0	3	0	0	0	0	2	0	0
g__Robinsoniella|s__peoriensis	0	0	0	0	0	0	0	0	0	0	0	0	0	0	0	0	0	0	0	0	0	0	0	0	0	0	0	0	0	0	0	0	0	0	0	0	0	0	0	0	0	0	0	0	0	5	0	0
g__Clostridium|s__ruminantium	0	0	0	0	0	0	0	0	0	0	0	0	0	0	0	0	0	0	0	0	0	0	0	0	0	0	0	0	0	0	0	0	0	0	0	0	0	0	0	0	0	0	0	0	0	0	0	2
g__Clostridium|s__bartlettii	0	0	0	0	1	5	0	0	0	0	0	0	0	0	0	0	0	0	0	0	0	0	0	0	0	0	0	0	0	0	0	0	0	0	0	0	0	0	0	0	0	0	0	0	0	0	0	0
g__Moraxella|s__lincolnii	0	0	0	0	0	5	0	0	0	0	0	0	0	0	0	0	0	0	0	0	0	0	0	0	0	0	0	0	0	0	0	0	0	0	0	0	0	0	0	0	0	0	0	0	0	0	0	0
g__Alistipes|s__finegoldii	0	0	0	0	0	0	0	0	0	7	0	0	0	0	0	0	0	0	0	0	0	0	0	0	2	0	0	0	0	0	0	0	0	0	0	0	0	0	2	3	0	0	0	2	0	0	0	3
g__Lactobacillus|s__agilis	0	0	0	0	0	0	0	0	0	0	0	0	4	0	0	0	0	0	0	0	0	0	0	0	0	0	0	0	0	0	0	0	0	0	0	0	0	0	0	0	0	0	0	0	0	0	0	0
g__Fibrobacter|s__succinogenes	0	0	0	0	0	0	0	0	0	0	0	0	0	0	0	0	4	0	0	0	0	0	0	0	0	0	0	0	0	0	0	0	0	0	0	0	0	0	0	0	0	0	0	0	0	0	0	0
g__Silvimonas|s__terrae	0	0	0	0	0	0	0	0	0	0	0	0	0	0	0	0	0	0	0	0	0	0	0	0	0	0	0	0	0	0	0	0	0	0	4	0	0	0	0	0	0	0	0	0	0	0	0	0
g__Treponema|s__amylovorum	0	0	0	0	0	0	0	0	0	0	0	0	0	0	0	0	0	0	0	0	0	3	0	0	0	0	0	0	0	0	0	0	0	0	4	0	0	0	2	0	0	0	0	0	0	0	0	0
g__Mycoplasma|s__microti	0	0	0	0	0	0	0	0	0	0	0	0	0	0	0	0	0	0	0	0	0	0	0	0	2	0	0	0	0	0	0	0	0	0	0	4	0	0	0	0	0	0	0	0	0	0	0	0
g__Dechloromonas|s__fungiphilus	0	0	0	0	0	0	0	0	0	0	0	0	0	0	0	0	0	0	0	0	0	0	0	0	0	0	0	0	0	0	0	0	0	0	0	0	0	0	0	4	0	0	0	0	0	0	0	0
g__Raphanus|s__sativus	0	0	0	0	0	0	0	0	0	0	0	0	0	0	0	0	0	0	0	0	0	0	0	0	0	0	0	0	0	0	0	0	0	0	0	0	0	0	0	0	0	4	0	0	0	0	0	0
g__Lysinibacillus|s__boronitolerans	0	0	0	0	0	0	0	0	0	0	0	0	0	0	0	0	0	0	0	0	0	0	0	0	0	0	0	0	0	0	0	0	0	0	0	0	0	0	0	0	0	0	0	0	0	0	4	0
g__Bdellovibrio|s__bacteriovorus	0	0	0	0	0	0	0	0	0	0	0	0	0	0	0	0	0	0	0	0	0	0	0	0	0	0	0	0	0	0	0	0	0	0	0	0	0	0	0	0	0	0	0	0	0	0	4	0
g__Desulfovibrio|s__C21_c20	0	0	0	0	0	0	0	0	0	0	0	0	0	0	0	0	0	0	0	0	0	0	0	0	0	0	0	0	0	0	0	0	0	0	0	0	0	0	0	0	0	0	0	0	0	0	0	4
g__Cardiobacterium|s__valvarum	0	0	0	0	0	0	0	0	0	0	0	0	0	0	0	0	0	0	0	0	0	0	0	0	0	0	0	0	0	0	0	0	0	0	0	0	0	0	0	0	0	0	0	0	0	0	0	4
g__Ruminofilibacter|s__xylanolyticum	0	0	0	0	0	0	0	0	0	0	0	0	0	0	0	0	0	0	0	0	0	0	0	0	0	0	0	0	0	0	0	0	0	0	0	0	0	0	0	0	0	0	0	0	0	0	0	4
g__Desulfobacula|s__toluolica	0	0	0	0	0	0	0	0	0	0	0	0	3	0	0	0	0	0	0	0	0	0	0	0	0	0	0	0	0	0	0	0	0	0	0	0	0	0	0	0	0	0	0	0	0	0	0	0
g__Haloferula|s__helveola	0	0	0	0	0	0	0	0	0	0	0	0	0	3	0	0	0	0	0	0	0	0	0	0	0	0	0	0	0	0	0	0	0	0	0	0	0	0	0	0	0	0	0	0	0	0	0	0
g__Nitrobacteria|s__hamadaniensis	0	0	0	0	0	0	0	0	0	0	0	0	0	0	0	0	3	0	0	0	0	0	0	0	0	0	0	0	0	0	0	0	0	0	0	0	0	0	0	0	0	0	0	0	0	0	0	0
g__Desulfovibrio|s__mexicanus	3	0	0	0	0	0	0	0	0	0	0	0	0	0	0	0	0	0	0	0	0	0	0	0	0	0	0	0	0	0	0	0	0	0	0	0	0	0	0	0	0	0	0	0	0	0	0	0
g__Iodobacter|s__fluviatilis	0	0	0	0	0	0	0	0	0	0	0	0	0	0	0	0	0	0	0	0	0	0	0	0	0	0	0	0	0	0	0	3	0	0	0	0	0	0	0	0	0	0	0	0	0	0	0	0
g__Halomonas|s__phosphatis	0	0	0	0	0	0	0	0	0	0	0	0	0	0	0	0	0	0	0	0	0	0	0	0	0	0	0	0	0	0	0	0	3	0	0	0	0	0	0	0	0	0	0	0	0	0	0	0
g__Brevundimonas|s__staleyi	0	0	0	0	0	0	0	0	0	0	0	0	0	0	0	0	0	0	0	0	0	0	0	0	0	0	0	0	0	0	0	0	3	0	0	0	0	0	0	0	0	0	0	0	0	0	0	0
g__Bifidobacterium|s__breve	0	0	0	0	0	0	0	0	0	2	0	0	0	0	0	0	0	0	0	0	0	0	0	0	0	0	0	0	0	0	0	0	0	3	0	0	0	0	0	0	0	0	0	0	0	0	0	0
g__Victivallis|s__vadensis	0	0	0	0	0	0	0	0	0	0	0	0	0	0	0	0	0	0	0	0	0	0	0	0	0	0	0	0	0	0	0	0	0	3	0	0	0	0	2	0	0	0	0	0	0	0	0	0
g__Bifidobacterium|s__thermacidophilum	0	0	0	0	2	0	0	0	0	0	0	0	0	0	0	0	0	0	0	0	0	0	0	0	0	0	0	0	0	0	0	0	0	3	0	0	0	0	0	0	0	0	0	0	0	0	3	0
g__Alcaligenes|s__faecalis	0	0	0	0	0	0	0	0	0	0	0	0	0	0	0	0	0	0	0	0	0	0	0	0	0	0	0	0	0	0	0	0	0	0	3	0	0	0	0	0	0	0	0	0	0	0	0	0
g__Craurococcus|s__roseus	0	0	0	0	0	0	0	0	0	0	0	0	0	0	0	0	0	0	0	0	0	0	0	2	0	0	0	0	0	0	0	0	0	0	3	0	0	0	0	0	0	0	0	0	0	0	0	0
g__Lutibacter|s__litoralis	0	0	0	0	0	0	0	0	0	0	0	0	0	0	0	0	0	0	0	0	0	0	0	0	0	0	0	0	0	0	0	0	0	0	3	0	0	0	0	0	0	0	0	0	0	0	0	0
g__Sphingobacterium|s__faecium	0	0	0	0	0	0	0	0	0	0	0	0	0	0	0	0	0	0	0	0	0	0	0	0	0	0	0	0	0	0	0	0	0	0	0	0	0	0	0	0	0	3	0	0	0	0	0	0
g__Lentibacillus|s__halodurans	0	0	3	0	0	0	0	0	0	0	0	0	0	0	0	0	0	0	0	0	0	0	0	0	0	0	0	0	0	0	0	0	0	0	0	0	0	0	0	0	0	0	0	0	0	0	0	0
g__Silanimonas|s__lenta	0	0	0	0	0	0	0	0	0	0	0	0	0	0	0	0	0	0	0	0	0	0	0	0	0	0	0	0	0	0	0	0	0	0	0	0	0	0	0	0	0	0	3	0	0	0	0	0
g__Serpens|s__flexibilis	0	0	0	0	0	0	0	0	0	0	0	0	0	0	0	0	0	0	0	0	3	0	0	0	0	0	0	0	0	0	0	0	0	0	0	0	0	0	0	0	0	0	0	0	0	0	0	0
g__Enterococcus|s__casseliflavus	0	0	0	0	0	0	0	0	0	0	0	0	0	0	0	0	0	0	0	0	0	0	0	0	0	0	0	0	0	0	0	0	0	0	0	0	0	0	0	0	0	0	0	0	0	0	3	0
g__Lactobacillus|s__hamsteri	0	0	0	0	0	0	0	3	0	0	0	0	0	0	0	0	0	0	0	0	0	0	0	0	0	0	0	0	0	0	0	0	0	0	0	0	0	0	0	2	0	0	0	0	0	0	0	3
g__Panacagrimonas|s__perspica	0	0	0	0	0	0	0	0	0	0	0	0	0	0	0	0	0	0	0	0	0	0	0	0	0	0	0	0	0	0	0	0	0	0	0	0	0	0	0	0	0	0	0	0	0	0	0	0
g__Thermomonas|s__dokdonensis	0	0	0	0	0	2	0	0	0	0	0	0	0	0	0	0	0	0	0	0	0	0	0	0	0	0	0	0	0	0	0	0	0	0	0	0	0	0	0	0	0	0	0	0	0	0	0	0
g__Xenorhabdus|s__nematophila	0	0	0	0	0	0	0	0	0	0	0	0	0	0	0	0	0	0	0	0	0	0	0	0	0	0	0	0	0	0	0	0	0	0	0	0	0	0	0	0	0	0	0	0	0	0	0	0
g__Skermanella|s__xinjiangensis	0	0	0	0	3	0	0	0	0	0	0	0	0	0	0	0	0	0	0	0	0	0	0	0	0	0	0	0	0	0	0	0	0	0	0	0	0	0	0	0	0	0	0	0	0	0	0	2
g__Desulfobulbus|s__mediterraneus	0	0	0	0	0	3	0	0	0	0	0	0	0	0	0	0	0	0	0	0	0	0	0	0	0	0	0	0	0	0	0	0	0	0	0	0	0	0	0	0	0	0	0	0	0	0	0	0
g__Sphingobacterium|s__mizutaii	0	0	0	0	0	0	0	0	0	2	0	0	0	0	0	0	0	0	0	0	0	0	0	0	0	0	0	0	0	0	0	0	0	0	0	0	0	0	0	0	0	0	0	0	0	0	0	0
g__Lactonifactor|s__longoviformis	0	0	0	0	0	0	0	0	0	0	0	2	0	0	0	0	0	0	0	0	0	0	0	0	0	0	0	0	0	0	0	0	0	0	0	0	0	0	0	0	0	2	0	0	0	0	0	0
g__Desulfovibrio|s__putealis	0	0	0	0	0	0	0	0	0	0	0	0	2	0	0	0	0	0	0	0	0	0	0	0	0	0	0	0	0	0	0	0	0	0	0	0	0	0	0	0	0	0	0	0	0	0	0	0
g__Ilumatobacter|s__fluminis	0	0	0	0	0	0	0	0	0	0	0	0	2	0	0	0	0	0	0	0	0	0	0	0	0	0	0	0	0	0	0	0	0	0	0	0	0	0	0	0	0	0	0	0	0	0	0	0
g__Formosa|s__crassostrea	0	0	0	0	0	0	0	0	0	0	0	0	2	0	0	0	0	0	0	0	0	0	0	0	0	0	0	0	0	0	0	0	0	0	0	0	0	0	0	0	0	0	0	0	0	0	0	0
g__Leptolinea|s__tardivitalis	2	0	0	0	0	0	0	0	0	0	0	0	0	0	0	0	0	0	0	0	0	0	0	0	0	0	0	0	0	0	0	0	0	0	0	0	0	0	0	0	0	0	0	0	0	0	0	0
g__Paenibacillus|s__chondroitinus	0	0	0	0	0	0	0	0	0	0	0	0	0	0	0	0	0	0	0	0	0	0	0	0	0	0	0	0	2	0	0	0	0	0	0	0	0	0	0	0	0	0	0	0	0	0	0	0
g__Spirochaeta|s__smaragdinae	0	0	0	0	0	0	0	0	0	0	0	0	0	0	0	0	0	0	0	0	0	0	0	0	0	0	0	0	0	0	0	0	2	0	0	0	0	0	0	0	0	0	0	0	0	0	0	0
g__Gaiella|s__occulta	0	0	0	0	0	0	0	0	0	0	0	0	0	0	0	0	0	0	0	0	2	0	0	0	0	0	0	0	0	0	0	0	0	0	0	0	2	0	0	0	0	0	0	0	0	0	0	0
g__Rhodovastum|s__atsumiense	0	0	0	0	0	0	0	0	0	0	0	0	0	0	0	0	0	0	0	0	0	0	0	0	0	0	0	0	0	0	0	0	0	0	0	0	0	0	0	0	0	2	0	0	0	0	0	0
g__Nitrospira|s__marina	0	0	0	0	0	0	0	0	0	0	0	0	0	0	0	0	0	0	0	0	2	0	0	0	0	0	0	0	0	0	0	0	0	0	0	0	0	0	0	0	0	0	0	0	0	0	0	0
g__Salinarimonas|s__rosea	0	0	0	0	0	0	0	0	0	0	0	0	0	0	0	0	0	0	0	0	0	0	2	0	0	0	0	0	0	0	0	0	0	0	0	0	0	0	0	0	0	0	0	0	0	0	0	0
g__Barnesiella|s__viscericola	0	0	0	0	0	0	0	0	0	0	0	0	0	0	0	0	0	0	0	0	0	0	2	0	0	0	0	0	0	0	0	0	0	0	0	0	0	0	0	0	0	0	0	0	0	0	0	0
g__Candidatus Microthrix|s__parvicella	0	0	0	0	0	0	0	0	0	0	0	0	0	0	0	0	0	0	0	0	0	0	0	0	0	0	0	0	0	0	0	0	0	0	0	0	0	0	0	0	0	0	0	0	0	2	0	0
g__Methylobacter|s__luteus	0	0	0	0	0	0	0	0	0	0	0	0	0	0	0	0	0	0	0	0	0	0	0	0	0	0	0	0	0	0	0	0	0	0	0	0	0	0	0	0	0	0	0	0	0	0	2	0
g__Methylobacterium|s__hispanicum	0	0	0	0	0	0	0	0	0	0	0	0	0	0	0	0	0	0	0	0	0	0	0	0	0	0	0	0	0	0	0	0	0	0	0	0	0	0	0	0	0	0	0	0	0	0	2	0
g__Roseomonas|s__stagni	0	0	0	0	0	0	0	0	0	0	0	0	0	0	0	0	0	0	0	0	0	0	0	0	0	0	0	0	0	0	0	0	0	0	0	0	0	0	0	0	0	0	0	0	0	0	0	0
g__Mycobacterium|s__vaccae	0	0	0	0	0	0	0	0	0	0	0	0	0	0	0	0	0	0	0	0	0	0	0	0	0	0	0	0	0	0	0	0	0	0	0	0	0	0	0	0	0	0	0	0	0	0	0	0
g__Trachelomonas|s__volvocinopsis	0	0	0	0	0	0	0	0	0	0	0	0	0	0	0	0	0	0	0	0	0	0	0	0	0	0	0	0	0	0	0	0	0	0	0	0	0	0	0	0	0	0	0	0	0	0	0	0
g__Deinococcus|s__geothermalis	0	0	0	0	0	0	2	0	0	0	0	0	0	0	0	0	0	0	0	0	0	0	0	0	0	0	0	0	0	0	0	0	0	0	0	0	0	0	0	0	0	0	0	0	0	0	0	0
g__Clostridium|s__bolteae	0	0	0	0	0	0	0	0	0	0	0	1	0	0	0	0	0	0	0	0	0	0	0	0	0	0	0	0	0	0	0	0	0	0	0	0	0	0	0	0	0	0	0	0	0	0	0	0
g__Brevibacterium|s__casei	0	0	0	0	0	0	0	0	0	0	0	0	0	0	0	0	0	0	0	0	0	0	0	0	0	1	0	0	0	0	0	0	0	0	0	0	0	0	0	0	0	0	0	0	0	0	0	0
g__Desulfovibrio|s__alaskensis	0	0	0	0	0	0	0	0	0	0	0	0	0	0	0	0	0	0	0	0	0	0	0	0	0	0	0	0	0	0	0	0	0	0	0	0	0	0	0	0	0	0	0	0	0	0	1	0
g__Pediococcus|s__cellicola	0	0	0	0	0	0	0	1	0	0	0	0	0	0	0	0	0	0	0	0	0	0	0	0	0	0	0	0	0	0	0	0	0	0	0	0	0	0	0	0	0	0	0	0	0	0	0	0
