len_control	len_case	mean_control	mean_case	sd_control	sd_case	cohen.d	lower	upper
1CMET2-PWY	61	46	0.0228818252570604	0.0212974105321291	0.00216191356372499	0.00220850287390571	0.726128832212778	0.326620243758802	1.12563742066675
3-HYDROXYPHENYLACETATE-DEGRADATION-PWY	61	46	0.00100228556707564	0.00169175483089602	0.00226412399377467	0.00297037601425147	-0.26615410385594	-0.655026551866938	0.122718344155058
7ALPHADEHYDROX-PWY	61	46	0.000102826670639874	8.76521695276309e-05	0.000373573368677416	0.00034486481396584	0.0419708075752603	-0.345266490192623	0.429208105343144
AEROBACTINSYN-PWY	61	46	9.67456769652211e-05	0.000392966956540214	0.000365666204130972	0.00178241582669698	-0.247024318205069	-0.63566480167193	0.141616165261793
ALL-CHORISMATE-PWY	61	46	0	8.63708267479359e-05	0	0.000585795447919843	-0.225221308230725	-0.613618351022993	0.163175734561542
ALLANTOINDEG-PWY	61	46	0.00104741865212065	0.00174449423729001	0.00127462276810104	0.00198975856926131	-0.430231862115745	-0.821794072501884	-0.0386696517296061
ANAEROFRUCAT-PWY	61	46	0.0189623555249088	0.0176846121216054	0.00269354129602378	0.00153055035666401	0.563053416797948	0.168408329214332	0.957698504381563
ANAGLYCOLYSIS-PWY	61	46	0.0218307679180068	0.0204897386022719	0.00250550601398829	0.00175448014443218	0.60541966363008	0.209623987325548	1.00121533993461
ARG+POLYAMINE-SYN	61	46	0.00844753438370865	0.0100913122229125	0.00364480735955945	0.00409944483169044	-0.427372888782846	-0.818877575158653	-0.035868202407039
ARGDEG-PWY	61	46	0.00212891698036276	0.00333305388704919	0.00364654398938016	0.00409517827704218	-0.313150767125962	-0.702665797943958	0.0763642636920333
ARGININE-SYN4-PWY	61	46	0.00615361794431975	0.00875482555275748	0.00424885135817035	0.0044527744732609	-0.599712950294934	-0.995348980544984	-0.204076920044885
ARGORNPROST-PWY	61	46	0.00473146151321397	0.00533546004663993	0.00261306004571206	0.00201586372361033	-0.254253761282384	-0.642979891010599	0.134472368445831
ARGSYN-PWY	61	46	0.0255653427750206	0.022844602128281	0.00333775954720123	0.00319981602104466	0.829658139330248	0.426463095784836	1.23285318287566
ARGSYNBSUB-PWY	61	46	0.0260436758178973	0.0230833607371957	0.00349014811589288	0.00336081228390712	0.861730373105488	0.457301332679172	1.2661594135318
ARO-PWY	61	46	0.0254679539664341	0.0229885240771974	0.00286253483808488	0.00272254788525619	0.884437818408255	0.479109176813791	1.28976646000272
ASPASN-PWY	61	46	0.0152661597756119	0.0152164850468992	0.00328320095349901	0.00323496040766348	0.0152254395205021	-0.371975568827634	0.402426447868638
AST-PWY	61	46	0.00172686411353811	0.00276289440925805	0.00284430879483739	0.00369121019703805	-0.320302806508416	-0.709924664480532	0.0693190514636997
BIOTIN-BIOSYNTHESIS-PWY	61	46	0.00736527681678508	0.00934984549102045	0.00363985990376338	0.00395020837634316	-0.525575576157946	-0.919269857597964	-0.131881294717928
BRANCHED-CHAIN-AA-SYN-PWY	61	46	0.0249994904982051	0.0230511237905508	0.00307882119979844	0.00225585736095953	0.706858257156736	0.307985112432191	1.10573140188128
CALVIN-PWY	61	46	0.0248771516291717	0.0227812562914845	0.00293286877076116	0.00245552866919999	0.765343821164773	0.364492675200546	1.166194967129
CATECHOL-ORTHO-CLEAVAGE-PWY	61	46	0.000274120489966296	0.000493078597010576	0.00113607816600011	0.00131856839301119	-0.179821432576665	-0.567783320646307	0.208140455492977
CENTFERM-PWY	61	46	0.006442443423318	0.00637931627817662	0.00254190087138447	0.00220691290921974	0.0262585880457958	-0.360953278520223	0.413470454611815
CITRULBIO-PWY	61	46	0.00777805802467042	0.0101870388367188	0.00359721307332427	0.0041587295622655	-0.626049209278733	-1.02243405430207	-0.229664364255396
COA-PWY-1	61	46	0.0250809023860154	0.0232290336315495	0.0023244346730215	0.00269076813687041	0.74430583000632	0.344183156029195	1.14442850398344
COA-PWY	61	46	0.023137460278381	0.0212084151803594	0.00214353923726317	0.00236264219211624	0.861155395054477	0.456748855442731	1.26556193466622
COBALSYN-PWY	61	46	0.0155785850218738	0.0141596759295257	0.00271935275212532	0.00248353439053312	0.541385035800051	0.147297376303284	0.935472695296817
CODH-PWY	61	46	4.28458341130661e-05	0.000122386245973922	0.000334636661995524	0.000377990254823386	-0.224774403318584	-0.61316668979168	0.163617883154513
COLANSYN-PWY	61	46	0.0101508393326899	0.0104371818937334	0.00184758337901115	0.00268661621366904	-0.127496571090589	-0.515077532796948	0.260084390615769
COMPLETE-ARO-PWY	61	46	0.0247072976825015	0.0223430929572235	0.00278710565357544	0.00244866121250685	0.893041924658961	0.48736683486361	1.29871701445431
CRNFORCAT-PWY	61	46	0.000451978593365565	0.000502438842228067	0.000823037392551379	0.000922457096500448	-0.0581981007657857	-0.445473955332062	0.32907775380049
DAPLYSINESYN-PWY	61	46	0.013546690293281	0.0115335650565275	0.00429150146157844	0.00412643686348064	0.476868757185665	0.0843153594933896	0.869422154877941
DENITRIFICATION-PWY	61	46	6.49170958709378e-05	0.000164801586801284	0.000247894231868872	0.000665694306723517	-0.210558089991643	-0.598803976802171	0.177687796818884
DENOVOPURINE2-PWY	61	46	0.0152430909371874	0.0162099633023131	0.00269240493935977	0.00205432010457239	-0.396346334751893	-0.787250913014448	-0.00544175648933864
DHGLUCONATE-PYR-CAT-PWY	61	46	2.9566102079404e-05	3.3198558395717e-05	0.000230918639183488	0.000225163578003807	-0.0158990560269963	-0.403100561767395	0.371302449713403
DTDPRHAMSYN-PWY	61	46	0.0243944562355284	0.0232182098165974	0.00265164434297671	0.00346479274392172	0.388584469355506	-0.00217691418283616	0.779345852893848
ECASYN-PWY	61	46	0.0014254569325472	0.00216080744761569	0.00222225352725665	0.00266372681905044	-0.303696601440017	-0.693074077968712	0.0856808750886771
ENTBACSYN-PWY	61	46	0.00298740944011208	0.00503450959533638	0.00457866131187905	0.00513653019805398	-0.424212184844344	-0.815653712885864	-0.0327706568028238
FAO-PWY	61	46	0.00636410667548238	0.00821962261586841	0.00373747672633606	0.00517991940376505	-0.420392430673367	-0.811758243229182	-0.0290266181175521
FASYN-ELONG-PWY	61	46	0.00848199163431853	0.0101563267479849	0.00369175312246651	0.0044308407850822	-0.415967667539994	-0.807246610181988	-0.0246887248979996
FASYN-INITIAL-PWY	61	46	0.00920774224219608	0.00986907160472109	0.00453323788510678	0.00477937644229899	-0.14251790328121	-0.530194981931734	0.245159175369313
FERMENTATION-PWY	61	46	0.0108766072369811	0.0102126051563531	0.0037429392356251	0.0041506078545354	0.169265420888239	-0.218609207448896	0.557140049225373
FOLSYN-PWY	61	46	0.007524018161934	0.00765383189119892	0.00244340916345945	0.00311673370237666	-0.0471668821916407	-0.434415166833765	0.340081402450484
FUC-RHAMCAT-PWY	61	46	0.00585365074643626	0.0075970209742831	0.00276475426051301	0.00358853433353179	-0.554446781273534	-0.948867935755859	-0.160025626791209
FUCCAT-PWY	61	46	0.00684374046726924	0.00760246980408436	0.00246415790807027	0.00333317675071539	-0.264456915501968	-0.653308090365276	0.124394259361339
GALACT-GLUCUROCAT-PWY	61	46	0.007496603082329	0.00836716855891133	0.00275844769684484	0.00269305436904222	-0.318816777189252	-0.708416242824825	0.0707826884463212
GALACTARDEG-PWY	61	46	0.00366960157736213	0.00529847386512728	0.00380166622416418	0.00527434002841824	-0.362590338303762	-0.752892438470088	0.0277117618625646
GALACTUROCAT-PWY	61	46	0.00731251135439045	0.00792426616173349	0.00226512884661749	0.00242723064165188	-0.261883709095272	-0.650702887883264	0.126935469692721
GALLATE-DEGRADATION-I-PWY	61	46	0	0	0	0	NA	NA	NA
GALLATE-DEGRADATION-II-PWY	61	46	0	0	0	0	NA	NA	NA
GLCMANNANAUT-PWY	61	46	0.011136732141047	0.010808443564759	0.00279239942922609	0.00301133902273076	0.113662955184251	-0.273838930876384	0.501164841244887
GLUCARDEG-PWY	61	46	0.00311322729348551	0.00466359416111037	0.00308578306377538	0.0045271924589842	-0.411063692701277	-0.802247408951663	-0.0198799764508913
GLUCARGALACTSUPER-PWY	61	46	0.00366960157736213	0.00529847386512728	0.00380166622416418	0.00527434002841824	-0.362590338303762	-0.752892438470088	0.0277117618625646
GLUCONEO-PWY	61	46	0.0154476531591592	0.015117748640737	0.00222369696809714	0.00206308220862276	0.152993699428599	-0.234756724323396	0.540744123180595
GLUCOSE1PMETAB-PWY	61	46	0.0071838900479032	0.00674135799358752	0.00458998026070419	0.0042320414314306	0.0996668540507192	-0.287764246362738	0.487097954464177
GLUCUROCAT-PWY	61	46	0.0079164660217861	0.00864661897450625	0.00253050644543657	0.00233966734170185	-0.297956092942322	-0.687252081858745	0.0913398959741018
GLUDEG-I-PWY	61	46	0.00309812314551412	0.00422235116909967	0.00216708663695364	0.00217999131704896	-0.517451099826709	-0.910947610760104	-0.123954588893314
GLUTORN-PWY	61	46	0.0238960651702063	0.0211469744370063	0.00337736611189199	0.00307744313468761	0.845297630086753	0.441506223877055	1.24908903629645
GLYCOCAT-PWY	61	46	0.00917226415638381	0.00827951694109373	0.00546472511392405	0.00477714100662285	0.172304062187181	-0.215595145710169	0.560203270084531
GLYCOGENSYNTH-PWY	61	46	0.0239095116936372	0.0201463530370125	0.00477199508969897	0.00400388401537342	0.843939971120547	0.440200741196896	1.2476792010442
GLYCOL-GLYOXDEG-PWY	61	46	0.00104829510042075	0.00176966540238136	0.00157847904877711	0.00239022099898537	-0.366585880804268	-0.756956543994158	0.0237847823856221
GLYCOLYSIS-E-D	61	46	0.00845232799910892	0.0101144992646049	0.00366660658787933	0.00347322937758165	-0.463645049355195	-0.855907307300242	-0.0713827914101471
GLYCOLYSIS-TCA-GLYOX-BYPASS	61	46	0.00410119225091054	0.00631785525370444	0.00502432707054187	0.00569951416408205	-0.416338239334048	-0.807624422759915	-0.0250520559081811
GLYCOLYSIS	61	46	0.0174616483235824	0.0164375813091059	0.00330654158750851	0.00257629913673534	0.339622037861499	-0.0503002854120888	0.729544361135087
GLYOXYLATE-BYPASS	61	46	0.00291160569318711	0.00467687677117742	0.00365391720453971	0.00454156345510123	-0.43499070487055	-0.826649497125861	-0.0433319126152393
GOLPDLCAT-PWY	61	46	0.00741373655550676	0.0059892583888176	0.00332323483257272	0.00220598645428682	0.491597484503641	0.0987104398396655	0.884484529167616
HCAMHPDEG-PWY	61	46	0.00159339146372133	0.0027305704093107	0.00307846433997257	0.00365422760452097	-0.340737464137992	-0.730677665126699	0.0492027368507151
HEME-BIOSYNTHESIS-II	61	46	0.0030626807465647	0.00441290528772593	0.00301248595562663	0.00373218294124117	-0.404262326024729	-0.795315803660759	-0.0132088483886988
HEMESYN2-PWY	61	46	0.00499574452314331	0.00544859800366371	0.00245377938003982	0.00325516616091887	-0.160290528124359	-0.548095103417079	0.22751404716836
HEXITOLDEGSUPER-PWY	61	46	0.012724119900764	0.0126319895665292	0.00303442025216932	0.0032528470092917	0.0294355631713037	-0.357780500918195	0.416651627260803
HISDEG-PWY	61	46	0.00691271896396748	0.00905131604145964	0.00399276795386865	0.00453925334685686	-0.504907865108849	-0.898104902742373	-0.111710827475324
HISTSYN-PWY	61	46	0.0210698942078683	0.0197586561407462	0.0021967573317062	0.00267653122857795	0.543162949206399	0.149030346661916	0.937295551750882
HOMOSER-METSYN-PWY	61	46	0.0111406801701382	0.00994008782579936	0.00396640458944664	0.00398880799802406	0.301958211753755	-0.0873944256622289	0.691310849169739
HSERMETANA-PWY	61	46	0.0204013047087076	0.0176417822252731	0.00369446574333293	0.00381242098142321	0.736762104777248	0.336896013689261	1.13662819586523
ILEUDEG-PWY	61	46	0	0	0	0	NA	NA	NA
ILEUSYN-PWY	61	46	0.0275002954947184	0.0253267087460663	0.00268997310604769	0.00249394820776035	0.833504852402117	0.430164077944014	1.23684562686022
KDO-NAGLIPASYN-PWY	61	46	0.00115885327397356	0.00186460819291497	0.00182175118871706	0.00250204625508024	-0.329799137649786	-0.719566519294816	0.0599682439952441
KETOGLUCONMET-PWY	61	46	0.00267545064170383	0.00336016226879115	0.00293996698198968	0.0036717970171191	-0.209155106510019	-0.597387060891064	0.179076847871026
LACTOSECAT-PWY	61	46	0.0107926876851111	0.00839980900952293	0.00430447753380129	0.00305310850332917	0.626617490412973	0.230216148827978	1.02301883199797
LEU-DEG2-PWY	61	46	0	0	0	0	NA	NA	NA
LIPASYN-PWY	61	46	8.43634886449271e-05	0.000173759650120421	0.0003318932163728	0.000777328503965017	-0.157563410504979	-0.54534745287474	0.230220631864781
LPSSYN-PWY	61	46	0.000985809157208531	0.00176191599105897	0.00173275275905397	0.00257221412941056	-0.363795468966474	-0.754118171156325	0.0265272332233775
LYSINE-AMINOAD-PWY	61	46	1.34522683933258e-05	0	0.000105065574859182	0	0.16937687147354	-0.218498650688432	0.557252393635511
LYSINE-DEG1-PWY	61	46	1.88956290827168e-05	0	0.000147579580919341	0	0.16937687147354	-0.218498650688432	0.557252393635511
MET-SAM-PWY	61	46	0.0146703567348742	0.0129841583279154	0.00419640314007619	0.00402936676057836	0.408711532263544	0.0175730981425331	0.799849966384555
METH-ACETATE-PWY	61	46	0.013323944096757	0.00956251403767632	0.00477487380999897	0.00380958346485145	0.857352557124283	0.453094488523169	1.2616106257254
METHANOGENESIS-PWY	61	46	0.000902407334275575	0.00195178646129522	0.00192925297826097	0.00330707489389057	-0.402003639824828	-0.793014337284363	-0.0109929423652926
METHGLYUT-PWY	61	46	0.00304915781268105	0.0039954421869168	0.00248618067805149	0.00355265219253177	-0.316463624512376	-0.706027841894732	0.0731005928699794
METHYLGALLATE-DEGRADATION-PWY	61	46	0	0	0	0	NA	NA	NA
METSYN-PWY	61	46	0.0140698274583989	0.0125099059535757	0.00418677569617387	0.00407891469789373	0.376711323212871	-0.0138364004404028	0.767259046866144
NAD-BIOSYNTHESIS-II	61	46	0.00369490788267979	0.00525460918106366	0.00265559490640805	0.00305227200149993	-0.550662235418653	-0.944985973277608	-0.156338497559698
NADSYN-PWY	61	46	0	3.06590412026081e-05	0	0.000207939734402322	-0.225221308230725	-0.613618351022993	0.163175734561542
NAGLIPASYN-PWY	61	46	0.00460340373979115	0.0069460698378136	0.00354994872800345	0.00407266787452222	-0.619289921665708	-1.01547964786736	-0.223100195464056
NONMEVIPP-PWY	61	46	0.0134914153766642	0.0100961283817103	0.00646842989601368	0.00570062986190675	0.551978722660617	0.157621170534855	0.946336274786379
NONOXIPENT-PWY	61	46	0.0217577571397325	0.0196673159440521	0.00396767433919384	0.00377285948708532	0.538027678471776	0.14402450007402	0.932030856869532
OANTIGEN-PWY	61	46	0.0189905203197609	0.0174242378845587	0.00307289380054881	0.00250928353552787	0.550528721778687	0.156208408899253	0.944849034658121
ORNARGDEG-PWY	61	46	0.00212891698036276	0.00333305388704919	0.00364654398938016	0.00409517827704218	-0.313150767125962	-0.702665797943958	0.0763642636920333
ORNDEG-PWY	61	46	0.00286661502659133	0.00491062412222011	0.00431224390578343	0.00548681789553295	-0.421394246628381	-0.812779852423107	-0.0300086408336553
P101-PWY	61	46	0	0	0	0	NA	NA	NA
P105-PWY	61	46	0.00318427819299859	0.00507699816906931	0.00394549267528986	0.00450691270211614	-0.451151299946849	-0.843145820104039	-0.0591567797896602
P108-PWY	61	46	0.00395105745455944	0.00542314422203584	0.00197286641521799	0.00208918726621869	-0.727481961727214	-1.12703577299165	-0.327928150462777
P122-PWY	61	46	0.00242485089665799	0.00270638012679855	0.00239889868592753	0.00346444153427159	-0.0969507362961494	-0.484369174650899	0.2904677020586
P124-PWY	61	46	0.00816034729564222	0.00586421158027259	0.00536645840002415	0.00416507321308266	0.469761891882819	0.0773659532877882	0.862157830477849
P125-PWY	61	46	0.00245874735120415	0.00155315175344725	0.00192172693143109	0.00149228900744152	0.5172972218272	0.123804427899016	0.910790015755385
P161-PWY	61	46	0.00528059911681842	0.00670557191421681	0.00381030302317762	0.0048043838198922	-0.334123765523721	-0.723958809031578	0.0557112779841371
P162-PWY	61	46	0.000754703330548148	0.00178668932854207	0.00129848649947317	0.0017787752135426	-0.677607264892549	-1.07554668822217	-0.27966784156293
P163-PWY	61	46	0.000239483480049618	0.000696017176238995	0.000646256266684994	0.00107054950442336	-0.534394117371115	-0.928306436509006	-0.140481798233224
P164-PWY	61	46	0.00998609989483269	0.00945746931166129	0.0031461894396062	0.00223738510223692	0.189259820697639	-0.198784539146459	0.577304180541736
P165-PWY	61	46	0	3.76262293163562e-05	0	0.00025519350324427	-0.225221308230725	-0.613618351022993	0.163175734561542
P185-PWY	61	46	0.00743916074657896	0.00565190228644899	0.00312801007784026	0.00260910211857642	0.61271558673132	0.216713699185912	1.00871747427673
P221-PWY	61	46	0.00100735721038226	0.00175321040978734	0.00173715697998898	0.00231056844166904	-0.372348332566455	-0.762819180345835	0.0181225152129235
P23-PWY	61	46	0.0016236331764932	0.00205275886726989	0.00153002010054207	0.00194620929523517	-0.249381891614462	-0.63805003555928	0.139286252330357
P241-PWY	61	46	4.70764299763622e-05	0.000136870208085981	0.000259270393774335	0.000376094310369857	-0.285336973577661	-0.674459240987336	0.103785293832015
P261-PWY	61	46	5.10705052619694e-05	5.61433937142524e-05	0.00029851414978889	0.000294741368967742	-0.0170860062119389	-0.404288440775388	0.37011642835151
P4-PWY	61	46	0.0113341849314366	0.0104178651756348	0.00414521717161261	0.00403366459286756	0.223613658968934	-0.164766317799077	0.611993635736945
P42-PWY	61	46	0.00489174607965194	0.00602399477933832	0.00204945806511253	0.00221518631316997	-0.533558625580857	-0.92745013688486	-0.139667114276854
P441-PWY	61	46	0.00964022731626347	0.010674731301689	0.00328816222421458	0.00366891744832054	-0.29929384081898	-0.688608681876362	0.090021000238402
P461-PWY	61	46	0.0114498866730118	0.0101885991152509	0.00569801553119272	0.00490148991257861	0.234827184180966	-0.153674361186216	0.623328729548149
P562-PWY	61	46	0.000773540785359899	0.000805369305750194	0.000989585784308835	0.00151348053379059	-0.0256374645739697	-0.412848566451101	0.361573637303161
P621-PWY	61	46	0.00259069200033677	0.00153156446385437	0.002902448861375	0.00214471187661722	0.406600422711164	0.0155024133337436	0.797698432088585
PANTO-PWY	61	46	0.0195136459412929	0.018642734953837	0.0025031597572665	0.00201112965447127	0.37780515850413	-0.0127619765331426	0.768372293541403
PANTOSYN-PWY	61	46	0.0203325964556297	0.0191908855102829	0.00225958807553994	0.00203234465030524	0.527319817086476	0.133582687730693	0.921056946442259
PENTOSE-P-PWY	61	46	0.0109912692767307	0.0115224563879021	0.00393273745707519	0.00360925819432633	-0.139878878765206	-0.527538298514489	0.247780540984077
PEPTIDOGLYCANSYN-PWY	61	46	0.0260747127321152	0.0242249498334327	0.00207961625564059	0.0025702584600739	0.803291888217146	0.401078945516738	1.20550483091755
PHOSLIPSYN-PWY	61	46	0.0122696464202275	0.0129127551457696	0.00373217568301472	0.00436407842886149	-0.160169062063168	-0.547972715343933	0.227634591217598
PHOTOALL-PWY	61	46	0.00020945016150409	0.00016635555673977	0.000475592360966343	0.000418005600164951	0.095381723416279	-0.292029559709086	0.482793006541644
POLYAMINSYN3-PWY	61	46	0.00364723967368708	0.00418164769936316	0.00254759839013393	0.0022404598211539	-0.220761891363364	-0.609111894113824	0.167588111387096
POLYAMSYN-PWY	61	46	0.00652815091693282	0.00819830914313368	0.00325713721327131	0.00411712606559564	-0.457502905521902	-0.849632647882403	-0.0653731631614006
POLYISOPRENSYN-PWY	61	46	0.0053065938600119	0.00719864102272906	0.00286057832385633	0.00336967109156311	-0.612500968438569	-1.0084967563128	-0.216505180564333
PPGPPMET-PWY	61	46	0.0080863852794224	0.00742346612130081	0.00231567462472364	0.00226581529262997	0.288924287967369	-0.100246607450699	0.678095183385437
PROPFERM-PWY	61	46	0.000716975542853224	0.00104044451839165	0.00111467204697174	0.00133931364660512	-0.266002110129849	-0.654872647498344	0.122868427238645
PROTOCATECHUATE-ORTHO-CLEAVAGE-PWY	61	46	0.000752995112898351	0.000838170985159516	0.0015020092017354	0.00155550484475843	-0.0558469635026529	-0.443116458050612	0.331422531045306
PRPP-PWY	61	46	0.0124261090460642	0.0124482446049861	0.00274355589790638	0.00248657161520428	-0.00839584799927942	-0.395593029116164	0.378801333117605
PWY-101	61	46	0.000367708227412919	0.000347688033440089	0.000512210463205133	0.000661796445443545	0.03445499502348	-0.352768676783118	0.421678666830078
PWY-1042	61	46	0.0285074320017142	0.026062039365488	0.00346193702966478	0.00268781080283461	0.775447509103578	0.374239773897843	1.17665524430931
PWY-1269	61	46	0.0066309093128537	0.00945024055200233	0.00302179501483391	0.00423730336080902	-0.784579312744328	-1.18611308251844	-0.383045542970219
PWY-1361	61	46	0.000108386198428747	4.30102742601919e-05	0.000649902835819394	0.000291709872697341	0.124031433417148	-0.263528870838763	0.511591737673059
PWY-1501	61	46	0	0	0	0	NA	NA	NA
PWY-1541	61	46	9.53870963315757e-05	4.27066525747004e-05	0.000614972043948184	0.000222488139601344	0.10813815056878	-0.279334685646048	0.495610986783609
PWY-1622	61	46	2.5365027534731e-05	2.8332279407599e-05	0.000198107198082496	0.000192158868116441	-0.0151715454002634	-0.402372514883622	0.372029424083095
PWY-181	61	46	0.00017561649559936	3.60356651390095e-05	0.000922003077132108	0.000244405772134166	0.19519104960647	-0.192907285491972	0.583289384704913
PWY-1861	61	46	0.0111506761846055	0.00993639564363932	0.00575780185990942	0.005061815341553	0.221973894263413	-0.16638880073707	0.610336589263895
PWY-2201	61	46	0	0	0	0	NA	NA	NA
PWY-2221	61	46	0	8.25343704548748e-05	0	0.000272469771362819	-0.46270576261633	-0.854947644080752	-0.0704638811519072
PWY-241	61	46	0.0108259151025543	0.00893137437447102	0.00376633951938991	0.00330602546202855	0.529745232677399	0.135948293946275	0.923542171408524
PWY-2723	61	46	0.0067576477464927	0.00607807807876856	0.00422177931792529	0.00365881232263909	0.170307740334526	-0.217575270219136	0.558190750888188
PWY-2941	61	46	0.0113971341965641	0.0110239120603079	0.00333346577122395	0.0029510689488463	0.117541929896782	-0.269981215463972	0.505065075257536
PWY-2942	61	46	0.0231930949167708	0.021750356014741	0.00237964984191065	0.00213312603025799	0.633539646899661	0.236936217068864	1.03014307673046
PWY-3001	61	46	0.0218634555922639	0.0202099394733035	0.00251476970106526	0.00171801254385443	0.748610552121345	0.348340365877296	1.14888073836539
PWY-3502	61	46	0	3.42085632928852e-05	0	0.000232013764500974	-0.225221308230725	-0.613618351022993	0.163175734561542
PWY-3781	61	46	0.00145595211866503	0.00147479668969509	0.00152575751461493	0.00213026440984495	-0.0104129265505949	-0.397611007727275	0.376785154626086
PWY-3801	61	46	0.000504074708359954	0.00028851335414199	0.00182584011902956	0.000995729286193614	0.1412224063714	-0.246445962384183	0.528890775126983
PWY-3841	61	46	0.0238953233342997	0.0223744324301467	0.00214664206303977	0.00297751606151281	0.599653643467024	0.204019264731727	0.995288022202322
PWY-4041	61	46	0.0120074314349894	0.010869190050312	0.00317005015593704	0.00356697787605865	0.340186561678492	-0.0497448023882157	0.730117925745201
PWY-4242	61	46	0.023413212265804	0.0212032517841097	0.00225253056674416	0.00256479143704769	0.924145832563455	0.517192910917143	1.33109875420977
PWY-4321	61	46	0.000265162216775769	0.000142954637134608	0.0010713568215299	0.000423655404467073	0.142758607389147	-0.244920098305096	0.530437313083389
PWY-4361	61	46	5.12642649161704e-05	0.000229507460910087	0.000314437912020661	0.000857193461566843	-0.292475694846881	-0.681695323881707	0.0967439341879456
PWY-4702	61	46	0.00213322348872733	0.00366172000187856	0.00328078855485411	0.00465123007790489	-0.389215245266134	-0.779988161891617	0.00155767135934992
PWY-4722	61	46	0.000743305132754224	0.000473906664454422	0.000891027621286897	0.000649332552899355	0.338237983869035	-0.0516622365683316	0.728138204306401
PWY-4981	61	46	0.0129206243124013	0.0129698178910901	0.00378818441865652	0.00286588985723763	-0.0143694805211202	-0.401569887896571	0.372830926854331
PWY-4984	61	46	0.00597985939324166	0.00807463054668499	0.00311841057928342	0.00396384170790467	-0.597517173619672	-0.993092162507892	-0.201942184731451
PWY-5004	61	46	0.000586520630029596	0.00112842285479278	0.000950585691406541	0.00106816605810586	-0.540460776612872	-0.934525128384156	-0.146396424841587
PWY-5005	61	46	0.00315941734720073	0.0043023179529016	0.00247150771072644	0.00275625024320829	-0.440023041667037	-0.831785095840797	-0.0482609874932765
PWY-5022	61	46	0.00312793917934095	0.00425712210598679	0.00208205110230965	0.00195082288417571	-0.557111936276175	-0.95160207937629	-0.162621793176059
PWY-5028	61	46	0.000249193005133804	0.000422885861044484	0.000600740073728324	0.00155965299631452	-0.15543462115346	-0.543202879636952	0.232333637330032
PWY-5030	61	46	0.00548083244688248	0.00733232197905771	0.00367988973899169	0.00414643721329196	-0.476365162710863	-0.868907327069446	-0.0838229983522802
PWY-5044	61	46	0	0	0	0	NA	NA	NA
PWY-5055	61	46	0	2.49698299406487e-05	0	0.00016935362628	-0.225221308230725	-0.613618351022993	0.163175734561542
PWY-5067	61	46	0	0	0	0	NA	NA	NA
PWY-5079	61	46	0	0	0	0	NA	NA	NA
PWY-5080	61	46	0	2.69754654692403e-05	0	0.000182956508260789	-0.225221308230725	-0.613618351022993	0.163175734561542
PWY-5083	61	46	0.00372048785247802	0.005604516020536	0.00374101185068278	0.0043755695245889	-0.468054438162876	-0.860412889496384	-0.0756959868293671
PWY-5088	61	46	0.000335900210837538	0.00134676292735693	0.000796338828348551	0.00173523231538604	-0.786284755281165	-1.18787980822533	-0.384689702336996
PWY-5097	61	46	0.024268795300176	0.0224250283802048	0.00236939179150362	0.00231799961311145	0.785415765418146	0.38385195411144	1.18697957672485
PWY-5100	61	46	0.0209870037066664	0.0173864622129223	0.00402764027694845	0.00338030504215126	0.956606666300134	0.548278010792014	1.36493532180825
PWY-5101	61	46	0.00151357431519688	0.00261384431476069	0.00233074086797753	0.00384218671173288	-0.358279275978566	-0.748508228293551	0.0319496763364183
PWY-5103	61	46	0.0245448361214756	0.0226115616839913	0.00330717869941572	0.00235889323140177	0.657915383618451	0.260583498908141	1.05524726832876
PWY-5104	61	46	0.0148399801923737	0.0137097400908987	0.00452110920218243	0.00298315965299432	0.2871349493258	-0.102011615445671	0.67628151409727
PWY-5109	61	46	0	0	0	0	NA	NA	NA
PWY-5121	61	46	0.00679759054752197	0.00565499915916467	0.00303550478882303	0.00266390877821944	0.396441032370424	0.00553468992019313	0.787347374820655
PWY-5129	61	46	0	0	0	0	NA	NA	NA
PWY-5136	61	46	0.00594870911245811	0.00771733689804841	0.00341721119619951	0.00470196933497569	-0.440128236704009	-0.83189246182739	-0.048364011580627
PWY-5138	61	46	0.00266565212139951	0.0039327205401943	0.00268567566620228	0.00365263658718789	-0.403936401841198	-0.794983691869481	-0.0128891118129153
PWY-5154	61	46	0.0105227786836713	0.0135328009293262	0.00374421355650558	0.00413308622088926	-0.768724662337027	-1.1696946428604	-0.367754681813649
PWY-5156	61	46	0.00027218578975624	0.00037284952966492	0.000942167628504344	0.00104389674851854	-0.10198438823001	-0.489426568830767	0.285457792370748
PWY-5173	61	46	0.00388718439710926	0.0043431750892038	0.0034028703634373	0.00435547591928621	-0.118742158843516	-0.506272026504473	0.268787708817441
PWY-5177	61	46	0.011911880636825	0.0113324437655238	0.0033777159484575	0.00283646281261219	0.183532610392262	-0.204461204490406	0.571526425274929
PWY-5178	61	46	5.5672693190175e-05	0.000143752779453765	0.000247635754506088	0.000567740409379147	-0.211653294589765	-0.599910121794174	0.176603532614643
PWY-5180	61	46	0.000261604585108408	0.00149771165856979	0.00111265069329338	0.00327404610019083	-0.536857531488035	-0.930831384773486	-0.142883678202583
PWY-5181	61	46	0.000333469597661384	0.00049490247739818	0.00146879869423068	0.00129873063611399	-0.115437235296021	-0.502948757187264	0.272074286595222
PWY-5182	61	46	0.000261604585108408	0.00149771165856979	0.00111265069329338	0.00327404610019083	-0.536857531488035	-0.930831384773486	-0.142883678202583
PWY-5183	61	46	0	5.17386371052387e-05	0	0.000350908509724898	-0.225221308230725	-0.613618351022993	0.163175734561542
PWY-5188	61	46	0.0157656594746135	0.0140319164219975	0.00329170694826023	0.00283349842150662	0.558618474342518	0.164089192900481	0.953147755784556
PWY-5189	61	46	0.00392000298585533	0.00514233606731398	0.0029440306868889	0.00367875604917889	-0.372761025966603	-0.763239107698366	0.0177170557651605
PWY-5198	61	46	0.000746670291563385	0.00156890719517614	0.00160715095323325	0.00271769871466981	-0.381658701496423	-0.772294662782934	0.00897725979008834
PWY-5265	61	46	0.0030364707778941	0.00277303422392132	0.00303851197645234	0.00321931937234569	0.0845083243652598	-0.302856577030552	0.471873225761071
PWY-5304	61	46	0	0	0	0	NA	NA	NA
PWY-5306	61	46	0	0	0	0	NA	NA	NA
PWY-5345	61	46	0.00709810787998542	0.00817677529832514	0.0045914038336511	0.00411364888006507	-0.245541290016362	-0.634164507319956	0.143081927287232
PWY-5347	61	46	0.0141002525054935	0.0127079530442214	0.00390261164811099	0.00393038477689458	0.355673968968129	-0.0345111954283411	0.745859133364598
PWY-5367	61	46	0.00382302590216263	0.00491062989554903	0.00233686374574553	0.00349535308199988	-0.376232194656358	-0.766771433036934	0.0143070437242174
PWY-5381	61	46	0	0	0	0	NA	NA	NA
PWY-5384	61	46	0.00907652483276745	0.00757783493492244	0.00425798564941874	0.00372501059685742	0.37112907096306	-0.0193204508530073	0.761578592779128
PWY-5392	61	46	0.000683459208125255	0.00113272895730924	0.00106126039017424	0.00133848374826242	-0.378167396240205	-0.768740971801217	0.012406179320807
PWY-5415	61	46	0.000381089079141286	0.000517182944087417	0.000790089297112735	0.00102940668059144	-0.151135477671656	-0.53887251293402	0.236601557590708
PWY-5417	61	46	0.000294090657829383	0.000540144161676606	0.00127749805601974	0.0014419401309203	-0.182204170087435	-0.570186481918742	0.205778141743871
PWY-5419	61	46	1.94124921949975e-05	0	0.00015161641087452	0	0.16937687147354	-0.218498650688432	0.557252393635511
PWY-5420	61	46	2.28084544479197e-05	0	0.000178139723959797	0	0.16937687147354	-0.218498650688432	0.557252393635511
PWY-5430	61	46	0	0	0	0	NA	NA	NA
PWY-5431	61	46	0.000294090657829383	0.000540144161676606	0.00127749805601974	0.0014419401309203	-0.182204170087435	-0.570186481918742	0.205778141743871
PWY-5464	61	46	0.00299415805723405	0.00299410243007112	0.00203909817750113	0.00187788161531134	2.82139343189186e-05	-0.387167294884361	0.387223722752999
PWY-5484	61	46	0.0160708678377194	0.015440469442946	0.00320675075927822	0.00249747681777257	0.215600396342348	-0.172696328158997	0.603897120843694
PWY-5505	61	46	0.00593749376707418	0.00734413263127086	0.00263950163941944	0.00267000800283796	-0.530283087771652	-0.924093325651046	-0.136472849892258
PWY-5509	61	46	0.000248743755982009	0.000282242781358798	0.000800590633130138	0.000692931582311909	-0.0442915548210609	-0.431533601456854	0.342950491814732
PWY-5514	61	46	4.36409780347392e-05	7.5872587117136e-05	0.00024177168121322	0.000298451316847609	-0.120475161447056	-0.508014855676659	0.267064532782547
PWY-5531	61	46	0	0	0	0	NA	NA	NA
PWY-5532	61	46	2.10529113512556e-05	6.1814929213022e-05	0.000164428494058036	0.000309184892188183	-0.17161019570925	-0.55950375253122	0.21628336111272
PWY-5534	61	46	0	0	0	0	NA	NA	NA
PWY-561	61	46	0.00300891485062479	0.00488241069054708	0.00390832066671027	0.00481610715946675	-0.43360036183774	-0.825230829355818	-0.0419698943196616
PWY-5647	61	46	0	1.02447693552438e-05	0	6.94834063682732e-05	-0.225221308230725	-0.613618351022993	0.163175734561542
PWY-5651	61	46	0	2.42797220053744e-05	0	0.000164673086538997	-0.225221308230725	-0.613618351022993	0.163175734561542
PWY-5654	61	46	0.000107671194536774	7.18453318915203e-05	0.00067496036970491	0.000311332916851018	0.0652061677701447	-0.322090199232542	0.452502534772831
PWY-5656	61	46	0.00144321268721249	0.00269912087713178	0.00255697691450805	0.00366923236771583	-0.407340822408891	-0.798452986026697	-0.0162286587910842
PWY-5659	61	46	0.0116417050291381	0.0113198264562235	0.00211085921668542	0.0026046786438251	0.137830746758721	-0.249815194947862	0.525476688465303
PWY-5667	61	46	0.0228569401468707	0.0214339236147272	0.00233348994422586	0.0021019660893536	0.636069973974982	0.239392144576693	1.03274780337327
PWY-5675	61	46	0.00272315594489699	0.00485678758630859	0.0040669430249257	0.00530654887498403	-0.459939271922787	-0.85212137230983	-0.0677571715357443
PWY-5676	61	46	0.0107461542173236	0.0089328620222557	0.00440301815822369	0.00269893668047668	0.481200077214856	0.0885495871120811	0.873850567317631
PWY-5677	61	46	0.000540409881872529	0.00117931580527668	0.000894754982468914	0.00132498467911006	-0.580854457960349	-0.975973230874683	-0.185735685046015
PWY-5686	61	46	0.0260770617646911	0.0242124429313812	0.00237139802905388	0.00308780948742532	0.690141135765109	0.291806182435772	1.08847608909445
PWY-5690	61	46	0.00730371950655842	0.00800255282057282	0.00221360437448637	0.00273207812646476	-0.285321521424955	-0.674443580673301	0.103800537823391
PWY-5692	61	46	0.000639694283594852	0.00106503887781562	0.00119526361808426	0.0016725407641754	-0.299623387236854	-0.688942885233632	0.0896961107599247
PWY-5695	61	46	0.0200458080198706	0.0205169245123829	0.00210684555074969	0.00199747329651023	-0.22862156304317	-0.617055101510909	0.159811975424569
PWY-5705	61	46	0.000881603170927657	0.00166230781254907	0.00151031638499983	0.00235844010375292	-0.40656862238946	-0.797666024404588	-0.0154712203743312
PWY-5723	61	46	0.0040735273239763	0.00602747322477277	0.00481740007763507	0.00599608852385536	-0.364922125836139	-0.75526414935992	0.025419897687642
PWY-5724	61	46	0	0	0	0	NA	NA	NA
PWY-5747	61	46	0.0020114689739194	0.00329332517948926	0.00319327975412806	0.00431780474374452	-0.344852717984603	-0.734859376923711	0.045153940954504
PWY-5751	61	46	0.000226941052545794	0.000168905193660819	0.000758728182506981	0.000544758330227878	0.0859307857772402	-0.301439864813106	0.473301436367586
PWY-5754	61	46	9.02907995422056e-05	6.12349754656917e-05	0.000431757379211118	0.000240113432385929	0.0802073198473162	-0.307140781341189	0.467555421035821
PWY-5757	61	46	0	0	0	0	NA	NA	NA
PWY-5791	61	46	0.00309726717981982	0.00413887450876118	0.00282080305347204	0.00378040358954034	-0.318850218605481	-0.708450187024199	0.0707497498132373
PWY-5837	61	46	0.00309726717981982	0.00413887450876118	0.00282080305347204	0.00378040358954034	-0.318850218605481	-0.708450187024199	0.0707497498132373
PWY-5838	61	46	0.00440494000963253	0.00583638669752755	0.00355789285781016	0.00448349415101859	-0.359567944327382	-0.749818671850879	0.0306827831961155
PWY-5840	61	46	0.00413947868043433	0.00531939410440914	0.00304808227198036	0.00401237250326594	-0.337688969666683	-0.727580447204776	0.0522025078714092
PWY-5845	61	46	0.00340604081208854	0.0049133221877823	0.00330047108494486	0.00429021914715476	-0.401223191551946	-0.792219161729128	-0.0102272213747638
PWY-5850	61	46	0.00283022966906443	0.0044089789116344	0.00350558404504932	0.00454066758681047	-0.396444294128473	-0.787350697351626	-0.0055378909053207
PWY-5855	61	46	0.00102041512136624	0.0018227084582495	0.00161339846857992	0.00246561408175296	-0.396570191935119	-0.787478941255137	-0.00566144261510032
PWY-5856	61	46	0.00102041512136624	0.0018227084582495	0.00161339846857992	0.00246561408175296	-0.396570191935119	-0.787478941255137	-0.00566144261510032
PWY-5857	61	46	0.00102041512136624	0.0018227084582495	0.00161339846857992	0.00246561408175296	-0.396570191935119	-0.787478941255137	-0.00566144261510032
PWY-5860	61	46	0.0024681809277594	0.00390153525620218	0.0031561080024185	0.00418326147199686	-0.3946393217679	-0.785512169813283	-0.00376647372251671
PWY-5861	61	46	0.00387372894951903	0.00520952877604659	0.00334413185203138	0.00430059916758829	-0.353034232820639	-0.743175351622113	0.0371068859808342
PWY-5862	61	46	0.00294590802704154	0.00432541257774827	0.00298131924727037	0.00397128150013042	-0.400943534681282	-0.791934234483371	-0.00995283487919379
PWY-5863	61	46	0.00297520884964679	0.00387353764621647	0.00243560916910707	0.00328602048097798	-0.317260208601731	-0.706836329265924	0.0723159120624631
PWY-5870	61	46	0	4.32478343370931e-05	0	0.000293321083529701	-0.225221308230725	-0.613618351022993	0.163175734561542
PWY-5871	61	46	0	3.90051831286381e-05	0	0.000264546023030654	-0.225221308230725	-0.613618351022993	0.163175734561542
PWY-5872	61	46	0	2.76699276088916e-05	0	0.000187666579652691	-0.225221308230725	-0.613618351022993	0.163175734561542
PWY-5873	61	46	0	3.90051831286381e-05	0	0.000264546023030654	-0.225221308230725	-0.613618351022993	0.163175734561542
PWY-5896	61	46	0.00283022966906443	0.0044089789116344	0.00350558404504932	0.00454066758681047	-0.396444294128473	-0.787350697351626	-0.0055378909053207
PWY-5897	61	46	0.00445950798044047	0.00572733164558803	0.0034791217946438	0.00446132083376681	-0.322582041109836	-0.712238443700085	0.0670743614804142
PWY-5898	61	46	0.00445950798044047	0.00572733164558803	0.0034791217946438	0.00446132083376681	-0.322582041109836	-0.712238443700085	0.0670743614804142
PWY-5899	61	46	0.00445950798044047	0.00572733164558803	0.0034791217946438	0.00446132083376681	-0.322582041109836	-0.712238443700085	0.0670743614804142
PWY-5910	61	46	0.00155524776227151	0.00133467629793358	0.00176245232053402	0.00142895124448861	0.135493571457188	-0.25213723242224	0.523124375336616
PWY-5913	61	46	0.0110653941969267	0.0098259331052302	0.0046816115232175	0.00465263368292162	0.265453878722589	-0.123409776073917	0.654317533519094
PWY-5918	61	46	0.00360618275996719	0.005180924717718	0.0034598324447936	0.0040119620394041	-0.424854512994941	-0.81630883913671	-0.0334001868531711
PWY-5920	61	46	0.00196979949217465	0.00299811294596437	0.0025892694829507	0.00322729509323147	-0.35704477582752	-0.74725294042543	0.033163388770391
PWY-5941	61	46	0.0043774238749614	0.00485331770533372	0.00429114744646384	0.00392655087033987	-0.114982794230798	-0.502491833930391	0.272526245468795
PWY-5971	61	46	0.00756415669643008	0.00975547211120926	0.00381211818030918	0.00466310877596303	-0.521989692358725	-0.915596316660072	-0.128383068057377
PWY-5973	61	46	0.0114087328464905	0.0147206697845399	0.00368386664679277	0.00413491080161749	-0.852802702105591	-1.25688392678144	-0.448721477429738
PWY-5989	61	46	0.00800672215670002	0.00942543208732122	0.00319440039650155	0.00408278998250649	-0.393859753297075	-0.784718155305594	-0.00300135128855666
PWY-5994	61	46	0.00271443535956027	0.00323105364078996	0.00212812271226054	0.00277204780856809	-0.213028123673834	-0.601298764446734	0.175242517099066
PWY-6071	61	46	0.000359494126224765	0.000845578913010444	0.00106328313009673	0.00170063968910663	-0.353992172121178	-0.7441492373635	0.0361648931211452
PWY-6107	61	46	0	1.273300119048e-05	0	8.6359415749362e-05	-0.225221308230725	-0.613618351022993	0.163175734561542
PWY-6113	61	46	0.00678675178392717	0.00853996768554939	0.00358936846773543	0.00427709782402284	-0.449658777249422	-0.841621790020096	-0.0576957644787485
PWY-6121	61	46	0.0250002472837381	0.0230700198007721	0.00201952405989958	0.00206977423657133	0.945628438189203	0.537769847096968	1.35348702928144
PWY-6122	61	46	0.0255267187092518	0.0235942848325752	0.00205582610261483	0.00219448100550575	0.913092202241147	0.506597941519648	1.31958646296265
PWY-6123	61	46	0.0210586657218952	0.0198077001764157	0.00239052094287372	0.00195813568176192	0.564624744005471	0.16993841409604	0.959311073914901
PWY-6124	61	46	0.0204163523660276	0.0190839779095626	0.00244823131678337	0.00227402371329654	0.56096764311975	0.166377129525439	0.955558156714061
PWY-6125	61	46	0.0133459030544122	0.0147203768121833	0.00329503140206701	0.0027796871099281	-0.445573457325351	-0.837450749549683	-0.0536961651010186
PWY-6126	61	46	0.0206291488108323	0.0197179614215039	0.00225705713817222	0.00156279444880167	0.458019383124903	0.0658785641958558	0.85016020205395
PWY-6138	61	46	0.000128910290617601	0.000194257239766752	0.000464194747610578	0.000432837239950237	-0.1448861161493	-0.532579321858245	0.242807089559646
PWY-6143	61	46	0.000571964597621803	0.00119601441437753	0.00115184391136878	0.00162165582659104	-0.454509025529677	-0.846574800108449	-0.0624432509509055
PWY-6145	61	46	0	0	0	0	NA	NA	NA
PWY-6147	61	46	0.00811088333229736	0.0112353289276485	0.00361763244915048	0.00421566714496423	-0.804187311869273	-1.20643312617231	-0.401941497566234
PWY-6148	61	46	1.98796220011647e-05	2.16181923865381e-05	0.000155264811291744	0.000146621714404188	-0.0114665563453148	-0.398665184427552	0.375732071736922
PWY-6151	61	46	0.0243728569542018	0.0221292209615074	0.00269127463650369	0.0027404369123209	0.827161152612282	0.424060373465933	1.23026193175863
PWY-6163	61	46	0.0254950310380003	0.0231212682937665	0.0026157926375389	0.00284686715131729	0.873595954024366	0.468699503942249	1.27849240410648
PWY-6165	61	46	0.000511016518991787	0.00111242423323962	0.00120524319382728	0.00205541760558155	-0.370094109446644	-0.760525582847282	0.0203373639539942
PWY-6167	61	46	0.00101743015321697	0.00204187238440521	0.00225617160340589	0.00361211547626708	-0.351370818677968	-0.741484348399054	0.0387427110431186
PWY-6168	61	46	0.0182983322087502	0.0173526717748956	0.00253494832763813	0.00218941614617108	0.395181044456545	0.00429814134328854	0.786063947569802
PWY-6174	61	46	0.000166846570891585	0.000390536796308164	0.000547994347111003	0.000784628529595684	-0.338984788447299	-0.728896924024697	0.0509273471300991
PWY-6182	61	46	0.000204985063629448	0.000342068850627718	0.00114291045060866	0.000925034177817668	-0.129930010749427	-0.5175258189516	0.257665797452746
PWY-6185	61	46	0.000309737726486695	0.000527224787292355	0.00124712906455016	0.00147080219936273	-0.161395291392518	-0.54920828459456	0.226417701809524
PWY-6210	61	46	0.000107671194536774	0.000100985940690899	0.00067496036970491	0.000334405071342294	0.0120410600911722	-0.375157888387897	0.399240008570241
PWY-6215	61	46	0.000126376255307576	0.000296647341608564	0.000447042570413869	0.000868992788702348	-0.257327661831636	-0.646090950287022	0.131435626623749
PWY-621	61	46	0.0132336523919366	0.0113303015768276	0.00372018252372523	0.00275559339898572	0.56968419219967	0.174864316655405	0.964504067743935
PWY-622	61	46	0.00784505021957028	0.00581168430985447	0.00507567527382146	0.00398706749059197	0.438177674187603	0.0464536211067978	0.829901727268407
PWY-6263	61	46	0.00120632640157618	0.00214769306816666	0.00152958503374872	0.00211091627134254	-0.522447052617208	-0.916064824810759	-0.128829280423658
PWY-6269	61	46	0	0	0	0	NA	NA	NA
PWY-6270	61	46	0.0103298142608497	0.00744014277419737	0.00568524692926867	0.00484986869109722	0.540808426907341	0.146735312693175	0.934881541121507
PWY-6277	61	46	0.0255267187092518	0.0235942848325752	0.00205582610261483	0.00219448100550575	0.913092202241147	0.506597941519648	1.31958646296265
PWY-6281	61	46	0	0	0	0	NA	NA	NA
PWY-6282	61	46	0.00783886238581449	0.00945431590359121	0.00354618640226757	0.00431109332137788	-0.415021978527364	-0.806282471505369	-0.0237614855493583
PWY-6284	61	46	0.00508561844497664	0.00650473350810004	0.00295407313917889	0.00401769187111788	-0.411302561571964	-0.80249089059713	-0.0201142325467966
PWY-6285	61	46	0.00343377097993879	0.00577315612169968	0.00402295704354366	0.00525177697752291	-0.509663887055175	-0.902973637914416	-0.116354136195935
PWY-6305	61	46	0.012560839708921	0.012620508322488	0.00276477103209389	0.00306934913341289	-0.0205808825582533	-0.407786440125235	0.366624675008729
PWY-6307	61	46	1.23013788782515e-05	0	9.60768403970689e-05	0	0.16937687147354	-0.218498650688432	0.557252393635511
PWY-6309	61	46	0	0	0	0	NA	NA	NA
PWY-6313	61	46	1.41168364812587e-05	0	0.000110256017552578	0	0.16937687147354	-0.218498650688432	0.557252393635511
PWY-6317	61	46	0.0201587042701212	0.0175681082161524	0.00344860861021565	0.00337762862573467	0.757845622746506	0.357256289243673	1.15843495624934
PWY-6318	61	46	0.00110230248765404	0.00158432161140146	0.00181055927527197	0.00176809865777653	-0.268911101038682	-0.657818393782875	0.119996191705511
PWY-6344	61	46	0	0	0	0	NA	NA	NA
PWY-6349	61	46	0.000739514491215735	0.00154598361040748	0.00160498802733348	0.00270495093844877	-0.375701956469227	-0.766231816809528	0.014827903871073
PWY-6350	61	46	0	0	0	0	NA	NA	NA
PWY-6351	61	46	0	2.51929668329256e-05	0	0.000170867014314831	-0.225221308230725	-0.613618351022993	0.163175734561542
PWY-6352	61	46	0	0	0	0	NA	NA	NA
PWY-6353	61	46	0.0127977070937005	0.01225346632598	0.00322863855595288	0.00351160623071334	0.162322515858372	-0.225497586955313	0.550142618672057
PWY-6385	61	46	0.025404170379073	0.0238666824122229	0.0019299917516465	0.00216378441385938	0.756086102907858	0.355557857268235	1.15661434854748
PWY-6386	61	46	0.0265445849031241	0.0244550767637009	0.00221833029628558	0.00264004707465237	0.867690460436185	0.463027371397212	1.27235354947516
PWY-6387	61	46	0.0262754917159588	0.0243657367088578	0.00205778666644917	0.00251193268779749	0.843678464036695	0.439949275250474	1.24740765282292
PWY-6396	61	46	0.000468206620441444	0.000222116168095542	0.00116261487274698	0.000661243189239881	0.251194528867722	-0.137495059339113	0.639884117074558
PWY-6415	61	46	0.000174608734146088	0.000218869025826597	0.000518240442743755	0.000630395057744025	-0.0777833657955987	-0.46512238500979	0.309555653418592
PWY-6435	61	46	0.00101383569995089	0.00053395432008106	0.00176020644730155	0.00113002442602207	0.315211200185014	-0.0743343621160664	0.704756762486094
PWY-6467	61	46	5.00806517928226e-05	0	0.000391142394434087	0	0.16937687147354	-0.218498650688432	0.557252393635511
PWY-6470	61	46	0.00975725763231432	0.00882843315662186	0.00294893041064013	0.00290383061696472	0.317038814816488	-0.0725339946148117	0.706611624247788
PWY-6471	61	46	0.0153184529690637	0.0128475843835069	0.00367477222861339	0.0029078485447151	0.733729763213027	0.33396611990433	1.13349340652172
PWY-6478	61	46	0.000266931300752531	0.000473495875394213	0.000691396885369342	0.000884763104729156	-0.264772423245444	-0.653627542582397	0.124082696091509
PWY-6507	61	46	0.00694981573292455	0.00752372529420533	0.00205488913337967	0.00233931842443195	-0.263100334397122	-0.651934602432694	0.12573393363845
PWY-6519	61	46	0.00699346490107761	0.00904625296563203	0.00366923658804304	0.00416580471810297	-0.527733239300406	-0.921480544650791	-0.133985933950022
PWY-6524	61	46	0	0	0	0	NA	NA	NA
PWY-6527	61	46	0.0201663774385082	0.0174461810793493	0.00386037615091972	0.00378588156225095	0.710488664397877	0.311497037514825	1.10948029128093
PWY-6531	61	46	0.00316748261973694	0.004553676209275	0.00298671608090841	0.00359474243348027	-0.425055058424797	-0.816513384225107	-0.0335967326244866
PWY-6545	61	46	0.0106062376450125	0.0113606585996105	0.0022385406771348	0.00202030484763013	-0.351264644831656	-0.741376417930717	0.0388471282674051
PWY-6549	61	46	0.00939909061257441	0.00811726472086536	0.00267805587125275	0.00233146590518425	0.50558629240948	0.112373239339323	0.898799345479637
PWY-6562	61	46	0.000315889565648935	0.000428985465292607	0.000673012237514477	0.000921750316260561	-0.143291399348229	-0.530973716199692	0.244390917503234
PWY-6565	61	46	4.72648991467659e-05	2.85867673613027e-05	0.000258884152700023	0.00019388488939519	0.080075724123156	-0.307271876859286	0.467423325105598
PWY-6572	61	46	0.000885075961992498	0.00117625836098999	0.00136035584133815	0.00169734033348485	-0.192327794022105	-0.58039986598353	0.195744277939319
PWY-6588	61	46	0.00410989185287296	0.00521539268558664	0.00203462741855642	0.00233518598450548	-0.509789176442866	-0.903101910389	-0.116476442496733
PWY-6590	61	46	0.00715891585818479	0.00706671533607419	0.00277668493994944	0.00241080218571604	0.0351089286533088	-0.352115822288791	0.422333679595409
PWY-6595	61	46	0.00396657375073896	0.00303353543844407	0.00251063664690745	0.00168805484578334	0.424850246368926	0.0333960053002682	0.816304487437583
PWY-6596	61	46	0	0	0	0	NA	NA	NA
PWY-6598	61	46	0	2.69754654692403e-05	0	0.000182956508260789	-0.225221308230725	-0.613618351022993	0.163175734561542
PWY-6606	61	46	0.0100705829112483	0.00947709440714113	0.00307338970186821	0.00350706643279687	0.18170002362557	-0.206277944553662	0.569677991804802
PWY-6608	61	46	0.0141086610118554	0.012857079792737	0.00450223996243906	0.00420895500439523	0.285817501734591	-0.103311244607767	0.674946248076948
PWY-6609	61	46	0.0245259913520273	0.0234600896165164	0.00255128740713656	0.0027102523262203	0.406740159837683	0.0156394810341428	0.797840838641223
PWY-6612	61	46	0.0062902144412394	0.00652758917329991	0.00213776964060626	0.00287221653699344	-0.0957419518798741	-0.483154867455946	0.291670963696198
PWY-6628	61	46	0.00571120256943112	0.00799404517068628	0.00500380538894774	0.00561743405957661	-0.432722390268951	-0.824335016986552	-0.0411097635513501
PWY-6629	61	46	0.00462758917149161	0.00655189301869662	0.00554201060118514	0.00579425452640137	-0.34049472291932	-0.730431028404626	0.0494415825659865
PWY-6630	61	46	0.00389097087218863	0.00518078301876639	0.00412994444173103	0.00416237832462593	-0.311257436429501	-0.700744586324888	0.0782297134658855
PWY-6641	61	46	1.61707360171388e-05	0	0.00012629748573703	0	0.16937687147354	-0.218498650688432	0.557252393635511
PWY-6654	61	46	0	0	0	0	NA	NA	NA
PWY-6660	61	46	0	0	0	0	NA	NA	NA
PWY-6662	61	46	0	0	0	0	NA	NA	NA
PWY-6690	61	46	0.00159339146372133	0.0027305704093107	0.00307846433997257	0.00365422760452097	-0.340737464137992	-0.730677665126699	0.0492027368507151
PWY-6700	61	46	0.0225836583770994	0.0219273437076831	0.00269986501687443	0.00321504944166803	0.223863344481297	-0.164519274856702	0.612245963819296
PWY-6703	61	46	0.0140918029448306	0.0150934384200432	0.00241417378573596	0.00236534418793368	-0.418504441593588	-0.809833077817438	-0.0271758053697385
PWY-6708	61	46	0.00102041512136624	0.0018227084582495	0.00161339846857992	0.00246561408175296	-0.396570191935119	-0.787478941255137	-0.00566144261510032
PWY-6731	61	46	0.00677503951955458	0.00576943147028194	0.00364170399952653	0.00295614521360771	0.29883993261615	-0.0904685024002568	0.688148367632557
PWY-6737	61	46	0.0269321041381415	0.0247645085742974	0.00292904451113504	0.00313314858979723	0.7181729638425	0.318928667279687	1.11741726040531
PWY-6748	61	46	0	0	0	0	NA	NA	NA
PWY-6749	61	46	0.000833289944253347	0.00108573218347446	0.00117301855644258	0.00205605186684388	-0.15661854718507	-0.544395557455805	0.231158463085665
PWY-6785	61	46	0.000456085064949769	0.00041344878457581	0.000657315662788458	0.000702377312018914	0.0629787072178653	-0.324310887613725	0.450268302049455
PWY-6797	61	46	0.0002124861256825	1.67700993304138e-05	0.00103790232650293	0.000113740347508654	0.248337240694671	-0.140318614599783	0.636993095989126
PWY-6803	61	46	0.00257530668095906	0.00391598338403616	0.00331695116823646	0.00433785072681782	-0.353897554394195	-0.744053042678017	0.0362579338896282
PWY-6823	61	46	0.00134120199128182	0.00228659908874848	0.00199121664421812	0.00285119319284773	-0.394269193065992	-0.785135178830989	-0.00340320730099603
PWY-6834	61	46	0	0	0	0	NA	NA	NA
PWY-6837	61	46	0.0010497114802399	0.00177793779597437	0.00164280186308365	0.00228591199091506	-0.374478731713777	-0.764987007124309	0.0160295436967549
PWY-6859	61	46	0.00393708626097242	0.005438691647059	0.00218266896054052	0.00276901049644425	-0.612601838391773	-1.00860049283869	-0.216603183944853
PWY-6876	61	46	0.000578988311809032	0.000816379436449544	0.00103838738075027	0.000915267494916254	-0.240395310992105	-0.628959416704087	0.148168794719876
PWY-6891	61	46	0.00735628051976292	0.00761211138679411	0.00367728261328582	0.00412931051075167	-0.0659788659178264	-0.45327763711797	0.321319905282317
PWY-6892	61	46	0.0187650647743953	0.0155769133629103	0.00517462727320908	0.0030529694998501	0.725788723236617	0.326291489095173	1.12528595737806
PWY-6895	61	46	0.00815924117363174	0.00999165059294786	0.00362463368767709	0.00379939335125553	-0.495173332015472	-0.888142866950693	-0.10220379708025
PWY-6897	61	46	0.0156549629401456	0.0156251756805978	0.00224836998935611	0.00216773485990629	0.01345300356391	-0.373746798884876	0.400652806012696
PWY-6901	61	46	0.0120703533924502	0.0124320807928242	0.00377361671237161	0.00322637086295154	-0.101911425284791	-0.489353253169919	0.285530402600337
PWY-6906	61	46	7.30446029351714e-05	0.000131093703192998	0.0002807538598822	0.000443270061704878	-0.161465144602048	-0.549278671998429	0.226348382794334
PWY-6936	61	46	0.0198525727399267	0.017810304099948	0.00320761218619604	0.00301501697571033	0.653207315139601	0.256018165746971	1.05039646453223
PWY-6953	61	46	0.000122305620878481	0.000603083858900682	0.000497053554402639	0.00127517757930809	-0.525176072510622	-0.918860559324428	-0.131491585696816
PWY-6957	61	46	0	0	0	0	NA	NA	NA
PWY-6969	61	46	0.00678359816676234	0.0082856012136799	0.00273088878792051	0.00308902341406125	-0.519757526672401	-0.913309878819182	-0.12620517452562
PWY-6981	61	46	0	4.85857644289466e-05	0	0.000329524686839506	-0.225221308230725	-0.613618351022993	0.163175734561542
PWY-6992	61	46	0	0	0	0	NA	NA	NA
PWY-7003	61	46	0.0055909208433538	0.00592434023326045	0.00260837244183391	0.00204649856477288	-0.139866435790903	-0.527525773058511	0.247792901476705
PWY-7007	61	46	0	0	0	0	NA	NA	NA
PWY-7013	61	46	0.0077323516613056	0.00678663776839705	0.00367296756141112	0.00339332088363222	0.265962774938507	-0.122907268141824	0.654832818018838
PWY-7031	61	46	0.000104492562732173	0.000340589938683073	0.000467918070784546	0.000665352276274085	-0.420772327393543	-0.812145640278259	-0.0293990145088273
PWY-7039	61	46	0.00022901496257408	0.000179323382797124	0.0010449121827659	0.00100131251833781	0.0484109454032769	-0.338840159759349	0.435662050565903
PWY-7046	61	46	0.00356708646576993	0.00357935436603191	0.00242488098346544	0.00270726638928168	-0.00481143996739936	-0.392007497979508	0.382384618044709
PWY-7090	61	46	0	1.72296890071061e-05	0	0.000116857436352819	-0.225221308230725	-0.613618351022993	0.163175734561542
PWY-7094	61	46	0.00139709001822224	0.00235061391858095	0.00214386295853404	0.00311353323269413	-0.366172180675902	-0.756535710511437	0.0241913491596321
PWY-7111	61	46	0.0278198068919737	0.025638077400451	0.00266913005994667	0.00252538839684263	0.836393465165134	0.432942848604945	1.23984408172532
PWY-7115	61	46	0.00785579026227554	0.00715185185954106	0.00286054469617283	0.0030038190138102	0.240843182829662	-0.147726018177269	0.629412383836593
PWY-7117	61	46	0.0114829992067479	0.0100220531390571	0.00450922248307551	0.00424275622691658	0.332259703794137	-0.0575460685036803	0.722065476091954
PWY-7118	61	46	0	4.86746991688548e-05	0	0.000239541451309126	-0.310392338015618	-0.699866804210574	0.0790821281793386
PWY-7124	61	46	0	2.2478867294828e-05	0	0.000116275409251151	-0.29530781437749	-0.684566728983082	0.0939511002281019
PWY-7159	61	46	0	0	0	0	NA	NA	NA
PWY-7165	61	46	0.00023951876853838	0.000225154067420921	0.00103521639017999	0.000935484984467505	0.0144557614662347	-0.372744704912035	0.401656227844504
PWY-7184	61	46	0.0111450390919259	0.0124577963547054	0.00264776339703105	0.00234800406855473	-0.52018018616658	-0.913742797443201	-0.12661757488996
PWY-7187	61	46	0.0143309169060298	0.0148461979466908	0.00248781475018024	0.00187235879362393	-0.229543706045249	-0.617987235741119	0.15889982365062
PWY-7196	61	46	0.00979122132650655	0.00880586246721963	0.001993775038101	0.00245263794361773	0.4474491400298	0.0555325859598593	0.83936569409974
PWY-7197	61	46	0.0091817720511667	0.0103706980091782	0.00229552050561861	0.00213149964960549	-0.533939408883502	-0.92784039965355	-0.140038418113454
PWY-7198	61	46	0.00903892859788151	0.00937696374182042	0.00270482804493062	0.00265470182796729	-0.125969881891034	-0.513541672219986	0.261601908437917
PWY-7199	61	46	0.017344540883198	0.0181397660841908	0.00279309113878554	0.00266590495154984	-0.290301708554288	-0.679491435454223	0.0988880183456473
PWY-7200	61	46	0.000629580464962363	0.000459880585977268	0.0011957413669645	0.00100246014023098	0.151923423324781	-0.23581926916447	0.539666115814032
PWY-7204	61	46	0.00179399890212806	0.00325031517806978	0.00275054056782551	0.00393479015316865	-0.439926196297406	-0.831686252284935	-0.0481661403098783
PWY-7208	61	46	0.01303723283682	0.013081317602546	0.00297324018402643	0.00218120607352725	-0.01655577942235	-0.403757790807288	0.370646231962588
PWY-7209	61	46	0.00489894208692565	0.00376868163317298	0.00319194976765231	0.00309431896577798	0.358758346883267	-0.0314786915202912	0.748995385286825
PWY-7210	61	46	0.00419377011739437	0.00449568064835534	0.00327405677909066	0.00332353113263856	-0.0916171080058084	-0.479011698786576	0.295777482774959
PWY-7211	61	46	0.0103729400329537	0.0100094097547735	0.00200630315589678	0.00189596460559355	0.185495827870107	-0.202515139005435	0.57350679474565
PWY-7218	61	46	0.000282576725302726	0.000224492967272165	0.000640752750018407	0.000563736888104645	0.0953850500366722	-0.29202624813585	0.482796348209194
PWY-7219	61	46	0.026268224009384	0.0248784760303309	0.00211720477153785	0.00255247343327872	0.600635302704551	0.204973567611829	0.996297037797273
PWY-7220	61	46	0.0187489205377772	0.0181150115332181	0.00350060283922922	0.00266043497845776	0.200101732347072	-0.188042545187378	0.588246009881522
PWY-7221	61	46	0.0259768475725554	0.0241987485892548	0.00233061389780749	0.00241146268861217	0.751647644718558	0.351272905877643	1.15202238355947
PWY-7222	61	46	0.0187489205377772	0.0181150115332181	0.00350060283922922	0.00266043497845776	0.200101732347072	-0.188042545187378	0.588246009881522
PWY-7224	61	46	0	0	0	0	NA	NA	NA
PWY-7228	61	46	0.0128041458383223	0.0144140565496689	0.00339051107337982	0.00305512996776775	-0.495202389342289	-0.888172596970856	-0.102232181713723
PWY-7229	61	46	0.0217229935106393	0.020713230269044	0.00203885849785713	0.00132306055220435	0.571152951599999	0.176294093114147	0.966011810085851
PWY-7234	61	46	0.012373771583208	0.011575361716225	0.00400976088803921	0.00311352693112306	0.21858149031602	-0.169745852921502	0.606908833553542
PWY-7235	61	46	0	0	0	0	NA	NA	NA
PWY-7237	61	46	0.0187333084969633	0.0158184902541378	0.00385716549773919	0.00327606073004074	0.805295754094241	0.403009201135868	1.20758230705261
PWY-7238	61	46	1.66505112782253e-05	0	0.000130044650314439	0	0.16937687147354	-0.218498650688432	0.557252393635511
PWY-7242	61	46	0.00735047090981392	0.00790291649521179	0.00228169541490811	0.00239323764409345	-0.237085528531173	-0.625612271879585	0.15144121481724
PWY-7245	61	46	0.000164825632099012	0.000300718504060558	0.000891858074039585	0.00132232506626085	-0.12385174753791	-0.511410996087662	0.263707501011842
PWY-724	61	46	0.0224753182920794	0.0205553836782988	0.00224914755862089	0.00190163444421154	0.911112281695195	0.504699647480644	1.31752491590975
PWY-7254	61	46	0.00306827597319715	0.00450508861757144	0.00389032101773173	0.00451058388108387	-0.344768778906073	-0.734774074441483	0.0452365166293373
PWY-7268	61	46	0.000183415681377577	0.000297047358723077	0.00101428531092271	0.00135430694253111	-0.0969429925998532	-0.484361395354394	0.290475410154687
PWY-7269	61	46	0.00141801184357346	0.00220000299376481	0.00255999228042621	0.00296578177814697	-0.28526628452345	-0.674387599747528	0.103855030700629
PWY-7279	61	46	0.00039765915322942	0.000768192694462946	0.000651716695457418	0.00139958229070708	-0.356182757419586	-0.746376448400206	0.0340109335610351
PWY-7282	61	46	0.0087387816850437	0.0111829867620695	0.00372428122927096	0.00393691813136412	-0.640370281031028	-1.03717520096414	-0.243565361097915
PWY-7283	61	46	0	2.78120708261327e-05	0	0.000188630641856883	-0.225221308230725	-0.613618351022993	0.163175734561542
PWY-7286	61	46	0.000756479657451968	0.00163590221340019	0.00170814933232345	0.00284423113852191	-0.388112194759646	-0.778864955267522	0.00264056574823052
PWY-7288	61	46	0.000908913297725111	0.00135447325355331	0.00117236033441196	0.00126959239786615	-0.36672072261801	-0.75709371257255	0.0236522673365289
PWY-7290	61	46	0	0	0	0	NA	NA	NA
PWY-7294	61	46	9.06269412772015e-05	8.75363081634156e-05	0.000381284211482314	0.0003045477950976	0.00881877351921815	-0.37837858032053	0.396016127358966
PWY-7312	61	46	0.000570020288559903	0.000775682896236909	0.00111455830902639	0.00149236997399616	-0.159416299044797	-0.547214253869685	0.228381655780091
PWY-7315	61	46	0.00469942034825376	0.00585842692747444	0.00264806498838771	0.00310345016004653	-0.40636283474392	-0.797456307494946	-0.0152693619928939
PWY-7316	61	46	0.000508164759728606	0.000931941665740788	0.00100526101581571	0.00156264718383713	-0.332543253498206	-0.722353467935011	0.0572669609385988
PWY-7317	61	46	0	2.74184623655838e-05	0	0.000185961059393291	-0.225221308230725	-0.613618351022993	0.163175734561542
PWY-7323	61	46	0.00865896471351149	0.00923006749389125	0.00234081109320879	0.00313508518225634	-0.21074894695406	-0.598996736242114	0.177498842333995
PWY-7328	61	46	0.00698782250742899	0.00625294100316054	0.00388041008750116	0.0034514441984883	0.198474046312861	-0.189654877357753	0.586602969983474
PWY-7332	61	46	0.0016833866406914	0.00335863429563268	0.00221536324094189	0.00336107843911024	-0.605846147570244	-1.00165381293827	-0.210038482202222
PWY-7337	61	46	0	0	0	0	NA	NA	NA
PWY-7338	61	46	0	0	0	0	NA	NA	NA
PWY-7345	61	46	0.000491427103571757	0.000279406969629018	0.0017869148470596	0.000964475514162962	0.142193876028767	-0.245481016678841	0.529868768736376
PWY-7347	61	46	1.19254018755397e-05	0	9.31403661334906e-05	0	0.16937687147354	-0.218498650688432	0.557252393635511
PWY-7357	61	46	0.0207948921367454	0.0184095524252544	0.00334026764727615	0.00287047448459414	0.757846001022751	0.357256654372476	1.15843534767303
PWY-7371	61	46	0.000528940924997033	0.000859727860707988	0.000994001436206589	0.00142227293739639	-0.276469706280868	-0.66547435482165	0.112534942259914
PWY-7373	61	46	0	0	0	0	NA	NA	NA
PWY-7374	61	46	0	7.15888385726193e-05	0	0.000365222773849953	-0.299416589145289	-0.688733164211156	0.0898999859205792
PWY-7383	61	46	0.00890163676877191	0.00937810990949663	0.00275560022523796	0.00316967047948894	-0.162054226829378	-0.549872268328832	0.225763814670077
PWY-7384	61	46	0.000115259664890627	0.000181472388258485	0.000366701293890269	0.000531656424443633	-0.148809813328843	-0.536530322056689	0.238910695399004
PWY-7385	61	46	0.00165185245029421	0.00258813000640644	0.00207306532725622	0.00270037794463547	-0.396324805828232	-0.787228983071212	-0.00542062858525305
PWY-7388	61	46	0.0092317504567487	0.0100809997395567	0.004851698819013	0.00531823477012142	-0.167938185964582	-0.555802215047321	0.219925843118157
PWY-7389	61	46	0.000120205273098016	0.000227848621272772	0.00042626992373648	0.000667001591569108	-0.19835575485628	-0.586483567555146	0.189772057842586
PWY-7391	61	46	0.000201243220982202	0.000362125822743607	0.000636602670565302	0.000761638233490601	-0.232168080020418	-0.620640262941701	0.156304102900864
PWY-7392	61	46	0.0044288871316505	0.00421411547385166	0.00237833683576315	0.00204383066022061	0.0958331826388322	-0.29158014734401	0.483246512621674
PWY-7397	61	46	0	0	0	0	NA	NA	NA
PWY-7399	61	46	0.00018117460826825	0.000335541010129096	0.000474425894947807	0.000484759151192102	-0.322347648866744	-0.712000487794902	0.0673051900614137
PWY-7400	61	46	0.0255225428504615	0.0228178417858091	0.0033252034496312	0.00318288493527069	0.828400097960428	0.425252579823384	1.23154761609747
PWY-7409	61	46	0.000492575148281102	0.000856415826681436	0.00145504578229782	0.00191993407723975	-0.217842038494533	-0.606161747856444	0.170477670867377
PWY-7411	61	46	0	5.24211678271969e-05	0	0.000355537658304839	-0.225221308230725	-0.613618351022993	0.163175734561542
PWY-7413	61	46	0	0	0	0	NA	NA	NA
PWY-7420	61	46	0	0	0	0	NA	NA	NA
PWY-7431	61	46	1.41367934496475e-05	0	0.000110411886458469	0	0.16937687147354	-0.218498650688432	0.557252393635511
PWY-7446	61	46	0.00102053388372307	0.00179879686649947	0.00177302894577269	0.0026839599681638	-0.352171935573747	-0.742298736450049	0.0379548653025553
PWY-7456	61	46	0.00799051114845618	0.00812487882584797	0.00275104022917726	0.00299473870081615	-0.0470141218295697	-0.434262065195947	0.340233821536808
PWY-7527	61	46	1.61884065711395e-05	0.000119545905080421	0.000126435497175688	0.000577590469476196	-0.265009769814555	-0.653867859528537	0.123848319899427
PWY-7528	61	46	2.39065374972781e-05	0	0.000186716026740167	0	0.16937687147354	-0.218498650688432	0.557252393635511
PWY-7539	61	46	0.00805725001346357	0.0111107154622819	0.00358425302209657	0.00418458167441037	-0.792488907129988	-1.19430794231566	-0.390669871944317
PWY-7546	61	46	0	0	0	0	NA	NA	NA
PWY-7560	61	46	0.010045250754843	0.00747403800912075	0.00550015816791578	0.00450906790197893	0.504253480942737	0.111071871408149	0.897435090477325
PWY-7616	61	46	0.000759236773189578	0.000947185338964946	0.000971715893642488	0.000942156972607779	-0.195951349404178	-0.584056723240531	0.192154024432175
PWY-7619	61	46	0	2.69754654692403e-05	0	0.000182956508260789	-0.225221308230725	-0.613618351022993	0.163175734561542
PWY-7626	61	46	0	0	0	0	NA	NA	NA
PWY-7663	61	46	0.0120159400670143	0.0147921902900322	0.00387401402104456	0.00466862758384072	-0.655879264298566	-1.05314930012872	-0.258609228468413
PWY-7664	61	46	0.0082148499811906	0.00984118615051283	0.00365261356566847	0.00436492352931055	-0.409289885918202	-0.800439430488522	-0.0181403413478813
PWY-821	61	46	0.00406318146524514	0.0051685619404916	0.00337862792321096	0.00364553138207307	-0.316228534874736	-0.705789244984046	0.0733321752345744
PWY-841	61	46	0.0149096964757984	0.016101746571311	0.0027829040143521	0.00224790835418241	-0.464319070849504	-0.856595975536873	-0.0720421661621342
PWY-922	61	46	0.00154362014548343	0.00119542937669809	0.00188937336146097	0.00129426118861698	0.209671625227045	-0.178565447705268	0.597908698159359
PWY0-1061	61	46	0.0104510339713689	0.00908304588325321	0.00387702549106003	0.00406102493222317	0.345719538500735	-0.0443012191419215	0.735740296143392
PWY0-1241	61	46	0.00457980203659705	0.00567265855917829	0.00236519273111222	0.00289646641375915	-0.419333237880565	-0.810678173734667	-0.0279883020264622
PWY0-1261	61	46	0.0112589261890241	0.0119259627135314	0.00366296274068565	0.00376151717780545	-0.180011519039423	-0.567975026616298	0.207951988537452
PWY0-1277	61	46	0.0018263633720507	0.00313391808933783	0.00341159430350721	0.00396025178944235	-0.35756537584317	-0.747782298197759	0.0326515465114194
PWY0-1296	61	46	0.0222461634608472	0.0201677577423109	0.00298142671212361	0.0026412539584818	0.731670453906458	0.331976158439948	1.13136474937297
PWY0-1297	61	46	0.00890226762962609	0.00957089531395789	0.00341770693041435	0.00415216769412249	-0.178294492192346	-0.566243432800134	0.209654448415443
PWY0-1298	61	46	0.00643388647342738	0.00712309344651495	0.00302702888713119	0.00392762225624065	-0.200235997424043	-0.588381547044368	0.187909552196281
PWY0-1319	61	46	0.0228574492127967	0.0214347481726146	0.00233325829756914	0.00210200553838392	0.635963684466258	0.239288985999216	1.0326383829333
PWY0-1338	61	46	0.0012111313650546	0.00189422999207401	0.0019798622815923	0.0027396265356306	-0.292430750870884	-0.681649759487908	0.0967882577461394
PWY0-1415	61	46	0.00251960043776193	0.00373545285946242	0.00303522594207479	0.00386662784716816	-0.35588637707282	-0.746075099673186	0.0343023455275452
PWY0-1479	61	46	0.00875656227149743	0.00921582408366914	0.00344156668842316	0.00335383109709673	-0.134908661037478	-0.522535716877132	0.252718394802175
PWY0-1533	61	46	0.000587268068046888	0.00102571411872896	0.00135258867262819	0.0016572802486842	-0.294098111520798	-0.683340199976024	0.0951439769344273
PWY0-1586	61	46	0.0204449959127855	0.0204479390320591	0.00471967093965569	0.00541968040529807	-0.000584925477797211	-0.387780442394516	0.386610591438922
PWY0-162	61	46	0.0135472945889786	0.0134956993989531	0.00187415022892541	0.00217221775393094	0.0257035150454041	-0.361507667279304	0.412914697370112
PWY0-166	61	46	0.0140322006722374	0.0148062624585735	0.0025923807596738	0.00190215880353806	-0.333383844588825	-0.723207249841242	0.0564395606635917
PWY0-321	61	46	0.000339362825762088	0.000795804732156064	0.00100378632736977	0.00160311240174205	-0.352448564142109	-0.742579954511335	0.0376828262271159
PWY0-41	61	46	0.000694196322835251	0.00135777647929314	0.00140468435717281	0.00207965766698392	-0.384332756906059	-0.775016881475049	0.00635136766293132
PWY0-42	61	46	0.00184196523433472	0.00319005944070757	0.00308695123427692	0.00428530567907051	-0.369437737500157	-0.759857790294338	0.0209823152940237
PWY0-781	61	46	0.0111670862679843	0.0104400800088806	0.00363856053867592	0.0038925098040188	0.19389405321246	-0.194192337357306	0.581980443782227
PWY0-845	61	46	0.00625374855120551	0.00898489141117794	0.00344243148977422	0.0042604530894377	-0.71597972886068	-1.11515164819549	-0.316807809525869
PWY0-862	61	46	0.0079283342442728	0.00947079392803369	0.00358974056550704	0.00428159253434797	-0.395370578911426	-0.786257003223249	-0.00448415459960289
PWY0-881	61	46	0.00296937272631951	0.00306415032010378	0.00335723923699154	0.00331581615077514	-0.0283803538747509	-0.415594970678736	0.358834262929234
PWY1F-823	61	46	0.000127402293955314	5.49498166408993e-05	0.000343640106253975	0.000267294445757707	0.231324127485155	-0.157138805761718	0.619787060732027
PWY1G-0	61	46	0.000245443732844413	9.64902252096675e-05	0.000672793024953498	0.000388398348789958	0.26196421347188	-0.126855961632388	0.650784388576147
PWY3DJ-35471	61	46	0.000622518206977501	0.000881898244474281	0.00176475952661239	0.00166633604469482	-0.150516496655244	-0.538249108382929	0.237216115072442
PWY3O-1109	61	46	9.7945179614444e-05	6.73408686302427e-05	0.000467410187631086	0.000263481394242652	0.0778370909343402	-0.309502126557433	0.465176308426113
PWY3O-19	61	46	0	3.90051831286381e-05	0	0.000264546023030654	-0.225221308230725	-0.613618351022993	0.163175734561542
PWY3O-355	61	46	0.00157628048599299	0.00208973708365459	0.00206416669464069	0.00244040590175686	-0.229920970535809	-0.618368599332662	0.158526658261044
PWY490-3	61	46	0.00018956632551241	0.00044735480705562	0.000566172745369503	0.000583102141810025	-0.44950871294723	-0.841468563473764	-0.0575488624206973
PWY4FS-7	61	46	0.0105189382291169	0.0113062463223384	0.00389569730751267	0.00454053541595842	-0.188160230591394	-0.576194766157173	0.199874304974385
PWY4FS-8	61	46	0.0105188455119176	0.0113061029273863	0.00389556361084411	0.0045403952913834	-0.188154247918808	-0.576188730188349	0.199880234350733
PWY4LZ-257	61	46	0.00555576150432083	0.00669842860123021	0.00357157350597711	0.0042423571931048	-0.295011027275163	-0.68426580744593	0.0942437528956043
PWY5F9-12	61	46	1.41382979531853e-05	0	0.000110423637006737	0	0.16937687147354	-0.218498650688432	0.557252393635511
PWY66-367	61	46	0.000380016052252657	0.000448475954795388	0.000977950454755794	0.000700105161306098	-0.078706702064298	-0.466049147963987	0.308635743835391
PWY66-388	61	46	0.000238867200570424	0.000436437439022481	0.000596499615732839	0.000744084041676538	-0.297644005812447	-0.686935608675822	0.0916475970509279
PWY66-389	61	46	0.00211301510763646	0.00366374268159888	0.00294501914887022	0.00353125607753423	-0.483182611034817	-0.875877827118566	-0.0904873949510686
PWY66-391	61	46	0.00117624364001248	0.00180272571144101	0.00147853858249576	0.00165461467128006	-0.402509427044269	-0.793529683840265	-0.0114891702482732
PWY66-398	61	46	0.001744596579224	0.00237937892002866	0.00166114274310888	0.00158874143468527	-0.389315848031219	-0.780090605772662	0.0014589097102245
PWY66-399	61	46	0.00969356300311983	0.00999925441911401	0.00257328616024371	0.00281492395373009	-0.114084615272875	-0.501588777803317	0.273419547257567
PWY66-400	61	46	0.0177954974097974	0.0160877292165545	0.00389484589616371	0.00303083916712569	0.481007604852391	0.0883614474054438	0.873653762299339
PWY66-409	61	46	0.011000301650196	0.0112018831006933	0.00303845816057943	0.00359949562638258	-0.0612591068128047	-0.448543634432162	0.326025420806553
PWY66-422	61	46	0.0216735852938664	0.0188022492898993	0.00345890380996917	0.00332156125655809	0.844331298588517	0.440577037443513	1.24808555973352
PWYG-321	61	46	0.00876944055112944	0.0103109045696901	0.0039379756668771	0.00468491676119742	-0.360651700563847	-0.750920800380683	0.0296173992529894
PYRIDNUCSAL-PWY	61	46	0.0108428084928191	0.00913570464408228	0.00460925989787885	0.00426956547589361	0.382172518638813	-0.00847267153591635	0.772817708813543
PYRIDNUCSYN-PWY	61	46	0.0185834749178081	0.0179113362324114	0.00257547812982664	0.00173100895211813	0.298374773704103	-0.0909271064673327	0.687676653875539
PYRIDOXSYN-PWY	61	46	0.00573189202462272	0.00840956765617297	0.00349229311962621	0.00440387641710732	-0.684987156796244	-1.0831586366449	-0.286815676947585
REDCITCYC	61	46	0.00226329662300979	0.00271994403007283	0.00191183222218463	0.00182839084238536	-0.243347230579736	-0.631945092837768	0.145250631678297
RHAMCAT-PWY	61	46	0.00958248096514118	0.0110175812865344	0.00230495980837664	0.00296686396238935	-0.54999969023168	-0.944306439919689	-0.155692940543672
RIBOSYN2-PWY	61	46	0.0189211117284259	0.0185336852587899	0.00249485263708736	0.00299039425029013	0.142524663408433	-0.245152460899911	0.530201787716778
RUMP-PWY	61	46	0.00367136250714717	0.00396036468234533	0.0021733853223475	0.00243846559140626	-0.126160488108877	-0.513733417454734	0.26141244123698
SALVADEHYPOX-PWY	61	46	0.0113811233769614	0.0113913090518764	0.00414187046660074	0.00470848365624458	-0.00231826582923567	-0.38951390213098	0.384877370472509
SER-GLYSYN-PWY	61	46	0.0199271889246603	0.018587460825914	0.00292762706533885	0.00197924646714501	0.522415089988123	0.128798097172249	0.916032082803997
SO4ASSIM-PWY	61	46	0.0049594423741309	0.00641398889580868	0.00391552399050167	0.00445098043680092	-0.350200607130132	-0.740294804852287	0.0398935905920239
SPHINGOLIPID-SYN-PWY	61	46	0	0	0	0	NA	NA	NA
SUCSYN-PWY	61	46	2.14431489119464e-05	0	0.000167476346839947	0	0.16937687147354	-0.218498650688432	0.557252393635511
SULFATE-CYS-PWY	61	46	0.00667636494290925	0.00828083801163003	0.00460216648106666	0.00480254401378632	-0.342171437717112	-0.732134706911161	0.0477918314769378
TCA-GLYOX-BYPASS	61	46	0.00330515911746461	0.00524009768028513	0.00426608052923494	0.00523747676988736	-0.411076392321998	-0.802260353747513	-0.0198924308964829
TCA	61	46	0.00866669642544762	0.00997956384237787	0.0028253288634211	0.00347675796245569	-0.420628304433504	-0.811998773081898	-0.0292578357851103
TEICHOICACID-PWY	61	46	0.00850117983450896	0.00822899002079397	0.00194145837606713	0.00192814905584896	0.140610937385152	-0.247053347899479	0.528275222669784
THISYN-PWY	61	46	0.0112214003267922	0.0139915897673372	0.00342107721677759	0.00329506090696136	-0.822588851630242	-1.2255177003735	-0.419660002886981
THISYNARA-PWY	61	46	0.015403996249804	0.0143878394457208	0.00292963776807093	0.00241461619591879	0.373466564130573	-0.0170239029717911	0.763957031232938
THREOCAT-PWY	61	46	0.00145018115011192	0.00274498280703758	0.00288778333887325	0.00358131704023638	-0.4041896878091	-0.79524178599892	-0.013137589619279
THRESYN-PWY	61	46	0.0202671556693527	0.0186817801390178	0.00251007689076684	0.00173688692392358	0.716698466457355	0.317502851567597	1.11589408134711
TRIGLSYN-PWY	61	46	0	0	0	0	NA	NA	NA
TRNA-CHARGING-PWY	61	46	0.0255435489125099	0.0243746958004275	0.00204989118621791	0.00260160765391227	0.507626348113221	0.114365010427542	0.9008876857989
TRPSYN-PWY	61	46	0.019184361543291	0.0167677320206043	0.00287370101582718	0.00255319940341318	0.881680385410282	0.476462125578101	1.28689864524246
TYRFUMCAT-PWY	61	46	1.50473448244008e-05	1.72617334689186e-05	0.000117523520038032	0.000117074772466964	-0.0188729398899852	-0.406076898847315	0.368331019067345
UBISYN-PWY	61	46	0.00108169306342303	0.00191334290829715	0.00171101180005186	0.00260414432372888	-0.388635070766829	-0.779397378822233	0.00212723728857561
UDPNACETYLGALSYN-PWY	61	46	0.000394783459532504	0.000108551535176369	0.00153734066978321	0.000329815137272551	0.242157361502027	-0.146426844851023	0.630741567855077
UDPNAGSYN-PWY	61	46	0.0175969814029966	0.0161250099294844	0.00371408512181352	0.0031049739873658	0.424668092931058	0.033217483076743	0.816118702785374
UNINTEGRATED	61	46	1.01897395584717	1.01258314389851	0.0556976187022174	0.0692632840376544	0.103282964902496	-0.284165535417421	0.490731465222413
UNMAPPED	61	46	0.480136579270149	0.491200746662023	0.0627694662034528	0.0799179503676985	-0.156648606733402	-0.544425840071416	0.231128626604613
URDEGR-PWY	61	46	0.000639694283594852	0.00106503887781562	0.00119526361808426	0.0016725407641754	-0.299623387236854	-0.688942885233632	0.0896961107599247
URSIN-PWY	61	46	0.000145789755988612	0.000387335768019523	0.000856078838522613	0.0013357449471681	-0.222037077127641	-0.61040043568152	0.166326281426237
VALDEG-PWY	61	46	0	3.53322052047343e-05	0	0.000239634674730004	-0.225221308230725	-0.613618351022993	0.163175734561542
VALSYN-PWY	61	46	0.0275002954947184	0.0253267087460663	0.00268997310604769	0.00249394820776035	0.833504852402117	0.430164077944014	1.23684562686022
