len_control	len_case	mean_control	mean_case	sd_control	sd_case	cohen.d	lower	upper
1CMET2-PWY	30	30	0.0193557206341292	0.0197069759189977	0.00224977432731715	0.00235841839662228	-0.152405823928314	-0.669996821334728	0.365185173478099
3-HYDROXYPHENYLACETATE-DEGRADATION-PWY	30	30	0.00140648870940101	0.00134135518994134	0.00178980407330165	0.00252075669745232	0.0297950983976152	-0.487074809345186	0.546665006140417
7ALPHADEHYDROX-PWY	30	30	0	0	0	0	NA	NA	NA
AEROBACTINSYN-PWY	30	30	0.00030796121597241	0.00121629578413663	0.000978879438369495	0.00214969099752439	-0.543836073855567	-1.07014433666717	-0.0175278110439625
ALL-CHORISMATE-PWY	30	30	0	0	0	0	NA	NA	NA
ALLANTOINDEG-PWY	30	30	0.000347880932918963	0.00149167721876266	0.00094405125742949	0.00149585870344407	-0.914477387980175	-1.45766095305599	-0.371293822904364
ANAEROFRUCAT-PWY	30	30	0.0131195341809175	0.0145383853484001	0.00302832460528062	0.0014184932896971	-0.600033006776998	-1.12837645598766	-0.0716895575663332
ANAGLYCOLYSIS-PWY	30	30	0.0153351859849966	0.0173965000494615	0.00300475692227805	0.00113959390554211	-0.907124845944532	-1.4498965948168	-0.364353097072261
ARG+POLYAMINE-SYN	30	30	0.00754987629780415	0.00963727312785476	0.00356892478290379	0.00484070788646587	-0.490848764873867	-1.01541500657846	0.0337174768307245
ARGDEG-PWY	30	30	0.00217536934173866	0.00447232570049967	0.00271493898569375	0.00440240422847085	-0.628042673514772	-1.15747196069164	-0.0986133863379047
ARGININE-SYN4-PWY	30	30	0.00652120893920577	0.0108940129353998	0.00483093505505554	0.00360792043167053	-1.0256349110007	-1.57540699065292	-0.475862831348484
ARGORNPROST-PWY	30	30	0.000837711925217469	0.00226707103475926	0.00149242198360944	0.00228146725538352	-0.741466169731326	-1.27577140346253	-0.207160936000123
ARGSYN-PWY	30	30	0.0153118324919272	0.0151061074225581	0.00367829884391503	0.00344351359574589	0.0577418651055019	-0.459207056433606	0.57469078664461
ARGSYNBSUB-PWY	30	30	0.0142605060369359	0.0145947827716139	0.00327659356022591	0.00361548940522218	-0.0968860503305769	-0.614030414707356	0.420258314046203
ARO-PWY	30	30	0.0191914377322231	0.017492871084477	0.00444882530892263	0.00173778288957934	0.502940394159833	-0.0220081568189978	1.02788894513866
ASPASN-PWY	30	30	0.0186229314780459	0.0156194043335679	0.00445206760451692	0.00229481683874193	0.848049910683952	0.308476926768613	1.38762289459929
AST-PWY	30	30	0.00167725748732732	0.00367487228693493	0.00201544662866397	0.00374045720991133	-0.66489261513887	-1.19582222621399	-0.133963004063745
BIOTIN-BIOSYNTHESIS-PWY	30	30	0.00609715467563509	0.0107576459794416	0.00368999182346929	0.00376345121540382	-1.25049992196941	-1.81560117238406	-0.685398671554765
BRANCHED-CHAIN-AA-SYN-PWY	30	30	0.024453966591967	0.0182801998844497	0.00535352066356876	0.00274282933291813	1.45148030845483	0.87055688265514	2.03240373425452
CALVIN-PWY	30	30	0.0178233437214234	0.017206309090529	0.00342683029851049	0.00246290592669851	0.206777794331903	-0.311442760226066	0.724998348889872
CATECHOL-ORTHO-CLEAVAGE-PWY	30	30	0.000633642331824318	0.000825059609538154	0.001261754045903	0.00189556527333489	-0.118881357327789	-0.636178912996614	0.398416198341036
CENTFERM-PWY	30	30	0.00125576936306828	0.00301695298609062	0.00210286490333899	0.00226995627097418	-0.80492624837087	-1.34228910791461	-0.267563388827128
CITRULBIO-PWY	30	30	0.00639072072652516	0.0110064914829028	0.0044450139398105	0.00318126870317918	-1.19420522063371	-1.75522578717042	-0.633184654096999
COA-PWY-1	30	30	0.0200944621213633	0.0194004572826623	0.00287551832450793	0.00279953072411987	0.244559167142221	-0.274210458167943	0.763328792452384
COA-PWY	30	30	0.0191209531501031	0.0167070053182377	0.00315585534045745	0.00275881073177251	0.814425414295963	0.276584849160032	1.35226597943189
COBALSYN-PWY	30	30	0.00727936514491551	0.00853004366425835	0.00294707636166882	0.00276933774951421	-0.437363138313144	-0.960346916265475	0.0856206396391878
CODH-PWY	30	30	0	3.93984808744771e-05	0	0.00021579436706387	-0.258198889747161	-0.777189159002044	0.260791379507722
COLANSYN-PWY	30	30	0.00639108258422646	0.00925190507435108	0.00316530228834034	0.00282945473195157	-0.952947209777392	-1.4983343654969	-0.407560054057888
COMPLETE-ARO-PWY	30	30	0.019372923211181	0.0171751714939141	0.0044665473429181	0.00183531150282441	0.64364163068268	0.113587163768057	1.1736960975973
CRNFORCAT-PWY	30	30	4.7523412956059e-05	0.000572603385349387	0.000260296452856668	0.00135591763958409	-0.537834428537211	-1.06393672112712	-0.0117321359472984
DAPLYSINESYN-PWY	30	30	0.00734690101592541	0.00903507893936609	0.00386168262537095	0.00494702494942822	-0.380420764368092	-0.9019158711391	0.141074342402916
DENITRIFICATION-PWY	30	30	0.000116495581524672	0.000226743894005577	0.000451245486441649	0.000762055385125621	-0.176048264917209	-0.693889682633511	0.341793152799093
DENOVOPURINE2-PWY	30	30	0.0138700660624236	0.0156720070079198	0.00254141976208146	0.00142057133916885	-0.875263114929556	-1.41628522161582	-0.334241008243292
DHGLUCONATE-PYR-CAT-PWY	30	30	6.94618640978023e-05	0.00034332800989126	0.000380458298527246	0.000928226217104487	-0.386080883628919	-0.907714865676768	0.13555309841893
DTDPRHAMSYN-PWY	30	30	0.0286326043117007	0.021252353691204	0.00762384490360811	0.00366688316170298	1.23373959243857	0.669869794149376	1.79760939072776
ECASYN-PWY	30	30	0.00168209009970878	0.00319617650228063	0.00198389137098878	0.00340014061183571	-0.543932372755888	-1.07024395841605	-0.0176207870957222
ENTBACSYN-PWY	30	30	0.00243160150652622	0.00549464258747049	0.00374471269028739	0.00536837264583893	-0.661807128129457	-1.19260800131081	-0.1310062549481
FAO-PWY	30	30	0.00447852909141727	0.00820806006109831	0.00302013790569408	0.00518558860675123	-0.878917749508474	-1.4201376525384	-0.337697846478545
FASYN-ELONG-PWY	30	30	0.00780956651949433	0.0119444428058633	0.00462931928406434	0.00470355848766464	-0.886060136126412	-1.42766876843298	-0.344451503819844
FASYN-INITIAL-PWY	30	30	0.0066488672341083	0.0108522065035114	0.00414795217507517	0.00439686870778568	-0.983416034218734	-1.53060626845512	-0.436225799982346
FERMENTATION-PWY	30	30	0.00651903184156948	0.00824871112008531	0.00296113772788754	0.0053464238027726	-0.400239782803065	-0.922229977524377	0.121750411918247
FOLSYN-PWY	30	30	0.00195290845799051	0.0047927511401513	0.00241331496720372	0.00358049589686057	-0.930120608552364	-1.47419035268583	-0.386050864418903
FUC-RHAMCAT-PWY	30	30	0.00372243993805575	0.00716711690423219	0.00303015084768648	0.00374426451769173	-1.01136297258558	-1.56025149577364	-0.462474449397517
FUCCAT-PWY	30	30	0.00315082552567511	0.00691099945375849	0.00270020005987276	0.00339034101853539	-1.22690698205129	-1.79027876443236	-0.663535199670215
GALACT-GLUCUROCAT-PWY	30	30	0.00563809484231291	0.00680394035884342	0.00203523491542967	0.00297460483246289	-0.457450200346728	-0.981007456518058	0.0661070558246031
GALACTARDEG-PWY	30	30	0.00308144710058551	0.00660603912820382	0.00270730504676608	0.00484240863275527	-0.898463994248442	-1.44075451708055	-0.356173471416332
GALACTUROCAT-PWY	30	30	0.00560224036781828	0.00647987180626899	0.00154500535194093	0.00288882308694227	-0.378861043605516	-0.900318235493417	0.142596148282385
GALLATE-DEGRADATION-I-PWY	30	30	0	0	0	0	NA	NA	NA
GALLATE-DEGRADATION-II-PWY	30	30	0	0	0	0	NA	NA	NA
GLCMANNANAUT-PWY	30	30	0.00587069067366279	0.00860975381164088	0.00242392040277142	0.003836781092895	-0.853537595507123	-1.3933994287398	-0.313675762274451
GLUCARDEG-PWY	30	30	0.00229116060199398	0.00537423700006082	0.00242314673194909	0.00439153490762982	-0.869296577607472	-1.40999738003109	-0.328595775183858
GLUCARGALACTSUPER-PWY	30	30	0.00308144710058551	0.00660603912820382	0.00270730504676608	0.00484240863275527	-0.898463994248442	-1.44075451708055	-0.356173471416332
GLUCONEO-PWY	30	30	0.0132041610747811	0.0142925011554777	0.00262827854081522	0.00157597786303114	-0.502239520816089	-1.02716566549238	0.0226866238602041
GLUCOSE1PMETAB-PWY	30	30	0.00417531015142589	0.00717902797906137	0.00265873356168803	0.00448606364642252	-0.814592727335347	-1.35244175291347	-0.276743701757222
GLUCUROCAT-PWY	30	30	0.00571272093485696	0.00666356725402567	0.00211432485300829	0.00272978585061156	-0.389447518122958	-0.911165058037088	0.132270021791173
GLUDEG-I-PWY	30	30	0.0038707670176968	0.00497639565251147	0.00274655407026922	0.00193447412124344	-0.465435038993676	-0.989227229534428	0.0583571515470752
GLUTORN-PWY	30	30	0.0140263844183725	0.0132059117729451	0.00285427682863656	0.00324150356129258	0.268652141019215	-0.250515261540486	0.787819543578916
GLYCOCAT-PWY	30	30	0.00495077995070723	0.00749434678411713	0.00351163687971138	0.00574758653671175	-0.534061483396745	-1.06003542174792	-0.0080875450455683
GLYCOGENSYNTH-PWY	30	30	0.0118066119621463	0.0115946086643486	0.00418002834628756	0.0035530354864235	0.0546510094551061	-0.462286692702796	0.571588711613008
GLYCOL-GLYOXDEG-PWY	30	30	0.000793636685494023	0.0021341757336992	0.00119797700422374	0.00208522534743795	-0.788326441384183	-1.32486696965746	-0.251785913110906
GLYCOLYSIS-E-D	30	30	0.00687847249404443	0.009835405319981	0.00306533424118766	0.00320062167376445	-0.943589101717934	-1.48843268789627	-0.398745515539595
GLYCOLYSIS-TCA-GLYOX-BYPASS	30	30	0.00463717090297627	0.00840610636181979	0.00403127534610471	0.00562462134293871	-0.770233505008194	-1.30589586061545	-0.234571149400934
GLYCOLYSIS	30	30	0.0153649459330782	0.0150466027084731	0.0032294496659962	0.00208153682659334	0.117175263456746	-0.400109294154335	0.634459821067827
GLYOXYLATE-BYPASS	30	30	0.00329102632421935	0.00624524728839172	0.00251240912545387	0.00470597744892276	-0.783163710989797	-1.31945172546765	-0.246875696511944
GOLPDLCAT-PWY	30	30	0.00203394128113542	0.00248166251969516	0.00243714145078957	0.00336498710186734	-0.152393736319209	-0.669984614885688	0.36519714224727
HCAMHPDEG-PWY	30	30	0.00154007955113195	0.00400443953641364	0.00209015203202509	0.00328851403870277	-0.894415857995497	-1.43648289081624	-0.352348825174759
HEME-BIOSYNTHESIS-II	30	30	0.00305762008779585	0.0060646376348463	0.00208848109800837	0.00408542469212448	-0.926829090032911	-1.47071124356846	-0.382946936497366
HEMESYN2-PWY	30	30	0.0030348483847804	0.00512869498185741	0.00190484052073027	0.00365632575326615	-0.718243974030441	-1.25148896355013	-0.184998984510755
HEXITOLDEGSUPER-PWY	30	30	0.00691534244100776	0.0103431931355426	0.0033707571881618	0.0042794633901096	-0.889888506069621	-1.43170667939104	-0.348070332748201
HISDEG-PWY	30	30	0.00791385099983148	0.0139569522873523	0.00423920027738244	0.00362313982387793	-1.53252974586772	-2.12036273494218	-0.944696756793255
HISTSYN-PWY	30	30	0.0212972077401285	0.0167020751190789	0.00384806963777148	0.00309968486387247	1.31515996742694	0.74517858096976	1.88514135388412
HOMOSER-METSYN-PWY	30	30	0.0053787574204534	0.00743773014302871	0.00262264662385795	0.00468294135305277	-0.542509585315246	-1.06877213462072	-0.0162470360097696
HSERMETANA-PWY	30	30	0.0137337243261224	0.0126287622024222	0.00309851997684567	0.00224442139858717	0.408430116116036	-0.113771874108179	0.93063210634025
ILEUDEG-PWY	30	30	0	0	0	0	NA	NA	NA
ILEUSYN-PWY	30	30	0.0255893639837851	0.0201206087550609	0.00542337468881834	0.00312859323294786	1.23524873997687	0.671268629436473	1.79922885051726
KDO-NAGLIPASYN-PWY	30	30	0.000702805483107805	0.00267850412509454	0.00133834641973917	0.0026607117803829	-0.938123945590629	-1.48265231878641	-0.393595572394851
KETOGLUCONMET-PWY	30	30	0.00170378785879136	0.00518837499984326	0.00172923089615344	0.00510935223797741	-0.913590920404938	-1.45672467475265	-0.370457166057225
LACTOSECAT-PWY	30	30	0.00188782558519774	0.00226977391407339	0.00184578258171267	0.0023376976665993	-0.181348980398184	-0.699251472291782	0.336553511495414
LEU-DEG2-PWY	30	30	0	0.000124628491884342	0	0.000526395677075345	-0.334826654466833	-0.855276693347252	0.185623384413585
LIPASYN-PWY	30	30	0	0	0	0	NA	NA	NA
LPSSYN-PWY	30	30	0.000645906650120064	0.00240825089425335	0.00149396341188221	0.00283392652574141	-0.777977750164855	-1.31401366640445	-0.241941833925264
LYSINE-AMINOAD-PWY	30	30	0	0	0	0	NA	NA	NA
LYSINE-DEG1-PWY	30	30	0	0	0	0	NA	NA	NA
MET-SAM-PWY	30	30	0.00733703842444146	0.00941494276561356	0.00320463907309329	0.00517219497588345	-0.48296386983872	-1.00728567479134	0.0413579351139033
METH-ACETATE-PWY	30	30	0.000328172534983951	0.000854355732800679	0.0011681321702445	0.00149208234848021	-0.392693574715316	-0.914492353946693	0.129105204516061
METHANOGENESIS-PWY	30	30	0	0.000906442759565484	0	0.00204154734230394	-0.62790787043211	-1.15733181859678	-0.0984839222674422
METHGLYUT-PWY	30	30	0.00122449110660985	0.00420305940675698	0.00169332415637164	0.00284895589796183	-1.27099647726154	-1.837622558791	-0.704370395732075
METHYLGALLATE-DEGRADATION-PWY	30	30	0	0	0	0	NA	NA	NA
METSYN-PWY	30	30	0.00707546010329025	0.00926286320029138	0.00318147474429384	0.005169203607863	-0.509647131190141	-1.03481162168211	0.0155173593018254
NAD-BIOSYNTHESIS-II	30	30	0.00321153207608259	0.00685962859391031	0.00257597314682231	0.00266020129219815	-1.39324030281185	-1.96938263435322	-0.81709797127047
NADSYN-PWY	30	30	0	0	0	0	NA	NA	NA
NAGLIPASYN-PWY	30	30	0.00706048532074679	0.0097154192898104	0.00361963215312005	0.00324298974344616	-0.772574818856482	-1.30834974615005	-0.236799891562912
NONMEVIPP-PWY	30	30	0.00684974534680925	0.00376487771527545	0.00494435651848441	0.00425075960533478	0.669078816826581	0.137973634966134	1.20018399868703
NONOXIPENT-PWY	30	30	0.0120454035358377	0.01382423122324	0.00294040129779105	0.00433412315183329	-0.480320759345481	-1.00456148687573	0.0439199681847713
OANTIGEN-PWY	30	30	0.0147484671862913	0.0131986283462815	0.00359045452274278	0.00236490754934516	0.509802287387417	-0.0153672315263492	1.03497180630118
ORNARGDEG-PWY	30	30	0.00217536934173866	0.00447232570049967	0.00271493898569375	0.00440240422847085	-0.628042673514772	-1.15747196069164	-0.0986133863379047
ORNDEG-PWY	30	30	0.00277430303361046	0.00638553578142894	0.00313459228034173	0.00548869526460013	-0.807986742373466	-1.34550294605856	-0.270470538688374
P101-PWY	30	30	0	0	0	0	NA	NA	NA
P105-PWY	30	30	0.00311002197013364	0.00640628296219805	0.00347524381680018	0.00487105189925632	-0.779054763288452	-1.31514290687361	-0.242966619703291
P108-PWY	30	30	0.00265406660030916	0.00471407375252072	0.00230964721271915	0.00238183486547229	-0.878086412351893	-1.41926125564764	-0.336911569056144
P122-PWY	30	30	0.00155813057833056	0.00405280571575247	0.00195528149729056	0.00392868670509558	-0.80394572877527	-1.34125957385601	-0.266631883694531
P124-PWY	30	30	0.00315249850204144	0.00178423297194106	0.0032757237803162	0.00250166793596975	0.469467138929757	-0.054445190319993	0.993379468179508
P125-PWY	30	30	0.000192067564736842	0.000333010106173774	0.000501987297670878	0.000944550104850482	-0.186342770874085	-0.704304451046471	0.3316189092983
P161-PWY	30	30	0.0030186086356061	0.00720919607825135	0.00308521533513507	0.00498759246351415	-1.01051920090353	-1.5593558307673	-0.461682571039751
P162-PWY	30	30	0	0.00128364255823715	0	0.00221947794810343	-0.817915184356536	-1.35593254734649	-0.279897821366586
P163-PWY	30	30	0	0.000158649612644633	0	0.000868959715849223	-0.258198889747161	-0.777189159002044	0.260791379507722
P164-PWY	30	30	0.00184998738015605	0.00507677935118861	0.00250646409527635	0.00238637829427034	-1.31858756004415	-1.88883330683253	-0.748341813255772
P165-PWY	30	30	0	0	0	0	NA	NA	NA
P185-PWY	30	30	0.00213623034285673	0.00316800548894766	0.00270148686731181	0.00326019901002431	-0.344625264338668	-0.865288828545432	0.176038299868096
P221-PWY	30	30	0.00116989022312337	0.00183896022844768	0.00163804611859562	0.00243135170778102	-0.322754310478833	-0.842949629736677	0.197441008779012
P23-PWY	30	30	0.00150365942471261	0.00256908537403814	0.00226955496748583	0.00244413096305526	-0.451746685123518	-0.975138555088752	0.0716451848417169
P241-PWY	30	30	0	0	0	0	NA	NA	NA
P261-PWY	30	30	0	0	0	0	NA	NA	NA
P4-PWY	30	30	0.00569416007579303	0.00778223832213115	0.00346504445504433	0.00527250184212723	-0.468046002864154	-0.991915873449545	0.0558238677212357
P42-PWY	30	30	0.00370447178890123	0.00601052471733147	0.00313822197546933	0.00229179222713587	-0.839237782409567	-1.37835051044858	-0.300125054370557
P441-PWY	30	30	0.00506262004369503	0.00904415007676161	0.00373885582312923	0.00484148389793632	-0.920489527613859	-1.46401206912516	-0.376966986102558
P461-PWY	30	30	0.00445760498124446	0.00955120449419758	0.0038754128315436	0.00573552190899429	-1.0406480695772	-1.59136139254123	-0.489934746613162
P562-PWY	30	30	0.000146841077111201	0.000870603202734196	0.000561139490825382	0.00184404545332264	-0.531017902860486	-1.05688893552814	-0.00514687019282833
P621-PWY	30	30	0	0.000216020511768556	0	0.000629908337638786	-0.484989829852124	-1.00937407381346	0.0393944141092171
PANTO-PWY	30	30	0.0178896098613123	0.0173832642893952	0.0038010238326106	0.00209013227560257	0.165079574455885	-0.352641195273682	0.682800344185451
PANTOSYN-PWY	30	30	0.0182977588087917	0.0165334198278016	0.00317056967508951	0.00262530917725414	0.606148886798695	0.0775723849705421	1.13472538862685
PENTOSE-P-PWY	30	30	0.00689363755014367	0.010867123741752	0.00411877385634651	0.00340820389132566	-1.05112518042947	-1.6025024958563	-0.499747865002652
PEPTIDOGLYCANSYN-PWY	30	30	0.0246753797919233	0.0204631803597811	0.00432443535648454	0.00288853335337337	1.14547474907441	0.587857416928694	1.70309208122012
PHOSLIPSYN-PWY	30	30	0.0129790623566216	0.0130277389518034	0.00236713617560968	0.0033057119934425	-0.016931084131714	-0.53378157595127	0.499919407687842
PHOTOALL-PWY	30	30	0	0	0	0	NA	NA	NA
POLYAMINSYN3-PWY	30	30	0.00299094973535622	0.00157203702011377	0.00255368356655847	0.00253729684605394	0.557419298433317	0.0306367396755927	1.08420185719104
POLYAMSYN-PWY	30	30	0.00717150987511226	0.00886588746678427	0.00247936101487691	0.00410746357504675	-0.499443999749187	-1.0242810754894	0.0253930759910301
POLYISOPRENSYN-PWY	30	30	0.00431733977713129	0.00792263771487607	0.00314486050463368	0.00326954000386001	-1.12391393709494	-1.6800643585387	-0.567763515651188
PPGPPMET-PWY	30	30	0.00274807324180315	0.0047890182353054	0.00240186632555184	0.00385342809623526	-0.635659292201321	-1.16539201656147	-0.105926567841168
PROPFERM-PWY	30	30	0	0	0	0	NA	NA	NA
PROTOCATECHUATE-ORTHO-CLEAVAGE-PWY	30	30	0.000646688170800658	0.000998620451443296	0.00135161854402567	0.00225349534965615	-0.189403794726818	-0.70740254663186	0.328594957178224
PRPP-PWY	30	30	0.00589811523557249	0.00937004758746864	0.00473466117472882	0.00498437282624614	-0.714224675030714	-1.24728937257165	-0.181159977489775
PWY-101	30	30	0	0	0	0	NA	NA	NA
PWY-1042	30	30	0.024779139064965	0.0206955393323094	0.00398643294330706	0.00182899629765753	1.31671232958992	0.746611283979006	1.88681337520084
PWY-1269	30	30	0.0181256815310779	0.0119052613686988	0.00472728954204266	0.0027221867908044	1.61263471920412	1.01768920625406	2.20758023215418
PWY-1361	30	30	0	0	0	0	NA	NA	NA
PWY-1501	30	30	0	0.000125013021318397	0	0.000506022681678086	-0.349381789834838	-0.870151193281278	0.171387613611603
PWY-1541	30	30	0.000317023427164097	0.000477243729064241	0.000994492812260124	0.00112964873556816	-0.150552067318786	-0.66812494923079	0.367020814593218
PWY-1622	30	30	0	0	0	0	NA	NA	NA
PWY-181	30	30	0	0	0	0	NA	NA	NA
PWY-1861	30	30	0.000764300279497789	0.00361249220450809	0.00137574307055408	0.00334270345862384	-1.11431338581044	-1.6698183692998	-0.558808402321091
PWY-2201	30	30	0	0	0	0	NA	NA	NA
PWY-2221	30	30	0.000104566800772713	8.80732483146536e-05	0.000572735955493634	0.000482397048146896	0.0311494939996298	-0.48572307994282	0.54802206794208
PWY-241	30	30	0.00644281588099519	0.00687090374170337	0.00296121009680949	0.00387820610281097	-0.124072368515474	-0.641410625864768	0.393265888833821
PWY-2723	30	30	0.00337895351569277	0.00576731099811118	0.00257514066514071	0.00452286700863609	-0.648975737515438	-1.17924733280373	-0.118704142227144
PWY-2941	30	30	0.00707961945029035	0.00848813124330459	0.00427233312568716	0.00383208707574327	-0.3470792957359	-0.867797287042239	0.17363869557044
PWY-2942	30	30	0.0216206765171703	0.0184152536468626	0.00390648337720559	0.00208278504675119	1.02397119259185	0.474302675499695	1.57363970968401
PWY-3001	30	30	0.016207617895512	0.0163948748252473	0.0031969205234492	0.00197330323726878	-0.0704894878204894	-0.587491198907371	0.446512223266392
PWY-3502	30	30	0	0	0	0	NA	NA	NA
PWY-3781	30	30	0.00256833553030754	0.0013142332864827	0.00215038381010341	0.00247379653616967	0.54108884947536	0.0148751422011435	1.06730255674958
PWY-3801	30	30	0.000922409731703942	0.00140606264743107	0.00217614396089764	0.00292102737650527	-0.187778566724623	-0.705757560785105	0.330200427335858
PWY-3841	30	30	0.0204581583359694	0.0205450868566274	0.00220509754830048	0.00347768158690812	-0.0298542596538548	-0.546724281383884	0.487015762076174
PWY-4041	30	30	0.00507656158555305	0.00800051197622467	0.00276874382936257	0.00481809606826136	-0.744125876848219	-1.27855455973058	-0.209697193965861
PWY-4242	30	30	0.0174014823903642	0.0160877929560338	0.00324169055207669	0.002750009467005	0.437034068924299	-0.0859405234568758	0.960008661305474
PWY-4321	30	30	0.000555667690565163	0.000827437942563473	0.00132110332838561	0.00173436411259373	-0.176285990537128	-0.694130108648248	0.341558127573991
PWY-4361	30	30	0	0	0	0	NA	NA	NA
PWY-4702	30	30	0.00240994591203796	0.00516060260475349	0.0026998941554027	0.00396377738576877	-0.811107486485767	-1.34878060704932	-0.273434365922212
PWY-4722	30	30	0	0.000154357075594474	0	0.000473078106743774	-0.46143304169471	-0.98510698825399	0.0622409048645709
PWY-4981	30	30	0.00613556904964702	0.0104883877854281	0.00347166352801669	0.00220044396205687	-1.49766326452873	-2.08248788181271	-0.912838647244754
PWY-4984	30	30	0.00477058385889287	0.00836812077511246	0.00434475779437328	0.00368592909459216	-0.892947599372457	-1.43493379910988	-0.350961399635034
PWY-5004	30	30	0.000479501388545633	0.00130361024635377	0.00114125719356388	0.00135231050573326	-0.658632815999441	-1.18930183772783	-0.127963794271048
PWY-5005	30	30	0.00431305477805381	0.00544105565538409	0.00297671725559395	0.00259018647634869	-0.404279166666331	-0.926373291201592	0.117814957868931
PWY-5022	30	30	0.00265009330709672	0.00522936583608387	0.00282796121761994	0.00304552681486482	-0.877674326908712	-1.41882684896601	-0.336521804851409
PWY-5028	30	30	0	0.000736988021949419	0	0.0017579139307602	-0.592895043215607	-1.12096935307403	-0.0648207333571847
PWY-5030	30	30	0.0050096781385344	0.00891682905496153	0.00506477614495279	0.00439399097405453	-0.824074189297341	-1.3624052795951	-0.285743098999582
PWY-5044	30	30	0	0	0	0	NA	NA	NA
PWY-5055	30	30	0	0	0	0	NA	NA	NA
PWY-5067	30	30	0	0	0	0	NA	NA	NA
PWY-5079	30	30	0	0	0	0	NA	NA	NA
PWY-5080	30	30	0	0	0	0	NA	NA	NA
PWY-5083	30	30	0.0050874335762115	0.00797642470310028	0.00328386237508338	0.00370917799229137	-0.824723578739928	-1.36308787408336	-0.286359283396494
PWY-5088	30	30	7.86087921037049e-05	0.00133967273664192	0.000430558086534331	0.00200082050095339	-0.871393667132986	-1.41220717126952	-0.330580162996458
PWY-5097	30	30	0.0219161114765269	0.0183709089519052	0.00372033517739159	0.00232689142857669	1.14256444448251	0.585146518061728	1.6999823709033
PWY-5100	30	30	0.00957615740957617	0.00961805304261872	0.00300009244234336	0.00265752636269598	-0.0147832666751351	-0.53163155818654	0.50206502483627
PWY-5101	30	30	0.0018425197618558	0.0013950320668477	0.00309930709337718	0.00254978214904228	0.157683955627271	-0.359959831958494	0.675327743213037
PWY-5103	30	30	0.0241538243446489	0.0177659796414061	0.00538654748062563	0.00280831984262439	1.48712343923789	0.903197593338039	2.07104928513774
PWY-5104	30	30	0.00804274559124626	0.0090342181736296	0.00388803872364104	0.00394825512403736	-0.253038829455613	-0.771944229867054	0.265866570955828
PWY-5109	30	30	0	0	0	0	NA	NA	NA
PWY-5121	30	30	0.00361678507137491	0.00288766324666057	0.00358708306790616	0.00332879735308296	0.210707481697151	-0.307565924286499	0.7289808876808
PWY-5129	30	30	0	0	0	0	NA	NA	NA
PWY-5136	30	30	0.00418121673500488	0.0075569691098187	0.00280054200746295	0.00461174091897928	-0.88482136679043	-1.42636237276874	-0.343280360812119
PWY-5138	30	30	0.00230219376606094	0.0045746619044046	0.00240183967924765	0.00412117361857187	-0.673743154910526	-1.20504518964847	-0.142441120172578
PWY-5154	30	30	0.0142041181485224	0.0128289673021173	0.00265705927127439	0.00271467070946718	0.511966078104706	-0.0132737210852092	1.03720587729462
PWY-5156	30	30	0	0	0	0	NA	NA	NA
PWY-5173	30	30	0.00288054252901893	0.0053033553563666	0.00274717540791293	0.0043466108683141	-0.666352677193464	-1.19734340523357	-0.135361949153362
PWY-5177	30	30	0.00703152351181929	0.0077057220783475	0.00230672933147184	0.00385349152478433	-0.212297850998835	-0.730592927543064	0.305997225545393
PWY-5178	30	30	0	0	0	0	NA	NA	NA
PWY-5180	30	30	0	0.000385754040782511	0	0.00211286189785349	-0.258198889747161	-0.777189159002044	0.260791379507722
PWY-5181	30	30	0.00039920067585751	0.00101006823366437	0.00130459909381413	0.00230333327607486	-0.326351784168417	-0.846622042775163	0.193918474438329
PWY-5182	30	30	0	0.000447660256214976	0	0.00212832062977339	-0.297458567481931	-0.817150123536341	0.222232988572479
PWY-5183	30	30	0	0	0	0	NA	NA	NA
PWY-5188	30	30	0.010026740476816	0.00950289310186478	0.00436023090212442	0.00339093884930483	0.134121406158389	-0.383300576127281	0.651543388444059
PWY-5189	30	30	0.00284304070883646	0.00540176468864852	0.0026747416253782	0.00427781641972643	-0.717233872902969	-1.25043346330856	-0.184034282497377
PWY-5198	30	30	0	0.000601164295617974	0	0.00158030116259865	-0.53798270873849	-1.06409006357928	-0.011875353897696
PWY-5265	30	30	0	0.000528057771574961	0	0.00153909056879546	-0.485212811655575	-1.00960394330884	0.0391783199976893
PWY-5304	30	30	0	0	0	0	NA	NA	NA
PWY-5306	30	30	0	0	0	0	NA	NA	NA
PWY-5345	30	30	0.00844657450733536	0.00958064315353717	0.00334644716067027	0.00418578614357867	-0.299271800465737	-0.818998115409419	0.220454514477946
PWY-5347	30	30	0.00748069946314074	0.00957578831752204	0.00325548762990963	0.00517714775263476	-0.484479602544343	-1.00884809764904	0.0398888925603497
PWY-5367	30	30	0.00113337501266185	0.00344538643729613	0.00162396410513703	0.00306045526690407	-0.943731359687259	-1.4885831728648	-0.398879546509719
PWY-5381	30	30	0	0	0	0	NA	NA	NA
PWY-5384	30	30	0.00436199827890128	0.00686609202238221	0.00262452081539606	0.00426870369406193	-0.706712441602818	-1.23944271734036	-0.173982165865275
PWY-5392	30	30	0.000213133317260466	0.00145376264753572	0.00065326484798568	0.00170041627044716	-0.96318053243116	-1.50916760595465	-0.417193458907673
PWY-5415	30	30	0	6.21488417015448e-05	0	0.000340403225227538	-0.258198889747161	-0.777189159002044	0.260791379507722
PWY-5417	30	30	0.000602228397486015	0.000931512080129664	0.0013496375161843	0.00213750003146123	-0.184212985630536	-0.702149226996216	0.333723255735144
PWY-5419	30	30	0	0	0	0	NA	NA	NA
PWY-5420	30	30	0	0	0	0	NA	NA	NA
PWY-5430	30	30	0	0	0	0	NA	NA	NA
PWY-5431	30	30	0.000602228397486015	0.000931512080129664	0.0013496375161843	0.00213750003146123	-0.184212985630536	-0.702149226996216	0.333723255735144
PWY-5464	30	30	0.00323962922843158	0.00260829921715567	0.00329016651614946	0.00377587598717653	0.178273414749557	-0.339593421112625	0.696140250611739
PWY-5484	30	30	0.014133554662813	0.014696490648876	0.00307905456345273	0.00187987567417673	-0.220678542352024	-0.739090491398523	0.297733406694475
PWY-5505	30	30	0.00621891121099213	0.0046150304886141	0.00286816815444182	0.00240942111918033	0.605524807305102	0.0769721902915828	1.13407742431862
PWY-5509	30	30	0	0	0	0	NA	NA	NA
PWY-5514	30	30	0	0.000144654226446953	0	0.000572786775488251	-0.357152046189421	-0.878097421731388	0.163793329352547
PWY-5531	30	30	0	0	0	0	NA	NA	NA
PWY-5532	30	30	0	0	0	0	NA	NA	NA
PWY-5534	30	30	0	0	0	0	NA	NA	NA
PWY-561	30	30	0.00291877300879041	0.00624136686695695	0.00335207283577517	0.00468327748614034	-0.815873678375261	-1.35378753039018	-0.277959826360346
PWY-5647	30	30	0	0	0	0	NA	NA	NA
PWY-5651	30	30	0	0	0	0	NA	NA	NA
PWY-5654	30	30	0.00020420931364407	0.000148484562922928	0.00060917203716649	0.000391509913167415	0.108828833028891	-0.408394839982134	0.626052506039915
PWY-5656	30	30	0.0017692891646427	0.00369202691624282	0.00202703259184651	0.00280267746467936	-0.78613901821024	-1.32257236960215	-0.249705666818327
PWY-5659	30	30	0.00656628767044529	0.0101934980192791	0.00287731084622819	0.00267044002605484	-1.30672457303532	-1.87605777353716	-0.737391372533478
PWY-5667	30	30	0.0165143997361699	0.0178269962524711	0.00420733283358363	0.00225564632654956	-0.388846317003232	-0.910548883239378	0.132856249232914
PWY-5675	30	30	0.0028883968463089	0.00682245212080858	0.00295481490647049	0.0046324182565228	-1.01256344420125	-1.56152586451639	-0.463601023886115
PWY-5676	30	30	0.00241135585001287	0.00500804634686162	0.00222442899155597	0.00311932995495133	-0.958511332013918	-1.50422396554886	-0.412798698478971
PWY-5677	30	30	0	0.000875464691128987	0	0.00134230120400039	-0.922366780185816	-1.4659955764819	-0.378737983889733
PWY-5686	30	30	0.025154331436656	0.0209013870289064	0.00449724890041991	0.00294636360102105	1.11868651956345	0.562888127263639	1.67448491186327
PWY-5690	30	30	0.00684086005554907	0.00709007011591737	0.00260559417533314	0.00406567331667592	-0.0729839355419915	-0.589997203582119	0.444029332498136
PWY-5692	30	30	0.000188803277413832	0.00133807439523813	0.000591133179618734	0.00162023728284597	-0.942372646251924	-1.48714592850149	-0.397599364002356
PWY-5695	30	30	0.0232036527001112	0.0194849035291408	0.00410088706728457	0.00169135638185437	1.18555535001348	0.625147692073548	1.74596300795342
PWY-5705	30	30	0.000619094062867372	0.00224284351745913	0.00108976885835825	0.00226772382143826	-0.912696563412219	-1.45578010805678	-0.369613018767658
PWY-5723	30	30	0.00358048147060674	0.00775666570007395	0.00352782421481941	0.00555530362924911	-0.897461624454814	-1.43969672291006	-0.35522652599957
PWY-5724	30	30	0	0	0	0	NA	NA	NA
PWY-5747	30	30	0.00117074189528114	0.00358441784095187	0.00163824092627284	0.00279163889966809	-1.05456610329899	-1.60616276420634	-0.502969442391646
PWY-5751	30	30	0	0	0	0	NA	NA	NA
PWY-5754	30	30	5.79580247070428e-05	0.00022261900702432	0.000317449175204891	0.000583941749149516	-0.350357605046236	-0.871148898385969	0.170433688293498
PWY-5757	30	30	0	0	0	0	NA	NA	NA
PWY-5791	30	30	0.00229351855790517	0.00560404379294351	0.00246236733340952	0.00374915141814682	-1.04376926436279	-1.59467978261862	-0.492858746106973
PWY-5837	30	30	0.00229351855790517	0.00560404379294351	0.00246236733340952	0.00374915141814682	-1.04376926436279	-1.59467978261862	-0.492858746106973
PWY-5838	30	30	0.00353373509864843	0.00808844996816275	0.00366178459326377	0.0046211617845139	-1.09247763456184	-1.64653250142452	-0.538422767699152
PWY-5840	30	30	0.00245436211492757	0.0067644006307911	0.00328777514973995	0.00453510490533145	-1.08816040254097	-1.64193151556447	-0.534389289517472
PWY-5845	30	30	0.00260686027797725	0.00745934457449449	0.00329260153073392	0.00475439866636353	-1.18661568688916	-1.74709827402876	-0.626133099749557
PWY-5850	30	30	0.00223012869714357	0.00620486679551343	0.00322209532415728	0.00495459507064572	-0.951096926920564	-1.49637622584789	-0.405817627993243
PWY-5855	30	30	0.00112003146756155	0.00241665718797546	0.0013936755044203	0.00256348587068159	-0.628446239774893	-1.15789151713034	-0.0990009624194443
PWY-5856	30	30	0.00112003146756155	0.00241665718797546	0.0013936755044203	0.00256348587068159	-0.628446239774893	-1.15789151713034	-0.0990009624194443
PWY-5857	30	30	0.00112003146756155	0.00241665718797546	0.0013936755044203	0.00256348587068159	-0.628446239774893	-1.15789151713034	-0.0990009624194443
PWY-5860	30	30	0.00187276464193678	0.00547863271863201	0.00272879360117041	0.00456421135465625	-0.958954225348696	-1.50469283933511	-0.41321561136228
PWY-5861	30	30	0.0029848099527356	0.00715851892099083	0.00313087733886225	0.00432329974985849	-1.10577223525752	-1.66070703424598	-0.550837436269068
PWY-5862	30	30	0.00219209156620723	0.00656752220803334	0.00279584511323742	0.004352079475249	-1.1962288912449	-1.75739339610327	-0.635064386386519
PWY-5863	30	30	0.00204378486197743	0.00538630903297544	0.00228318364428749	0.00348850747885742	-1.13378847056976	-1.69060773513649	-0.576969206003037
PWY-5870	30	30	0	0	0	0	NA	NA	NA
PWY-5871	30	30	0	0	0	0	NA	NA	NA
PWY-5872	30	30	0	0	0	0	NA	NA	NA
PWY-5873	30	30	0	0	0	0	NA	NA	NA
PWY-5896	30	30	0.00223012869714357	0.00620486679551343	0.00322209532415728	0.00495459507064572	-0.951096926920564	-1.49637622584789	-0.405817627993243
PWY-5897	30	30	0.00355972723298781	0.00796188528169744	0.00364813997918598	0.00459623590009454	-1.06092562115456	-1.61292933229021	-0.508921910018915
PWY-5898	30	30	0.00355972723298781	0.00796188528169744	0.00364813997918598	0.00459623590009454	-1.06092562115456	-1.61292933229021	-0.508921910018915
PWY-5899	30	30	0.00355972723298781	0.00796188528169744	0.00364813997918598	0.00459623590009454	-1.06092562115456	-1.61292933229021	-0.508921910018915
PWY-5910	30	30	5.44852570449172e-05	0.000348269318348467	0.000298428043349684	0.00105673963767901	-0.378366919767776	-0.89981213203409	0.143078292498537
PWY-5913	30	30	0.00680442010817632	0.00826280936914199	0.00345413810466179	0.00547808183212225	-0.318472479699216	-0.838579672597461	0.201634713199029
PWY-5918	30	30	0.00324720259962067	0.00644611049461526	0.00277437747636293	0.0043721936701291	-0.873659134727971	-1.41459466819496	-0.33272360126098
PWY-5920	30	30	0.00187338508951707	0.00491870057328971	0.00234758746770713	0.00401283798296952	-0.926359068382394	-1.47021448338531	-0.382503653379482
PWY-5941	30	30	0.00239212445512797	0.00470546895162475	0.00374428423703823	0.00311134300588722	-0.672016658924722	-1.20324567803619	-0.140787639813253
PWY-5971	30	30	0.00373276437773658	0.00946071988432851	0.00525074495321752	0.00616130990623663	-1.00066270969386	-1.5488959973534	-0.452429422034334
PWY-5973	30	30	0.0148216131144229	0.0159454109202283	0.00301641602031054	0.00284291010485638	-0.383424781471822	-0.904993343257884	0.138143780314241
PWY-5989	30	30	0.00659415304714254	0.0107211951391956	0.00386281961932233	0.00422078393008111	-1.02008999316797	-1.56951749278363	-0.470662493552309
PWY-5994	30	30	0.000191628368639369	0.00157004467985144	0.000762912911835851	0.00302773111052684	-0.624325529860376	-1.15360799610995	-0.0950430636107994
PWY-6071	30	30	0.000179237961906996	0.000420234338100323	0.000596516581394027	0.000922373061251885	-0.310272376716191	-0.830214044335498	0.209669290903117
PWY-6107	30	30	0	5.95234913216187e-05	0	0.000237254091034523	-0.354804961801824	-0.875696781491564	0.166086857887916
PWY-6113	30	30	0.002589097322649	0.00770768271762323	0.00388887596841975	0.00540213011390992	-1.0875065598356	-1.64123478379751	-0.533778335873695
PWY-6121	30	30	0.0175679222017005	0.0185764540931265	0.00330480564296532	0.00197957041341159	-0.370238224309809	-0.891488568608215	0.151012119988596
PWY-6122	30	30	0.023503896741608	0.0197143714191536	0.0046217667172448	0.00199771975592007	1.06438077871248	0.512155015729665	1.6166065416953
PWY-6123	30	30	0.0141508058602149	0.0171030749193856	0.00404394649585874	0.00263318682799053	-0.865192047321899	-1.40567298249868	-0.324711112145115
PWY-6124	30	30	0.0132199080279227	0.0164301320296856	0.0043492096600475	0.00287564283988026	-0.870735186549982	-1.41151327592978	-0.329957097170182
PWY-6125	30	30	0.0142578521548503	0.0161148507990386	0.00282745637157949	0.0025613058233497	-0.688372492314753	-1.22030032738357	-0.156444657245933
PWY-6126	30	30	0.0166519041718201	0.0181905683666911	0.00240934191320456	0.00120958472630126	-0.80714336159202	-1.34461725449357	-0.269669468690469
PWY-6138	30	30	0	0	0	0	NA	NA	NA
PWY-6143	30	30	0	0.000346571722670577	0	0.000735417225691863	-0.666460362108921	-1.19745560277818	-0.135465121439666
PWY-6145	30	30	0	0	0	0	NA	NA	NA
PWY-6147	30	30	0.0188098698912959	0.0134312682083538	0.00567261883466225	0.00209425947503886	1.25792399160355	0.692272820876073	1.82357516233103
PWY-6148	30	30	0	0	0	0	NA	NA	NA
PWY-6151	30	30	0.0234158154347622	0.0178509899245252	0.00526245608469291	0.00220323590095906	1.37945153586154	0.804418148622758	1.95448492310032
PWY-6163	30	30	0.0215034485380525	0.0186325619195087	0.00425462235253121	0.00193093108293924	0.8689626804175	0.328279799389292	1.40964556144571
PWY-6165	30	30	0	0.000340402641831733	0	0.00109388746709251	-0.440083689801846	-0.963143667272484	0.0829762876687915
PWY-6167	30	30	0	0.00119474939524929	0	0.00266235610712408	-0.634637415286928	-1.16432922695544	-0.104945603618413
PWY-6168	30	30	0.0130034143489617	0.0139421689141272	0.00270918307257527	0.00235118233565844	-0.370097428988926	-0.891344434673055	0.151149576695203
PWY-6174	30	30	0	0	0	0	NA	NA	NA
PWY-6182	30	30	0.000422794822826765	0.000824495300360858	0.00120523366366176	0.00193529998220232	-0.249172601129098	-0.768015526525498	0.269670324267302
PWY-6185	30	30	0.000450184717952755	0.000883668680122435	0.0012666872805912	0.00207498801032569	-0.252168972916766	-0.771060233968881	0.266722288135349
PWY-6210	30	30	0.00020420931364407	0.000148484562922928	0.00060917203716649	0.000391509913167415	0.108828833028891	-0.408394839982134	0.626052506039915
PWY-6215	30	30	0.00022979429744945	0.000436596283303372	0.000639638253202492	0.000937080142962901	-0.257772860825445	-0.77675605871826	0.26121033706737
PWY-621	30	30	0.0056368764500441	0.00775967765438619	0.00297554922988611	0.00304906888750652	-0.70465650061785	-1.2372958321115	-0.172017169124196
PWY-622	30	30	0.00169740934967332	0.00179966768926878	0.00296431124141668	0.00387411194151307	-0.029645775030533	-0.546515396074352	0.487223846013286
PWY-6263	30	30	0.00198160931972548	0.00126085543659681	0.00253484832110639	0.0020430747421676	0.313081234160286	-0.206916652107419	0.833079120427991
PWY-6269	30	30	0	0	0	0	NA	NA	NA
PWY-6270	30	30	0.00423045141407235	0.00268185979877073	0.00364269683723833	0.00326266719263191	0.447840774998197	-0.0754390017074553	0.97112055170385
PWY-6277	30	30	0.023503896741608	0.0197143714191536	0.0046217667172448	0.00199771975592007	1.06438077871248	0.512155015729665	1.6166065416953
PWY-6281	30	30	0	5.97377465678246e-05	0	0.000327197113297244	-0.258198889747161	-0.777189159002044	0.260791379507722
PWY-6282	30	30	0.00724461276274448	0.0112673487017948	0.00445036566279964	0.00467717192034331	-0.881178424126048	-1.42252105575682	-0.339835792495277
PWY-6284	30	30	0.00191397899947254	0.00545354369043715	0.00271028227258389	0.00439491894942214	-0.969453766478735	-1.51581144030356	-0.423096092653913
PWY-6285	30	30	0.00191241708126414	0.0060165428723319	0.00331197319793224	0.00533642226651936	-0.92412568977236	-1.46785422003477	-0.380397159509949
PWY-6305	30	30	0.00791639775756584	0.0110126787676032	0.00245189328985602	0.00370211162220325	-0.986121483925593	-1.53347427124314	-0.438768696608044
PWY-6307	30	30	0	0	0	0	NA	NA	NA
PWY-6309	30	30	0	0	0	0	NA	NA	NA
PWY-6313	30	30	0	0	0	0	NA	NA	NA
PWY-6317	30	30	0.0102250007381111	0.0108544422822635	0.00256478341537104	0.00220577203660633	-0.263141971964847	-0.782215134633669	0.255931190703975
PWY-6318	30	30	0.00112915852658767	0.00183445440917831	0.00162127783840502	0.00266998347211181	-0.319315738809067	-0.839440195324215	0.200808717706081
PWY-6344	30	30	0.000274489011623776	0	0.0015034382345364	0	0.258198889747161	-0.260791379507722	0.777189159002044
PWY-6349	30	30	6.51905198944538e-05	0.000791941577084796	0.000357063182816816	0.00170946523608459	-0.588528428100916	-1.11643961433045	-0.0606172418713837
PWY-6350	30	30	0	0	0	0	NA	NA	NA
PWY-6351	30	30	0	0	0	0	NA	NA	NA
PWY-6352	30	30	0	0	0	0	NA	NA	NA
PWY-6353	30	30	0.00449876036441898	0.00894712419653531	0.00353217407357791	0.00450285015075548	-1.09925123419575	-1.65375327107884	-0.544749197312652
PWY-6385	30	30	0.0244460869248614	0.0203183061182989	0.00409651763904679	0.00227168051703239	1.24621687371644	0.681431641255085	1.8110021061778
PWY-6386	30	30	0.0244523085551713	0.0199959617294532	0.00401767942391832	0.00249824119858208	1.33209516116477	0.760802117953877	1.90338820437567
PWY-6387	30	30	0.0248403122055043	0.0204137707835492	0.00428525133035664	0.0027130813573039	1.23426575907322	0.670357513108719	1.79817400503772
PWY-6396	30	30	0	0.000127498903757849	0	0.000515925212575801	-0.349489954138578	-0.870261781008398	0.171281872731243
PWY-6415	30	30	0	0.000155248446049266	0	0.000591405499487598	-0.371241826683122	-0.892516005105305	0.150032351739061
PWY-6435	30	30	0.000400276068329845	0.000338651179270428	0.00126574549097439	0.000780664323583192	0.0586034145027535	-0.458348744271752	0.575555573277259
PWY-6467	30	30	4.30613628260487e-05	6.85804364670193e-05	0.000235856797767413	0.000375630520565364	-0.0813669862989145	-0.598422036068259	0.43568806347043
PWY-6470	30	30	0.00168458196906073	0.00238871614096082	0.00255428689113837	0.00271190172765127	-0.267297303575243	-0.786441355016312	0.251846747865826
PWY-6471	30	30	0.00272691783311606	0.00500949050793833	0.00368235859500646	0.00445830434976991	-0.558252759623276	-1.08506478787822	-0.0314407313683281
PWY-6478	30	30	0.000237356529640044	0.000748186460340338	0.000990159222434135	0.00110809669194457	-0.486141761260846	-1.01056162036116	0.0382780978394726
PWY-6507	30	30	0.00507779751815594	0.00623189060557818	0.00177062029574316	0.00288918512100051	-0.481656980093208	-1.0059386421568	0.0426246819703839
PWY-6519	30	30	0.00616090929404582	0.0106179318859736	0.00356812652226574	0.00394411662554228	-1.18511887197558	-1.74549570254509	-0.624742041406076
PWY-6524	30	30	0	0	0	0	NA	NA	NA
PWY-6527	30	30	0.0111929780897143	0.0108779112622225	0.00313783296408598	0.00322147663852839	0.099079805017516	-0.418078437943596	0.616238047978628
PWY-6531	30	30	0.0025244504845436	0.00629779768748518	0.00229865233062942	0.00321292036431196	-1.35078672668771	-1.92354338424661	-0.778030069128818
PWY-6545	30	30	0.0101723672742716	0.00942294990733459	0.00299045540376163	0.00273966321213701	0.261321156304701	-0.257721290726253	0.780363603335655
PWY-6549	30	30	0.0063666348037968	0.00491338144510304	0.00232853200031196	0.00351227300602924	0.48770566921414	-0.0367626737507631	1.01217401217904
PWY-6562	30	30	0.00078754525229841	0.000672463337351047	0.00149999045448561	0.00169786819979525	0.07183696265602	-0.445170941501358	0.588844866813398
PWY-6565	30	30	0	0	0	0	NA	NA	NA
PWY-6572	30	30	6.33153210086302e-05	0.00102112376595974	0.000346792295521075	0.00128623755988157	-1.0167978433173	-1.56602153964038	-0.46757414699422
PWY-6588	30	30	0.000620638299906594	0.00392487994357944	0.00123057445629829	0.0032121207656542	-1.35849206630639	-1.93185691367694	-0.785127218935848
PWY-6590	30	30	0.00138247343747205	0.00333544119565968	0.00230429288216011	0.00249395026443572	-0.813399357215081	-1.35118807329214	-0.275610641138017
PWY-6595	30	30	0.00178583151214937	0.00232486551149887	0.00230668331356009	0.00190240375485767	-0.254955360386206	-0.773892084104349	0.263981363331937
PWY-6596	30	30	0	0	0	0	NA	NA	NA
PWY-6598	30	30	0	0	0	0	NA	NA	NA
PWY-6606	30	30	0.00363629417639464	0.00662912937875845	0.00261722085496212	0.00387794684757855	-0.904672978871481	-1.44730806868636	-0.362037889056602
PWY-6608	30	30	0.00654413717192648	0.0102838580885667	0.00327496840188511	0.00495330136782985	-0.890654497729795	-1.43251469534483	-0.348794300114758
PWY-6609	30	30	0.0233715967896078	0.0205224095214076	0.00421879516755224	0.00269650134159034	0.804756396602655	0.267402031610219	1.34211076159509
PWY-6612	30	30	0.00163194885841307	0.00410830057261012	0.00202207715270899	0.00318860308126392	-0.927531570601456	-1.47145370959473	-0.383609431608186
PWY-6628	30	30	0.00619603640178273	0.00798293031689856	0.00371420134553449	0.00458758159432086	-0.428121695972268	-0.9508500795185	0.0946066875739655
PWY-6629	30	30	0.00535615439552562	0.00833125917688731	0.00503768725947139	0.00528910515580719	-0.57602076759623	-1.10347110659064	-0.0485704286018206
PWY-6630	30	30	0.00397600990296096	0.0060835999513962	0.00374122902688749	0.00388067962099323	-0.552942178236239	-1.07956716064422	-0.0263171958282573
PWY-6641	30	30	0	0	0	0	NA	NA	NA
PWY-6654	30	30	0	0	0	0	NA	NA	NA
PWY-6660	30	30	0	0	0	0	NA	NA	NA
PWY-6662	30	30	0	0	0	0	NA	NA	NA
PWY-6690	30	30	0.00154007955113195	0.00400443953641364	0.00209015203202509	0.00328851403870277	-0.894415857995497	-1.43648289081624	-0.352348825174759
PWY-6700	30	30	0.0244297864626249	0.0207718243834588	0.0041080459651704	0.00348790829117815	0.959940536722869	0.414144026304138	1.5057370471416
PWY-6703	30	30	0.0172566460752352	0.0153693754447717	0.00446814905409947	0.00287648075948962	0.502259761952453	-0.0226670293903558	1.02718655329526
PWY-6708	30	30	0.00112003146756155	0.00241665718797546	0.0013936755044203	0.00256348587068159	-0.628446239774893	-1.15789151713034	-0.0990009624194443
PWY-6731	30	30	0.0029916094981504	0.00463710394259586	0.00216742682822617	0.0029034293628515	-0.642270641100276	-1.17226957617401	-0.112271706026543
PWY-6737	30	30	0.016653440194864	0.0170033806425581	0.00426079662090446	0.00278684880201199	-0.0972039659414832	-0.614350322352237	0.419942390469271
PWY-6748	30	30	0	0	0	0	NA	NA	NA
PWY-6749	30	30	0.000108741121585288	0.00090769329668196	0.000419759965192906	0.00129182449172795	-0.831833761715853	-1.37056319593323	-0.293104327498479
PWY-6785	30	30	0	0	0	0	NA	NA	NA
PWY-6797	30	30	0	0.000186431595413511	0	0.000596305212799928	-0.442146211418584	-0.96526426519794	0.0809718423607729
PWY-6803	30	30	0.0032708148698504	0.00624971482435716	0.00241965284814086	0.00435469144931608	-0.845642929828425	-1.38508975940624	-0.306196100250615
PWY-6823	30	30	0.000608939119103117	0.00226023385043758	0.00140726952939754	0.00270361969209534	-0.76618299383121	-1.30165134992333	-0.23071463773909
PWY-6834	30	30	0	0.000140266208492663	0	0.000586749745512726	-0.338076626210779	-0.858596813567455	0.182443561145897
PWY-6837	30	30	0.00128083562477757	0.00261564695011516	0.00136782981158357	0.00278440129698745	-0.608499857793862	-1.13716654734015	-0.0798331682475765
PWY-6859	30	30	0.00298835859854951	0.00605948561653489	0.00306880432228411	0.00279437543385318	-1.04645213821659	-1.59753257425536	-0.495371702177833
PWY-6876	30	30	5.96699974130526e-05	0.000539460546825032	0.000326826035894038	0.00113058180193405	-0.57655006235282	-1.10401971080212	-0.0490804139035156
PWY-6891	30	30	0.00494438054318135	0.00867182585498603	0.00425280786496639	0.00444420014272499	-0.856971281739487	-1.39701471863262	-0.316927844846353
PWY-6892	30	30	0.0091934342013985	0.0115391147765139	0.00411958446440936	0.00283290191561993	-0.663507632793397	-1.19437938709311	-0.132635878493685
PWY-6895	30	30	0.00770796876004427	0.0108675648807741	0.00604401687535904	0.00474152744044403	-0.581668552112887	-1.10932580884178	-0.0540112953839946
PWY-6897	30	30	0.0181803890605679	0.013107070531709	0.00371703564662865	0.00190040500462874	1.71863908233744	1.11386526197247	2.32341290270242
PWY-6901	30	30	0.00723416863193177	0.0111702790043806	0.00380324654900315	0.00281390399455287	-1.17659132175407	-1.73636781169117	-0.616814831816981
PWY-6906	30	30	0	0	0	0	NA	NA	NA
PWY-6936	30	30	0.0116332007915834	0.0128776433449343	0.00287808258622348	0.00392101658478593	-0.361828949791535	-0.882882079247223	0.159224179664152
PWY-6953	30	30	0.000171764621179437	0.00162015374801229	0.000700633730867948	0.00233131284921185	-0.841439372706235	-1.38066667561987	-0.302212069792596
PWY-6957	30	30	0	0	0	0	NA	NA	NA
PWY-6969	30	30	0.00399111399689069	0.00817398600044699	0.00367364112545304	0.00419949945436707	-1.06020538237376	-1.61216288579393	-0.508247878953579
PWY-6981	30	30	0	0	0	0	NA	NA	NA
PWY-6992	30	30	0.000330004885798643	0	0.00127532503585417	0	0.365943874718375	-0.155205201446154	0.887092950882904
PWY-7003	30	30	0.000790907033120882	0.0016912517354789	0.00172871429026	0.00291521482367578	-0.375683233653951	-0.897063650460671	0.145697183152769
PWY-7007	30	30	0.000111946781819001	0	0.00061315777642376	0	0.258198889747161	-0.260791379507722	0.777189159002044
PWY-7013	30	30	0.00287322506722703	0.00411101761361308	0.00400252050332218	0.00471572895209463	-0.28300896789161	-0.802431001436025	0.236413065652804
PWY-7031	30	30	0	0	0	0	NA	NA	NA
PWY-7039	30	30	0	0.000639001494244642	0	0.00154692459593209	-0.584181402192354	-1.11193134478583	-0.0564314595988736
PWY-7046	30	30	0.00136160682801366	0.0028520426892364	0.00179114832318767	0.00247766008757354	-0.689432723839283	-1.2214064059615	-0.157459041717065
PWY-7090	30	30	0	0	0	0	NA	NA	NA
PWY-7094	30	30	0.00130799491556115	0.00316850669552879	0.0015761336315264	0.00326490907710731	-0.725749056586553	-1.25933324154712	-0.192164871625986
PWY-7111	30	30	0.0250465229588564	0.0204207421849716	0.00489211938501484	0.00335918148861619	1.10236212425561	0.547653912297957	1.65707033621327
PWY-7115	30	30	0.00514802222834904	0.00494474686329604	0.00248428004797674	0.00387671610988563	0.0624346851453846	-0.454532449862792	0.579401820153561
PWY-7117	30	30	0.00687811473271901	0.00865124100406839	0.00326033500030033	0.00535035522894866	-0.400222193188148	-0.922211937581197	0.121767551204902
PWY-7118	30	30	2.1038710837423e-05	0.000122115846410176	0.00011523376506485	0.000485230808362597	-0.286619540997545	-0.806107676478303	0.232868594483212
PWY-7124	30	30	0	0	0	0	NA	NA	NA
PWY-7159	30	30	0	0	0	0	NA	NA	NA
PWY-7165	30	30	0.000734846458096552	0.00133221155931995	0.00143342189584256	0.0027000438041484	-0.276354604666121	-0.795656984915391	0.24294777558315
PWY-7184	30	30	0.0112346791330792	0.0135501042820302	0.00318946077944401	0.00229928339625204	-0.832817667108452	-1.37159785644013	-0.294037477776774
PWY-7187	30	30	0.0115534621102821	0.0140559946719857	0.00264906019062477	0.00174489886182666	-1.11570257734367	-1.6713006587734	-0.560104495913935
PWY-7196	30	30	0.00173657243402522	0.00268855036343554	0.00294424819527568	0.00368658153448619	-0.285354261102079	-0.804819137576475	0.234110615372317
PWY-7197	30	30	0.00920135352334758	0.0110237149729352	0.00280548648846707	0.00215272771318073	-0.728799095619839	-1.26252207384632	-0.195076117393354
PWY-7198	30	30	0.00842524196601715	0.00912483062866491	0.00390858659010758	0.00253853314961946	-0.212283312877824	-0.730578190590032	0.306011564834384
PWY-7199	30	30	0.0195092535545104	0.0184107958443128	0.00297205972952474	0.00332828771191213	0.34814146279811	-0.17260020391385	0.868883129510071
PWY-7200	30	30	0	0.00160489364668002	0	0.00291481598912864	-0.778664028798536	-1.31473321682426	-0.242594840772815
PWY-7204	30	30	0.00110430764126406	0.00377745445615241	0.00182228183858983	0.00363061698774521	-0.930611303404945	-1.47470906468318	-0.38651354212671
PWY-7208	30	30	0.0132742644939872	0.0142201644102917	0.00296737132288078	0.00265632075479616	-0.335884799265278	-0.856357604139002	0.184588005608446
PWY-7209	30	30	0.00129589530008055	0.00131720147779478	0.00150630567494851	0.00159767448465095	-0.0137223512621249	-0.53056966588982	0.50312496336557
PWY-7210	30	30	0.00177471549749374	0.00497294989767645	0.00263540830593623	0.00369607405189175	-0.99637966128704	-1.54435241015652	-0.448406912417556
PWY-7211	30	30	0.0032588047547103	0.00770885695755995	0.00368817236686036	0.00395686740245082	-1.16344882070177	-1.72230732212533	-0.604590319278201
PWY-7218	30	30	0	0	0	0	NA	NA	NA
PWY-7219	30	30	0.0263758046891328	0.0217834169616357	0.00449365955846034	0.00276005805951338	1.23153298798894	0.667824279100101	1.79524169687778
PWY-7220	30	30	0.0130873103109813	0.0172170927798044	0.00268286608832412	0.00166845856075596	-1.84860335726689	-2.4660430137743	-1.23116370075948
PWY-7221	30	30	0.0252372115794219	0.0209332818848586	0.00434158425504679	0.00276594427762655	1.18238484643431	0.622200893617413	1.74256879925122
PWY-7222	30	30	0.0130873103109813	0.0172170927798044	0.00268286608832412	0.00166845856075596	-1.84860335726689	-2.4660430137743	-1.23116370075948
PWY-7224	30	30	0	0	0	0	NA	NA	NA
PWY-7228	30	30	0.0148331395668524	0.0163296461882687	0.00298785852207144	0.00296919583021098	-0.502429284323353	-1.02736149258126	0.022502923934553
PWY-7229	30	30	0.0182188629360648	0.019047018959708	0.00227846004288654	0.00116221849849816	-0.457896697675779	-0.981466986394552	0.065673591042993
PWY-7234	30	30	0.00696207543986982	0.0100689129551038	0.0037626350518288	0.0029482729732752	-0.919163869085082	-1.46261149463254	-0.375716243537624
PWY-7235	30	30	0	0	0	0	NA	NA	NA
PWY-7237	30	30	0.0186248089890509	0.011087200557653	0.00510742077228997	0.00246574137962247	1.87954425734747	1.25899336428598	2.50009515040896
PWY-7238	30	30	0	0	0	0	NA	NA	NA
PWY-7242	30	30	0.00545916498798191	0.00618838551518058	0.00205776385266812	0.00282893961582854	-0.294802547332347	-0.814443565815671	0.224838471150977
PWY-7245	30	30	0.000128721297155473	0.000489010541864286	0.00070503558083378	0.00123028395345956	-0.359331664176199	-0.880327085557822	0.161663757205424
PWY-724	30	30	0.0151279013461106	0.0158750159403554	0.00289078907882961	0.00143351035082018	-0.327448647197943	-0.847741917749312	0.192844623353425
PWY-7254	30	30	0.00353842626066158	0.00608537636494798	0.00310199526348994	0.00460991399162506	-0.648248057742914	-1.17848993203656	-0.118006183449271
PWY-7268	30	30	0.00049631030700776	0.000441132662458805	0.00170783158180955	0.00112266829235601	0.0381805457997214	-0.478707773262451	0.555068864861894
PWY-7269	30	30	0.00157925321611747	0.00327461442078038	0.00215340451838112	0.00302521301461279	-0.645668846761584	-1.17580563221572	-0.115532061307444
PWY-7279	30	30	0.000441710355547362	0.000784450723952313	0.000947747208644827	0.00173503021501777	-0.245172730837249	-0.763952026310141	0.273606564635642
PWY-7282	30	30	0.00794606114890129	0.00999336822509969	0.00491580441705133	0.00391694051496335	-0.460636028117845	-0.984286544679479	0.0630144884437894
PWY-7283	30	30	0	0	0	0	NA	NA	NA
PWY-7286	30	30	0	0.000842506673572435	0	0.00184546564615395	-0.645628037909617	-1.17576316382445	-0.115492911994785
PWY-7288	30	30	6.41373302484854e-05	0.00128761471281715	0.000351294625552539	0.0018269412710664	-0.930041802134983	-1.47410704791069	-0.385976556359277
PWY-7290	30	30	0	0	0	0	NA	NA	NA
PWY-7294	30	30	6.70760021997612e-05	0.00101251436763905	0.000367390394720753	0.00191344541437107	-0.686231850176011	-1.21806732159305	-0.15439637875897
PWY-7312	30	30	0.000745334749845196	0.00156936352091939	0.00241146967008184	0.00252930813642244	-0.333467537533714	-0.853888438937018	0.18695336386959
PWY-7315	30	30	0.00288016186217238	0.00475022040760095	0.0027754264255065	0.00387981084070251	-0.554399670608807	-1.08107581646111	-0.0277235247565
PWY-7316	30	30	0.000383212491759536	0.00172652136808878	0.00103795149729738	0.00223391115874342	-0.771220823306698	-1.30693061095539	-0.235511035658009
PWY-7317	30	30	0	0	0	0	NA	NA	NA
PWY-7323	30	30	0.00519835568533125	0.00839062727206182	0.00318287618507648	0.0026607508177854	-1.08822992381519	-1.64200559843394	-0.534454249196441
PWY-7328	30	30	0.00408532824525909	0.00536115480641396	0.00298775659864692	0.00377140114660114	-0.374998625005757	-0.896362585036236	0.146365335024723
PWY-7332	30	30	0.00124179243854535	0.00516190693475215	0.00268875212729396	0.00360466430272909	-1.23279548936726	-1.79659633535738	-0.66899464337715
PWY-7337	30	30	0	0	0	0	NA	NA	NA
PWY-7338	30	30	0	0	0	0	NA	NA	NA
PWY-7345	30	30	0.000906866234555238	0.00136950816703308	0.0021398774825239	0.00285018789149682	-0.183574723330085	-0.701503397802644	0.334353951142474
PWY-7347	30	30	0	0	0	0	NA	NA	NA
PWY-7357	30	30	0.017707301017368	0.0122586972391752	0.00352235749105125	0.00208529489511843	1.88244408495016	1.26159976231902	2.50328840758131
PWY-7371	30	30	0.00224233294135586	0.00101462276763169	0.00243533561186924	0.00173758968001608	0.580359978701467	0.0527508365961279	1.10796912080681
PWY-7373	30	30	0	0	0	0	NA	NA	NA
PWY-7374	30	30	0	0	0	0	NA	NA	NA
PWY-7383	30	30	0.00445994270415772	0.0072648556960586	0.00341265895071224	0.00402291724948698	-0.751929242424022	-1.28672249956839	-0.217135985279652
PWY-7384	30	30	0	0.000217799529453426	0	0.00089251753422377	-0.34510812014399	-0.865782363370441	0.175566123082461
PWY-7385	30	30	0.000918112092373884	0.00239424413599673	0.00195864555807507	0.00275700699806074	-0.617272501564392	-1.14627867039478	-0.0882663327340091
PWY-7388	30	30	0.00659907944537593	0.0110946144847756	0.00412246505348508	0.00497144082811991	-0.984411303301987	-1.53166129054693	-0.437161316057041
PWY-7389	30	30	0	0.000263955895346174	0	0.0010727438288811	-0.347976839406519	-0.86871483204258	0.172761153229541
PWY-7391	30	30	0	9.7627441504697e-05	0	0.000392907429836403	-0.351395879414182	-0.872210529781843	0.16941877095348
PWY-7392	30	30	0.00234548039224264	0.00170968034648999	0.00304325923618037	0.00232868199118194	0.234644622359407	-0.28397207853768	0.753261323256493
PWY-7397	30	30	0	0	0	0	NA	NA	NA
PWY-7399	30	30	0	3.07389471984938e-05	0	0.000168364147745753	-0.258198889747161	-0.777189159002044	0.260791379507722
PWY-7400	30	30	0.0154532551437024	0.0151362877220255	0.00373311878167659	0.00343248495417196	0.0883913855322489	-0.428702166101323	0.605484937165821
PWY-7409	30	30	0.000639687437425171	0.00105835252393147	0.00131022371530545	0.00222086172178755	-0.229618258686919	-0.748159832392718	0.288923315018879
PWY-7411	30	30	0	0	0	0	NA	NA	NA
PWY-7413	30	30	0	0	0	0	NA	NA	NA
PWY-7420	30	30	0	0	0	0	NA	NA	NA
PWY-7431	30	30	0	0	0	0	NA	NA	NA
PWY-7446	30	30	0.000800179886129928	0.00264311124162401	0.00129787422073048	0.00288894176453272	-0.82293150337771	-1.36120422358282	-0.284658783172606
PWY-7456	30	30	0.00554485507503318	0.00681262163804928	0.00240610650930281	0.00205487053142778	-0.566627058282442	-1.09373753559428	-0.0395165809705986
PWY-7527	30	30	0	0	0	0	NA	NA	NA
PWY-7528	30	30	0	0	0	0	NA	NA	NA
PWY-7539	30	30	0.0185669066532784	0.0130695173699742	0.00572606014943481	0.00220064593549348	1.26736256618127	0.701008334630634	1.83371679773192
PWY-7546	30	30	0	0	0	0	NA	NA	NA
PWY-7560	30	30	0.00506529560738304	0.00318848248200443	0.003612168951501	0.00375761217151103	0.509227537807484	-0.0159233616039623	1.03437843721893
PWY-7616	30	30	0.000427981435890703	0.000908434872004758	0.000844048352357843	0.001325134683638	-0.432472575053962	-0.955320534603897	0.090375384495974
PWY-7619	30	30	0	0	0	0	NA	NA	NA
PWY-7626	30	30	0	0	0	0	NA	NA	NA
PWY-7663	30	30	0.014025496378105	0.0159858885380588	0.0028972464438078	0.00313305486132827	-0.649683968855301	-1.17998452121307	-0.119383416497535
PWY-7664	30	30	0.00752778694650475	0.0115972682917972	0.00453723578018677	0.00465420646922004	-0.885421840061964	-1.42699561604118	-0.343848064082753
PWY-821	30	30	0.00430363882066382	0.00581730880025786	0.00342880210096324	0.00416641556769457	-0.396718596389728	-0.918619028809506	0.12518183603005
PWY-841	30	30	0.014478224248815	0.0160880081804821	0.00314119468678447	0.00179604741029889	-0.629165384247786	-1.15863917994295	-0.0996915885526223
PWY-922	30	30	5.71060746663165e-05	0.000325741853988994	0.000312782852653158	0.00102346933676713	-0.354989035057725	-0.875885042375096	0.165906972259646
PWY0-1061	30	30	0.00677400348725982	0.00658293955971652	0.00329136113762683	0.00510000437710488	0.0445159452830693	-0.472389295774935	0.561421186341074
PWY0-1241	30	30	0.00725811346952717	0.00687401149134523	0.00487564735573286	0.00231459000545214	0.100646061730782	-0.416522279893614	0.617814403355178
PWY0-1261	30	30	0.00888883602718373	0.0115861733563495	0.00377370153708351	0.00348719372323857	-0.742398777328195	-1.27674725055778	-0.208050304098613
PWY0-1277	30	30	0.0015709882397603	0.00421040221372059	0.00229467429492523	0.00359925626031294	-0.874472645147664	-1.41545206890787	-0.333493221387461
PWY0-1296	30	30	0.0137970979472664	0.0138568055917322	0.00472832873036244	0.00275465141727986	-0.0154305479549451	-0.532279471193555	0.501418375283665
PWY0-1297	30	30	0.00505230778026496	0.00822195132303513	0.00353085227271028	0.00487208452334096	-0.744983050620568	-1.27945160694293	-0.210514494298211
PWY0-1298	30	30	0.00464686796373216	0.00760256051810744	0.00307027502883277	0.00443290979586581	-0.775170757404481	-1.3110708705306	-0.239270644278364
PWY0-1319	30	30	0.0165143997361699	0.0178310006433315	0.00420733283358363	0.00225315701993061	-0.390128666404011	-0.911863198613233	0.13160586580521
PWY0-1338	30	30	0.00145812934140509	0.00253325676877521	0.00167675650685207	0.00290578799046493	-0.453210483167072	-0.976644606274204	0.0702236399400604
PWY0-1415	30	30	0.00245069216510311	0.00504046380240062	0.00190823601981934	0.00373026124134228	-0.874099837662835	-1.41505914318629	-0.333140532139384
PWY0-1479	30	30	0.00546139273623082	0.0079620656211164	0.00335640229488894	0.0046999516010254	-0.612338451120116	-1.14115311345355	-0.0835237887866804
PWY0-1533	30	30	0.000378498146748192	0.00115544294903314	0.000828663979288658	0.00164869159359146	-0.595463335782339	-1.12363412880503	-0.0672925427596506
PWY0-1586	30	30	0.0202722377501087	0.0188527554402594	0.00331278120492587	0.0056613142210498	0.306044481516842	-0.213813509717512	0.825902472751197
PWY0-162	30	30	0.00944786483062694	0.0149681261280782	0.00471873649849005	0.00200585215262596	-1.52257966615518	-2.1095486567514	-0.935610675558955
PWY0-166	30	30	0.0121839459117431	0.0147022974896202	0.00335607787665046	0.00193176732633255	-0.919725777633196	-1.46320514598199	-0.376246409284404
PWY0-321	30	30	0.000173501044938079	0.000395658537840072	0.000589614533938843	0.000873060960563369	-0.298220714275005	-0.817926854901482	0.221485426351471
PWY0-41	30	30	0.000535066309069426	0.00188154969333699	0.00103447717304909	0.00212131965203548	-0.806831671093024	-1.34428993742538	-0.26937340476067
PWY0-42	30	30	0.00098702090200971	0.00345359460514443	0.00155569813319432	0.00296781601612479	-1.04101120971431	-1.59174744893114	-0.490274970497478
PWY0-781	30	30	0.00576897620815187	0.00783350492069768	0.00349121412353427	0.00526039542766618	-0.46245070603631	-0.986154626465052	0.0612532143924331
PWY0-845	30	30	0.00641467048158796	0.0100062565353458	0.00451326988041405	0.00395013366650322	-0.846860689257333	-1.3863713027411	-0.307350075773571
PWY0-862	30	30	0.0073022282397969	0.0111859034396165	0.00429340859202086	0.0045908503601332	-0.873792731611559	-1.41473547030226	-0.332849992920854
PWY0-881	30	30	0.00132230693330839	0.00375153968781377	0.00247796794944369	0.00458554783996711	-0.659111206202688	-1.18980006035533	-0.128422352050044
PWY1F-823	30	30	0	0	0	0	NA	NA	NA
PWY1G-0	30	30	0	0.000182777077338851	0	0.000561629823570373	-0.460242335459114	-0.983881293103195	0.0633966221849657
PWY3DJ-35471	30	30	0.00110994418953545	0.00157901535561243	0.00231898185065604	0.0034026557654665	-0.161099918870478	-0.678778826748266	0.356578989007311
PWY3O-1109	30	30	0	0.000248162870871717	0	0.000650898929334333	-0.539185550701618	-1.06533402005058	-0.0130370813526597
PWY3O-19	30	30	0	0	0	0	NA	NA	NA
PWY3O-355	30	30	0.001102199048314	0.00311594427352095	0.0014759853761397	0.00204698818573123	-1.1284812524517	-1.68494040978288	-0.572022095120515
PWY490-3	30	30	0.000296440147536646	0	0.000783292312696253	0	0.535214849275274	0.0092017664024252	1.06122793214812
PWY4FS-7	30	30	0.0112690813505248	0.0108280966764978	0.00239589223125761	0.00344724651785331	0.148555459150101	-0.368998158557521	0.666109076857723
PWY4FS-8	30	30	0.0112690813505248	0.0108270207669776	0.00239589223125761	0.00344582577967045	0.148959295940039	-0.368598197481737	0.666516789361814
PWY4LZ-257	30	30	0.0028886608604139	0.00718841861457076	0.00284510801134416	0.00470105548400968	-1.10661006832702	-1.66160063058355	-0.551619506070484
PWY5F9-12	30	30	0	0.000217627349617128	0	0.000711344435893177	-0.432661779360669	-0.955514965655587	0.090191406934249
PWY66-367	30	30	0	0.000197521031276014	0	0.000776896497067687	-0.359554872931963	-0.880555436287282	0.161445690423357
PWY66-388	30	30	0	0.000272957043154898	0	0.000723403501636156	-0.533615819527879	-1.05957465416448	-0.00765698489127697
PWY66-389	30	30	0.0027776775998373	0.00532816243261009	0.002919991241392	0.00319345163148194	-0.833552263196563	-1.37237038293057	-0.294734143462556
PWY66-391	30	30	8.05615151377723e-05	0.00168457684682577	0.000441253591077518	0.00236579494202301	-0.942585690380921	-1.48737127942485	-0.397800101336991
PWY66-398	30	30	0.00202286260708009	0.00200868179600859	0.00284348722898355	0.00319119643444141	0.00469198750495693	-0.512149955621386	0.5215339306313
PWY66-399	30	30	0.00503278191633594	0.00755139798226075	0.00375280709042658	0.00387338206353656	-0.66043505521887	-1.19117886281981	-0.129691247617929
PWY66-400	30	30	0.0129873516071331	0.0150302937585143	0.00313431521596446	0.00272653787471573	-0.695467086315577	-1.22770297702333	-0.163231195607827
PWY66-409	30	30	0.00569111596689988	0.00804748052838493	0.00456111245623853	0.00541000574851397	-0.470934389581118	-0.994890686669674	0.0530219075074374
PWY66-422	30	30	0.010807799154954	0.0111496672264167	0.00234297557983856	0.00264335299025551	-0.136874034877435	-0.654320085659987	0.380572015905118
PWYG-321	30	30	0.00651015751180588	0.0118715398280844	0.00500399948159754	0.00489539479179044	-1.08310863292036	-1.636548957041	-0.529668308799733
PYRIDNUCSAL-PWY	30	30	0.00519124155309564	0.00764019617588173	0.00371457100291489	0.00384910778806801	-0.6474540699184	-1.17766355110679	-0.117244588730013
PYRIDNUCSYN-PWY	30	30	0.0177642360091596	0.0150856666561898	0.00296903890793926	0.00217075111107312	1.02993897015796	0.47989828377854	1.57997965653737
PYRIDOXSYN-PWY	30	30	0.00657603593808194	0.0102997473429402	0.00426842133319279	0.0037871612917763	-0.922859104714316	-1.46651579956723	-0.379202409861399
REDCITCYC	30	30	0.00187624058635762	0.00368243556864142	0.00230321445284238	0.00277069316024583	-0.708951563727423	-1.24178117037833	-0.176121957076519
RHAMCAT-PWY	30	30	0.011814569680686	0.0108302894305922	0.00380246545829648	0.00236752765184032	0.310760462214483	-0.209190938390978	0.830711862819944
RIBOSYN2-PWY	30	30	0.0228879854895324	0.0163000039060894	0.00500949492906221	0.00278263260581817	1.62584249932344	1.02969790025201	2.22198709839487
RUMP-PWY	30	30	0	0.000553513773022054	0	0.00131464996830141	-0.595433540214122	-1.12360321161555	-0.0672638688126888
SALVADEHYPOX-PWY	30	30	0.004612316546141	0.00889961425931864	0.00296226018793634	0.00534205889474584	-0.992592542918248	-1.5403357488545	-0.444849336981992
SER-GLYSYN-PWY	30	30	0.0137859250492864	0.0152663904426925	0.00357833167548342	0.0016019059856554	-0.534033384573996	-1.06000637028598	-0.00806039886201015
SO4ASSIM-PWY	30	30	0.00643180211918862	0.00823814967060503	0.00308347227242014	0.00474373562129293	-0.451510498037918	-0.974895562852474	0.0718745667766378
SPHINGOLIPID-SYN-PWY	30	30	0	0	0	0	NA	NA	NA
SUCSYN-PWY	30	30	0	0	0	0	NA	NA	NA
SULFATE-CYS-PWY	30	30	0.00730110597444822	0.00918288491452272	0.00295760274767783	0.00432191714442228	-0.508158673557817	-1.03327500030057	0.016957653184932
TCA-GLYOX-BYPASS	30	30	0.00364749420684185	0.00732491385295481	0.00329857660038852	0.00549163408064741	-0.811823546726842	-1.3495327509893	-0.274114342464387
TCA	30	30	0.00712987369117684	0.0102418046780892	0.00271717983277097	0.0048461301889365	-0.792118942959509	-1.32884594665105	-0.255391939267972
TEICHOICACID-PWY	30	30	0.0022559350758511	0.00351802843052747	0.00261157825341556	0.00197605594219358	-0.545010704356958	-1.07135953720905	-0.0186618715048642
THISYN-PWY	30	30	0.0131729523964864	0.0134115437234162	0.00411596398608642	0.00217791960905809	-0.0724594462137647	-0.589470250914287	0.444551358486757
THISYNARA-PWY	30	30	0.0122017957723615	0.0126033443862508	0.00325948763443659	0.00236718121271826	-0.140968869917505	-0.658451627756917	0.376513887921907
THREOCAT-PWY	30	30	0.00146977455860977	0.0020344611076173	0.00228392430657935	0.00295823570977424	-0.213679858021303	-0.731993897538182	0.304634181495577
THRESYN-PWY	30	30	0.0141871489550059	0.0154207382165791	0.00323281660495058	0.00184779160238968	-0.468509926577664	-0.992393643836569	0.0553737906812413
TRIGLSYN-PWY	30	30	0	0	0	0	NA	NA	NA
TRNA-CHARGING-PWY	30	30	0.0219017729218746	0.020796450554996	0.00279803384596394	0.00268286091538935	0.403247447037135	-0.118820034988188	0.925314929062458
TRPSYN-PWY	30	30	0.0140163496285519	0.0118506825007833	0.00290755653024889	0.00210972465211164	0.85257123297489	0.312760389038893	1.39238207691089
TYRFUMCAT-PWY	30	30	0	0.000197616086319696	0	0.00081570366428488	-0.342613821235456	-0.863233058147469	0.178005415676557
UBISYN-PWY	30	30	0.000995553379934397	0.00255868474352954	0.00147884784868738	0.00268033630953851	-0.722126059554499	-1.25554608832383	-0.188706030785172
UDPNACETYLGALSYN-PWY	30	30	0	0.000120550028825175	0	0.000477768722550107	-0.356832663300077	-0.877770730720878	0.164105404120725
UDPNAGSYN-PWY	30	30	0.0131444493910387	0.0125768411026004	0.00507020308155192	0.00336770332595331	0.131880044787543	-0.385522699786523	0.649282789361608
UNINTEGRATED	30	30	0.93837944106638	0.954484372543117	0.0577025102972292	0.105024362941438	-0.190064605518727	-0.708071439351553	0.327942228314099
UNMAPPED	30	30	0.587767470779391	0.568472031977125	0.0611079383455266	0.105890320615812	0.22319965027605	-0.29524833667011	0.74164763722221
URDEGR-PWY	30	30	0.000188803277413832	0.00133807439523813	0.000591133179618734	0.00162023728284597	-0.942372646251924	-1.48714592850149	-0.397599364002356
URSIN-PWY	30	30	0.00025160571208639	0.000828807778459372	0.0010621519952644	0.00188269559824699	-0.377623036799533	-0.899050243209596	0.143804169610529
VALDEG-PWY	30	30	0	0	0	0	NA	NA	NA
VALSYN-PWY	30	30	0.0255893639837851	0.0201206087550609	0.00542337468881834	0.00312859323294786	1.23524873997687	0.671268629436473	1.79922885051726
