Row.names	des	I2	Q_test	model_p	Coefficient	C.lower	C.upper	fdr
P163-PWY	L-lysine_fermentation_to_acetate_and_butanoate	48.93735437	0.041984776	5.70E-10	-0.564549128	-0.743056238	-0.386042017	3.14E-07
PWY-7357	thiamin_formation_from_pyrithiamine_and_oxythiamine_(yeast)	81.49201589	1.74E-05	0.000198092	0.558189505	0.264208621	0.852170388	0.002275709
PWY-6588	pyruvate_fermentation_to_acetone	59.25950597	0.004790032	6.54E-08	-0.551389364	-0.751398438	-0.35138029	1.20E-05
PWY-6151	S-adenosyl-L-methionine_cycle_I	48.17890265	0.000300556	1.16E-05	0.5490532	0.303676234	0.794430166	0.000374901
PWY-5088	L-glutamate_degradation_VIII_(to_propanoate)	49.38500906	0.033719911	1.08E-08	-0.521983869	-0.700905915	-0.343061822	2.97E-06
VALSYN-PWY	L-valine_biosynthesis	63.37134599	0.006717974	5.33E-06	0.487664575	0.277661963	0.697667186	0.000244695
ILEUSYN-PWY	L-isoleucine_biosynthesis_I_(from_threonine)	63.37134599	0.006717974	5.33E-06	0.487664575	0.277661963	0.697667186	0.000244695
P162-PWY	L-glutamate_degradation_V_(via_hydroxyglutarate)	69.48263853	2.87E-05	5.61E-05	-0.471187908	-0.700422673	-0.241953143	0.000909039
PWY-7237	"myo-,_chiro-_and_scillo-inositol_degradation"	83.87419017	2.78E-05	0.003227997	0.47017351	0.157278197	0.783068823	0.013175012
HISDEG-PWY	L-histidine_degradation_I	80.81408054	9.26E-06	0.001373985	-0.469645541	-0.757292656	-0.181998426	0.007647126
PWY-7111	pyruvate_fermentation_to_isobutanol_(engineered)	52.46808985	0.031541603	1.07E-06	0.458327515	0.274180297	0.642474733	8.73E-05
PWY-1042	glycolysis_IV_(plant_cytosol)	58.84256451	0.01413209	7.33E-06	0.452711789	0.254827157	0.650596421	0.000310612
TRPSYN-PWY	L-tryptophan_biosynthesis	80.041838	1.47E-05	0.001954731	0.445281794	0.163483572	0.727080017	0.009617229
GLUTORN-PWY	L-ornithine_biosynthesis	59.53096816	0.00584365	1.45E-05	0.440614765	0.241435542	0.639793989	0.00038553
PWY-5918	superpathay_of_heme_biosynthesis_from_glutamate	65.36198281	0.003479797	7.77E-05	-0.433860313	-0.649064514	-0.218656113	0.001157194
PWY-6386	UDP-N-acetylmuramoyl-pentapeptide_biosynthesis_II_(lysine-containing)	78.64835791	6.44E-05	0.001972317	0.430072921	0.157666069	0.702479774	0.009617229
HISTSYN-PWY	L-histidine_biosynthesis	50.17499716	0.028216836	3.71E-06	0.423919264	0.244358274	0.603480254	0.000204214
COMPLETE-ARO-PWY	superpathway_of_aromatic_amino_acid_biosynthesis	60.16122931	0.009356012	7.44E-05	0.405128172	0.204696875	0.60555947	0.001139296
PWY-6387	UDP-N-acetylmuramoyl-pentapeptide_biosynthesis_I_(meso-diaminopimelate_containing)	77.11515141	0.000147965	0.002939241	0.399032785	0.136058971	0.6620066	0.012457859
PWY-5845	superpathway_of_menaquinol-9_biosynthesis	62.37583182	0.007884083	0.000153705	-0.398497512	-0.604848775	-0.192146249	0.00188562
PWY-5189	tetrapyrrole_biosynthesis_II_(from_glycine)	55.6537832	0.020395429	4.14E-05	-0.397583886	-0.587678213	-0.20748956	0.000815549
PWY-5677	succinate_fermentation_to_butanoate	52.63201214	0.017500733	2.57E-05	-0.394548703	-0.578287379	-0.210810026	0.000566081
P108-PWY	pyruvate_fermentation_to_propanoate_I	37.94113596	0.114105933	1.40E-06	-0.39297359	-0.552582408	-0.233364772	9.61E-05
PWY-5862	superpathway_of_demethylmenaquinol-9_biosynthesis	63.55003324	0.006600773	0.000243626	-0.392210116	-0.601734569	-0.182685664	0.002397107
PWY-5920	superpathway_of_heme_biosynthesis_from_glycine	58.61363489	0.012887535	0.000116393	-0.386710487	-0.583393666	-0.190027309	0.001603312
PWY4LZ-257	superpathway_of_fermentation_(Chlamydomonas_reinhardtii)	53.18414103	0.021861136	4.71E-05	-0.383873179	-0.568758861	-0.198987498	0.000895474
METHGLYUT-PWY	superpathway_of_methylglyoxal_degradation	69.8321574	0.001412464	0.001254469	-0.378016424	-0.60766716	-0.148365688	0.007200127
PWY-6737	starch_degradation_V	41.4541609	0.086163991	8.08E-06	0.37451748	0.210043852	0.538991108	0.00031813
P42-PWY	incomplete_reductive_TCA_cycle	51.53378496	0.026242721	5.22E-05	-0.374465068	-0.555881012	-0.193049123	0.000898598
PWY-6285	superpathway_of_fatty_acids_biosynthesis_(E._coli)	67.11349741	0.006052101	0.000874364	-0.373836364	-0.593992889	-0.153679838	0.005474709
BIOTIN-BIOSYNTHESIS-PWY	biotin_biosynthesis_I	65.22861534	0.008413117	0.000688387	-0.370998778	-0.58523251	-0.156765045	0.004993469
PWY-6163	chorismate_biosynthesis_from_3-dehydroquinate	62.63480852	0.007496894	0.00043797	0.370684876	0.164054444	0.577315308	0.003447449
ARO-PWY	chorismate_biosynthesis_I	59.07254337	0.009910624	0.00024021	0.369919139	0.172497072	0.567341206	0.002397107
P161-PWY	acetylene_degradation	48.30413157	0.039103699	3.93E-05	-0.368426891	-0.544065482	-0.1927883	0.000806936
PWY-5097	L-lysine_biosynthesis_VI	72.33787642	0.001044264	0.002729848	0.366037252	0.126628103	0.6054464	0.011751144
PWY-6385	peptidoglycan_biosynthesis_III_(mycobacteria)	74.60702608	0.000525525	0.00411867	0.365356238	0.115755916	0.61495656	0.015833103
PEPTIDOGLYCANSYN-PWY	peptidoglycan_biosynthesis_I_(meso-diaminopimelate_containing)	77.35345717	0.000147145	0.007046332	0.36283548	0.098925374	0.626745586	0.023248676
NAD-BIOSYNTHESIS-II	NAD_salvage_pathway_II	76.94405019	0.000293745	0.006628254	-0.362280937	-0.623815534	-0.10074634	0.022405937
PWY-6519	8-amino-7-oxononanoate_biosynthesis_I	63.65489448	0.010506948	0.000708213	-0.362042844	-0.57158549	-0.152500199	0.005067865
PWY-7400	L-arginine_biosynthesis_IV_(archaebacteria)	63.25442819	0.005480859	0.000717714	0.359370377	0.151149556	0.567591198	0.005070008
PWY-5136	fatty_acid_&beta;-oxidation_II_(peroxisome)	63.44022054	0.004309959	0.000826239	-0.356121557	-0.564858517	-0.147384597	0.005293695
ARGSYN-PWY	L-arginine_biosynthesis_I_(via_L-ornithine)	63.62005768	0.005211589	0.000861654	0.355699745	0.146480369	0.56491912	0.005457145
ARGSYNBSUB-PWY	L-arginine_biosynthesis_II_(acetyl_cycle)	68.60731395	0.001828351	0.001968777	0.355219388	0.130263278	0.580175499	0.009617229
PWY-6969	TCA_cycle_V_(2-oxoglutarate:ferredoxin_oxidoreductase)	63.22844447	0.0091462	0.000920329	-0.351929166	-0.560078626	-0.143779706	0.005634457
PWY66-422	D-galactose_degradation_V_(Leloir_pathway)	64.46903375	0.003106147	0.001129125	0.351447692	0.139905433	0.562989951	0.006618592
PWY-5840	superpathway_of_menaquinol-7_biosynthesis	55.30673659	0.023797088	0.000319711	-0.347099549	-0.536136453	-0.158062645	0.002887881
PWY-7204	pyridoxal_5'-phosphate_salvage_II_(plants)	56.91330138	0.019002288	0.000422508	-0.346149594	-0.538581741	-0.153717447	0.003381227
PWY-7316	dTDP-N-acetylviosamine_biosynthesis	37.43938727	0.100250088	1.91E-05	-0.345908029	-0.504497749	-0.187318309	0.000438866
REDCITCYC	TCA_cycle_VIII_(helicobacter)	59.65327814	0.010633025	0.000663233	-0.345249943	-0.544018795	-0.146481092	0.004938396
PWY-5850	superpathway_of_menaquinol-6_biosynthesis_I	50.49629235	0.041243258	0.000211562	-0.339038254	-0.518401193	-0.159675315	0.002275709
PWY-5896	superpathway_of_menaquinol-10_biosynthesis	50.57650395	0.040899571	0.000214767	-0.338967529	-0.518477805	-0.159457253	0.002275709
PWY-5723	Rubisco_shunt	60.21523548	0.01278471	0.000910417	-0.338736624	-0.538900497	-0.138572751	0.005634457
PWY-5392	reductive_TCA_cycle_II	18.62371687	0.226807286	1.11E-06	-0.337649598	-0.4735074	-0.201791797	8.73E-05
PYRIDOXSYN-PWY	pyridoxal_5'-phosphate_biosynthesis_I	58.49154545	0.016784513	0.000774586	-0.336037874	-0.531956062	-0.140119686	0.005204838
FAO-PWY	fatty_acid_&beta;-oxidation_I	63.38427829	0.005068375	0.001601977	-0.335527138	-0.543928791	-0.127125485	0.008487399
PWY-5971	palmitate_biosynthesis_II_(bacteria_and_plants)	49.10880687	0.04891783	0.000213748	-0.334029435	-0.510866941	-0.157191929	0.002275709
PWY-6834	spermidine_biosynthesis_III	0	1	0.19933537	-0.333682841	-0.843252879	0.175887198	0.31928427
PWY-6700	queuosine_biosynthesis	71.1265595	0.002000105	0.005266098	0.333463637	0.099231029	0.567696245	0.018364683
PWY-5860	superpathway_of_demethylmenaquinol-6_biosynthesis_I	51.29411917	0.03838486	0.000301674	-0.333387499	-0.514199087	-0.152575911	0.002817326
PWY-5675	nitrate_reduction_V_(assimilatory)	70.3099913	0.00193091	0.004999221	-0.330721003	-0.561637238	-0.099804769	0.017896187
PWY-6277	superpathway_of_5-aminoimidazole_ribonucleotide_biosynthesis	78.2865523	0.00023427	0.016720614	0.328469441	0.059416526	0.597522356	0.043253794
PWY-6122	5-aminoimidazole_ribonucleotide_biosynthesis_II	78.2865523	0.00023427	0.016720614	0.328469441	0.059416526	0.597522356	0.043253794
BRANCHED-CHAIN-AA-SYN-PWY	superpathway_of_branched_amino_acid_biosynthesis	79.69520616	0.000173659	0.020750568	0.327936038	0.049992272	0.605879804	0.051970741
HEME-BIOSYNTHESIS-II	heme_biosynthesis_I_(aerobic)	55.74193057	0.02341322	0.000737998	-0.326681737	-0.516392317	-0.136971157	0.005147303
PWY-5838	superpathway_of_menaquinol-8_biosynthesis_I	56.29127579	0.021471114	0.000818608	-0.326136646	-0.51715126	-0.135122031	0.005293695
PWY-6953	"dTDP-3-acetamido-3,6-dideoxy-&alpha;-D-galactose_biosynthesis"	36.33907491	0.132170978	5.22E-05	-0.323885129	-0.480794603	-0.166975655	0.000898598
PWY-7221	guanosine_ribonucleotides_de_novo_biosynthesis	78.36838099	0.000153223	0.01884685	0.322886255	0.053423651	0.592348859	0.047635847
PWY-5861	superpathway_of_demethylmenaquinol-8_biosynthesis	59.24218681	0.016025706	0.001412896	-0.322032709	-0.519768239	-0.124297179	0.007707977
PWY-5989	stearate_biosynthesis_II_(bacteria_and_plants)	46.1949812	0.04671499	0.000249218	-0.321183765	-0.493036862	-0.149330668	0.002409106
PWY-6527	stachyose_degradation	54.1438698	0.02612231	0.000817725	0.317745029	0.131661937	0.503828122	0.005293695
PWY0-845	superpathway_of_pyridoxal_5'-phosphate_biosynthesis_and_salvage	58.04228849	0.017619735	0.001412756	-0.317138471	-0.511867084	-0.122409859	0.007707977
GLYCOLYSIS-TCA-GLYOX-BYPASS	"superpathway_of_glycolysis,_pyruvate_dehydrogenase,_TCA,_and_glyoxylate_bypass"	61.4435909	0.009551036	0.002257275	-0.316420817	-0.519482563	-0.113359071	0.010283715
PWY66-389	phytol_degradation	71.32993064	0.000618745	0.008392657	-0.31560277	-0.550278422	-0.080927117	0.026274737
PWY-5899	superpathway_of_menaquinol-13_biosynthesis	54.19840947	0.025960059	0.000951093	-0.314456079	-0.500960072	-0.127952087	0.005634971
PWY-5898	superpathway_of_menaquinol-12_biosynthesis	54.19840947	0.025960059	0.000951093	-0.314456079	-0.500960072	-0.127952087	0.005634971
PWY-5897	superpathway_of_menaquinol-11_biosynthesis	54.19840947	0.025960059	0.000951093	-0.314456079	-0.500960072	-0.127952087	0.005634971
PWY-6113	superpathway_of_mycolate_biosynthesis	52.049353	0.039184715	0.000768997	-0.312574973	-0.494705412	-0.130444534	0.005204838
PWY-7332	superpathway_of_UDP-N-acetylglucosamine-derived_O-antigen_building_blocks_biosynthesis	65.61872588	0.003231109	0.004373543	-0.312354184	-0.527171118	-0.097537249	0.016282582
GLYCOGENSYNTH-PWY	glycogen_biosynthesis_I_(from_ADP-D-Glucose)	61.22103307	0.007406767	0.00248048	0.312254378	0.10998555	0.514523207	0.011022132
PWY-5863	superpathway_of_phylloquinol_biosynthesis	63.61358308	0.009201979	0.003412938	-0.312245651	-0.521268056	-0.103223245	0.013726486
PWY-6317	galactose_degradation_I_(Leloir_pathway)	63.97737704	0.005955022	0.003544497	0.312204073	0.102365209	0.522042937	0.014152304
PWY66-391	fatty_acid_&beta;-oxidation_VI_(peroxisome)	41.94752475	0.064259621	0.000230628	-0.309853194	-0.47475231	-0.144954079	0.002353257
GLYOXYLATE-BYPASS	glyoxylate_cycle	60.0281977	0.012941886	0.002322344	-0.30984384	-0.509242111	-0.110445568	0.010480165
PWY0-162	superpathway_of_pyrimidine_ribonucleotides_de_novo_biosynthesis	75.54470312	0.00212861	0.016960227	-0.309156744	-0.562944647	-0.055368841	0.043465512
PWY0-1415	superpathway_of_heme_biosynthesis_from_uroporphyrinogen-III	60.87540083	0.008463063	0.002645816	-0.309119147	-0.510660359	-0.107577934	0.011570194
TCA-GLYOX-BYPASS	superpathway_of_glyoxylate_bypass_and_TCA	61.60638554	0.010042554	0.003006934	-0.307938544	-0.511357054	-0.104520034	0.012647485
PWY-6478	GDP-D-glycero-&alpha;-D-manno-heptose_biosynthesis	41.34530833	0.094526936	0.0002294	-0.307798914	-0.471544323	-0.144053506	0.002353257
PWY-7184	pyrimidine_deoxyribonucleotides_de_novo_biosynthesis_I	0	0.50495615	1.90E-07	-0.307447384	-0.423123953	-0.191770815	2.37E-05
PWY-5686	UMP_biosynthesis	68.51589307	0.003604929	0.007322947	0.306848128	0.082590697	0.53110556	0.023875407
PWY-7222	guanosine_deoxyribonucleotides_de_novo_biosynthesis_II	88.09010609	9.14E-07	0.095864921	-0.306461036	-0.667161392	0.054239321	0.183408235
PWY-7220	adenosine_deoxyribonucleotides_de_novo_biosynthesis_II	88.09010609	9.14E-07	0.095864921	-0.306461036	-0.667161392	0.054239321	0.183408235
PWY-5138	"unsaturated,_even_numbered_fatty_acid_&beta;-oxidation"	0	0.466666627	2.15E-07	-0.306086995	-0.421766167	-0.190407823	2.37E-05
PWY-561	superpathway_of_glyoxylate_cycle_and_fatty_acid_degradation	63.64033763	0.006760335	0.004137871	-0.305634507	-0.514541896	-0.096727118	0.015833103
PWY-6897	thiamin_salvage_II	84.81500796	2.11E-05	0.061293467	0.305585081	-0.014466513	0.625636675	0.123709525
PWY3O-355	stearate_biosynthesis_III_(fungi)	68.29749752	0.003331527	0.007488578	-0.304865169	-0.528297508	-0.081432831	0.024271803
GLUCARDEG-PWY	D-glucarate_degradation_I	44.68340234	0.065357266	0.00042342	-0.304216597	-0.473364676	-0.135068518	0.003381227
PWY-7219	adenosine_ribonucleotides_de_novo_biosynthesis	77.01268832	0.000640957	0.023185915	0.302845582	0.041403718	0.564287446	0.056779731
PWY0-1296	purine_ribonucleosides_degradation	45.47304372	0.062493914	0.000491305	0.302704501	0.132485606	0.472923395	0.003812803
FASYN-ELONG-PWY	fatty_acid_elongation_--_saturated	33.48446693	0.088185766	0.000116068	-0.301287926	-0.454497475	-0.148078378	0.001603312
PWY-7664	oleate_biosynthesis_IV_(anaerobic)	33.97134987	0.086671013	0.000125684	-0.300995228	-0.454835105	-0.147155351	0.001689074
P105-PWY	TCA_cycle_IV_(2-oxoglutarate_decarboxylase)	60.11175528	0.012184089	0.003146168	-0.300609928	-0.500124985	-0.101094872	0.012936854
PWY-6282	palmitoleate_biosynthesis_I_(from_(5Z)-dodec-5-enoate)	32.49338469	0.090898376	0.00010696	-0.300331723	-0.452268615	-0.148394832	0.001550917
GLUCARGALACTSUPER-PWY	superpathway_of_D-glucarate_and_D-galactarate_degradation	41.69240506	0.072214896	0.000351746	-0.300011751	-0.464542781	-0.135480721	0.003028313
GALACTARDEG-PWY	D-galactarate_degradation_I	41.69240506	0.072214896	0.000351746	-0.300011751	-0.464542781	-0.135480721	0.003028313
GLYCOL-GLYOXDEG-PWY	superpathway_of_glycol_metabolism_and_degradation	69.23224298	0.002674676	0.010122639	-0.297370742	-0.524013035	-0.070728449	0.0298266
PWY-7288	"fatty_acid_&beta;-oxidation_(peroxisome,_yeast)"	18.36567545	0.149632859	1.83E-05	-0.295918149	-0.431295136	-0.160541163	0.000438866
HSERMETANA-PWY	L-methionine_biosynthesis_III	57.03105176	0.02188441	0.002579409	0.295400469	0.103297002	0.487503937	0.011370037
PWY0-862	(5Z)-dodec-5-enoate_biosynthesis	32.18820061	0.090093687	0.000133799	-0.295275126	-0.446800163	-0.143750089	0.00175531
PWYG-321	mycolate_biosynthesis	32.91256325	0.085849166	0.000155144	-0.294204339	-0.446643571	-0.141765107	0.00188562
PWY-6125	superpathway_of_guanosine_nucleotides_de_novo_biosynthesis_II	14.9403216	0.473569409	1.24E-05	-0.293215067	-0.42471562	-0.161714513	0.000379888
PWY-5103	L-isoleucine_biosynthesis_III	81.91970029	7.24E-05	0.051279015	0.292181499	-0.001622933	0.585985931	0.10743246
PWY-5837	"1,4-dihydroxy-2-naphthoate_biosynthesis_I"	58.5872955	0.018032382	0.003657774	-0.290522789	-0.486449583	-0.094595996	0.014395952
PWY-5791	"1,4-dihydroxy-2-naphthoate_biosynthesis_II_(plants)"	58.5872955	0.018032382	0.003657774	-0.290522789	-0.486449583	-0.094595996	0.014395952
PWY-4981	L-proline_biosynthesis_II_(from_arginine)	77.92612444	0.00055642	0.032899823	-0.290168433	-0.556759489	-0.023577377	0.073690255
PWY-7228	superpathway_of_guanosine_nucleotides_de_novo_biosynthesis_I	11.50515386	0.614903008	1.03E-05	-0.287584666	-0.415377886	-0.159791445	0.000365002
ORNDEG-PWY	superpathway_of_ornithine_degradation	65.26853805	0.00460727	0.008685218	-0.285846483	-0.499339478	-0.072353487	0.026778046
PWY-7385	"1,3-propanediol_biosynthesis_(engineered)"	40.83319253	0.099175128	0.000600354	-0.285456024	-0.448501628	-0.122410421	0.004531442
COA-PWY	coenzyme_A_biosynthesis_I	65.01092443	0.005853975	0.008653805	0.284943183	0.072224856	0.497661511	0.026778046
PWY-4242	pantothenate_and_coenzyme_A_biosynthesis_III	59.72723644	0.010707547	0.005204921	0.282759944	0.084411546	0.481108341	0.018266952
PWY-6284	superpathway_of_unsaturated_fatty_acids_biosynthesis_(E._coli)	59.01155058	0.01972603	0.005001838	-0.281810117	-0.478587578	-0.085032656	0.017896187
PWY-6803	phosphatidylcholine_acyl_editing	54.348808	0.02770133	0.003057924	-0.281791761	-0.468263357	-0.095320164	0.012668544
PWY-6263	superpathway_of_menaquinol-8_biosynthesis_II	35.63848678	0.106748755	0.000398969	-0.281414865	-0.437189961	-0.125639769	0.003281072
PWY-5747	2-methylcitrate_cycle_II	67.00306717	0.005285803	0.012442167	-0.279167508	-0.49808781	-0.060247206	0.034450423
PWY0-42	2-methylcitrate_cycle_I	65.01104671	0.006882517	0.010307532	-0.278400416	-0.491103293	-0.06569754	0.029986825
PWY-5705	allantoin_degradation_to_glyoxylate_III	55.44739532	0.024330764	0.004056736	-0.276593957	-0.465239665	-0.087948248	0.015741277
DTDPRHAMSYN-PWY	dTDP-L-rhamnose_biosynthesis_I	43.80088204	0.04904377	0.001299142	0.275227747	0.107501356	0.442954139	0.00737966
PWY-7197	pyrimidine_deoxyribonucleotide_phosphorylation	0	0.588244728	3.02E-06	-0.275211976	-0.390735688	-0.159688263	0.000185103
DENOVOPURINE2-PWY	superpathway_of_purine_nucleotides_de_novo_biosynthesis_II	16.39163277	0.325925179	5.03E-05	-0.275185836	-0.408218717	-0.142152955	0.000898598
FASYN-INITIAL-PWY	superpathway_of_fatty_acid_biosynthesis_initiation_(E._coli)	45.8779258	0.0435588	0.001667597	-0.274410518	-0.445487499	-0.103333537	0.008750911
PWY-6630	superpathway_of_L-tyrosine_biosynthesis	43.18068106	0.079366301	0.0013299	-0.27257879	-0.439038745	-0.106118834	0.007477294
PWY-6628	superpathway_of_L-phenylalanine_biosynthesis	25.46866765	0.211429055	0.000202532	-0.271364799	-0.414499485	-0.128230114	0.002275709
PWY-7431	aromatic_biogenic_amine_degradation_(bacteria)	0	0.80888375	0.014114303	0.270234273	0.054433199	0.486035347	0.037936493
RIBOSYN2-PWY	flavin_biosynthesis_I_(bacteria_and_plants)	79.58874798	0.000867063	0.055715011	0.270095325	-0.006593478	0.546784127	0.115409666
KDO-NAGLIPASYN-PWY	superpathway_of_(Kdo)2-lipid_A_biosynthesis	53.60311427	0.031982969	0.004251048	-0.269666639	-0.454540475	-0.084792804	0.016153984
PWY-841	superpathway_of_purine_nucleotides_de_novo_biosynthesis_I	12.27870264	0.556372691	3.95E-05	-0.269568972	-0.398115694	-0.141022249	0.000806936
KETOGLUCONMET-PWY	ketogluconate_metabolism	57.7584852	0.014050678	0.006407369	-0.269530637	-0.463308004	-0.075753271	0.021928324
COA-PWY-1	coenzyme_A_biosynthesis_II_(mammalian)	55.41440844	0.023097896	0.005077588	0.269467718	0.080983114	0.457952321	0.018050006
P441-PWY	superpathway_of_N-acetylneuraminate_degradation	46.97248307	0.046135474	0.002258311	-0.269204467	-0.441973108	-0.096435825	0.010283715
PWY-6313	serotonin_degradation	0	0.813701827	0.01449666	0.269162735	0.053371022	0.484954448	0.038775046
PWY-4702	phytate_degradation_I	58.21631164	0.016010027	0.006781651	-0.268970151	-0.463686719	-0.074253583	0.022646605
GLYCOLYSIS-E-D	superpathway_of_glycolysis_and_Entner-Doudoroff	61.23445078	0.012715998	0.009711181	-0.26666357	-0.468775583	-0.064551557	0.029080764
PWY-6269	adenosylcobalamin_salvage_from_cobinamide_II	0	1	0.370664091	-0.26615453	-0.848857553	0.316548493	0.492134732
PWY-6629	superpathway_of_L-tryptophan_biosynthesis	43.98821063	0.067356588	0.002068279	-0.263628325	-0.431375184	-0.095881466	0.009996682
PWY-7187	pyrimidine_deoxyribonucleotides_de_novo_biosynthesis_II	49.98860936	0.04028054	0.003736594	-0.263342292	-0.441347683	-0.085336902	0.014601866
METHANOGENESIS-PWY	methanogenesis_from_H2_and_CO2	0.027507487	0.204439924	1.32E-05	-0.262165632	-0.380090936	-0.144240327	0.000381873
PWY-5030	L-histidine_degradation_III	51.40277913	0.028809464	0.004549801	-0.261304982	-0.441811039	-0.080798925	0.016711942
PWY-5198	factor_420_biosynthesis	0.008227619	0.256604145	1.47E-05	-0.260612381	-0.378489911	-0.14273485	0.00038553
COBALSYN-PWY	adenosylcobalamin_salvage_from_cobinamide_I	64.84523509	0.005923795	0.016225531	0.260038933	0.048013646	0.472064221	0.042878733
FUC-RHAMCAT-PWY	superpathway_of_fucose_and_rhamnose_degradation	61.25889232	0.016102591	0.011763359	-0.260024732	-0.462329526	-0.057719938	0.032787379
URDEGR-PWY	superpathway_of_allantoin_degradation_in_plants	61.01020765	0.009909164	0.011612119	-0.259445183	-0.460934934	-0.057955433	0.032644274
PWY-5692	allantoin_degradation_to_glyoxylate_II	61.01020765	0.009909164	0.011612119	-0.259445183	-0.460934934	-0.057955433	0.032644274
PWY-6318	"L-phenylalanine_degradation_IV_(mammalian,_via_side_chain)"	0	0.850287269	1.06E-05	-0.259341816	-0.374744594	-0.143939037	0.000365002
PWY-6531	mannitol_cycle	78.25251142	0.000560217	0.058453339	-0.258913982	-0.527088556	0.009260592	0.120183759
PWY0-166	superpathway_of_pyrimidine_deoxyribonucleotides_de_novo_biosynthesis_(E._coli)	2.639062463	0.209049267	1.83E-05	-0.258904297	-0.377343361	-0.140465233	0.000438866
PWY-7446	sulfoglycolysis	57.53511474	0.019772083	0.00869922	-0.258585684	-0.451758526	-0.065412843	0.026778046
PWY-5656	mannosylglycerate_biosynthesis_I	59.4832892	0.015094354	0.010375937	-0.258477814	-0.456136347	-0.060819281	0.029986825
PWY-7388	"octanoyl-[acyl-carrier_protein]_biosynthesis_(mitochondria,_yeast)"	50.00819605	0.035336398	0.004497718	-0.258167345	-0.436275349	-0.08005934	0.0166325
PWY-6708	ubiquinol-8_biosynthesis_(prokaryotic)	39.75451002	0.096974802	0.001828366	-0.256616361	-0.41798754	-0.095245181	0.009242473
PWY-5857	ubiquinol-10_biosynthesis_(prokaryotic)	39.75451002	0.096974802	0.001828366	-0.256616361	-0.41798754	-0.095245181	0.009242473
PWY-5856	ubiquinol-9_biosynthesis_(prokaryotic)	39.75451002	0.096974802	0.001828366	-0.256616361	-0.41798754	-0.095245181	0.009242473
PWY-5855	ubiquinol-7_biosynthesis_(prokaryotic)	39.75451002	0.096974802	0.001828366	-0.256616361	-0.41798754	-0.095245181	0.009242473
PWY-7254	TCA_cycle_VII_(acetate-producers)	43.66324447	0.066592053	0.002690046	-0.256079736	-0.423320666	-0.088838805	0.011670987
PWY0-1241	ADP-L-glycero-&beta;-D-manno-heptose_biosynthesis	41.25391083	0.091576438	0.002205655	-0.255208027	-0.418615769	-0.091800284	0.010283715
UBISYN-PWY	superpathway_of_ubiquinol-8_biosynthesis_(prokaryotic)	41.57847992	0.082474475	0.002339492	-0.254742524	-0.41879986	-0.090685188	0.010480165
PWY-6823	molybdenum_cofactor_biosynthesis	49.0669913	0.045313968	0.004622912	-0.254577862	-0.430753159	-0.078402564	0.016758056
PWY0-1277	3-phenylpropanoate_and_3-(3-hydroxyphenyl)propanoate_degradation	68.64033248	0.00274675	0.026092217	-0.254486058	-0.478674896	-0.030297219	0.062507877
P164-PWY	purine_nucleobases_degradation_I_(anaerobic)	66.69412804	0.009234446	0.022760727	-0.253167156	-0.471043937	-0.035290375	0.056238389
PWY-7663	gondoate_biosynthesis_(anaerobic)	56.56768737	0.01600737	0.009378472	-0.253076756	-0.444005422	-0.06214809	0.028237914
ENTBACSYN-PWY	enterobactin_biosynthesis	29.51544311	0.174167306	0.000799561	-0.252917933	-0.40076104	-0.105074825	0.005293695
NAGLIPASYN-PWY	lipid_IVA_biosynthesis	67.92790585	0.003820932	0.027548916	-0.249284852	-0.471002986	-0.027566717	0.064593416
NONMEVIPP-PWY	methylerythritol_phosphate_pathway_I	53.35477668	0.033514021	0.008166274	0.248455017	0.064356191	0.432553844	0.025712097
PWY-5367	petroselinate_biosynthesis	64.81788642	0.007742925	0.021754477	-0.248114174	-0.460041744	-0.036186603	0.054238538
PWY-6690	cinnamate_and_3-hydroxycinnamate_degradation_to_2-oxopent-4-enoate	67.07100869	0.004238934	0.027389053	-0.246313854	-0.465163389	-0.027464318	0.064493026
HCAMHPDEG-PWY	3-phenylpropanoate_and_3-(3-hydroxyphenyl)propanoate_degradation_to_2-oxopent-4-enoate	67.07100869	0.004238934	0.027389053	-0.246313854	-0.465163389	-0.027464318	0.064493026
PWY-5083	NAD/NADH_phosphorylation_and_dephosphorylation	41.65047997	0.073972416	0.003371163	-0.245537378	-0.409689587	-0.081385168	0.013658167
PWY0-41	allantoin_degradation_IV_(anaerobic)	50.00223914	0.044978317	0.007214377	-0.243668866	-0.421421285	-0.065916448	0.02366144
P122-PWY	heterolactic_fermentation	54.20436282	0.02179343	0.010394707	-0.243216392	-0.429250035	-0.05718275	0.029986825
PWY-6749	CMP-legionaminate_biosynthesis_I	33.43256173	0.076300152	0.001897294	-0.242208742	-0.395055652	-0.089361831	0.00950372
ORNARGDEG-PWY	superpathway_of_L-arginine_and_L-ornithine_degradation	66.01941019	0.005358143	0.027899558	-0.241719454	-0.457193291	-0.026245618	0.064863529
ARGDEG-PWY	"superpathway_of_L-arginine,_putrescine,_and_4-aminobutanoate_degradation"	66.01941019	0.005358143	0.027899558	-0.241719454	-0.457193291	-0.026245618	0.064863529
PWY-7094	fatty_acid_salvage	27.33544463	0.180708972	0.001169845	-0.240462996	-0.385650805	-0.095275187	0.006785103
PWY-7286	7-(3-amino-3-carboxypropyl)-wyosine_biosynthesis	0.001853639	0.202028025	6.42E-05	-0.240256087	-0.358075511	-0.122436662	0.00101103
PWY-4984	urea_cycle	67.00607682	0.003691771	0.031352425	-0.240227524	-0.458960071	-0.021494977	0.071681271
TCA	TCA_cycle_I_(prokaryotic)	45.23111602	0.070861208	0.005769378	-0.238876228	-0.408472456	-0.06928	0.019868294
P23-PWY	reductive_TCA_cycle_I	0	0.487422082	5.58E-05	-0.237299582	-0.352709651	-0.121889514	0.000909039
CITRULBIO-PWY	L-citrulline_biosynthesis	81.07707115	5.83E-05	0.107567906	-0.235633811	-0.522625857	0.051358234	0.202286403
PWY-724	"superpathway_of_L-lysine,_L-threonine_and_L-methionine_biosynthesis_II"	68.29299258	0.003680014	0.039046445	0.234658013	0.011795241	0.457520786	0.086053434
FOLSYN-PWY	superpathway_of_tetrahydrofolate_biosynthesis_and_salvage	50.14002051	0.037123553	0.009852181	-0.234627634	-0.412801298	-0.056453971	0.029185762
SULFATE-CYS-PWY	superpathway_of_sulfate_assimilation_and_cysteine_biosynthesis	53.81903317	0.03247878	0.013705528	-0.232667265	-0.417673266	-0.047661265	0.037103409
PWY-6612	superpathway_of_tetrahydrofolate_biosynthesis	44.21465716	0.049545512	0.006691497	-0.232602137	-0.400715011	-0.064489263	0.022481798
FUCCAT-PWY	fucose_degradation	40.33468919	0.046094887	0.005168489	-0.231574932	-0.393886532	-0.069263331	0.018255369
P221-PWY	octane_oxidation	47.40487705	0.062291121	0.008832879	-0.231307996	-0.404446447	-0.058169545	0.026889042
PWY-6270	isoprene_biosynthesis_I	45.5573244	0.079019328	0.007752209	0.230897409	0.060936565	0.400858253	0.024901568
PWY-2941	L-lysine_biosynthesis_II	55.70485213	0.02893733	0.016854209	-0.230215601	-0.419018238	-0.041412964	0.04339565
PWY-7269	NAD/NADP-NADH/NADPH_mitochondrial_interconversion_(yeast)	64.42049899	0.009174501	0.032322744	-0.230001819	-0.440614806	-0.019388832	0.072693191
PWY-6167	flavin_biosynthesis_II_(archaea)	0.018246883	0.120140018	0.00014015	-0.228950552	-0.346793569	-0.111107536	0.001795875
OANTIGEN-PWY	O-antigen_building_blocks_biosynthesis_(E._coli)	61.4955841	0.006910911	0.026927726	0.228633168	0.02610217	0.431164167	0.064230205
PWY-6609	adenine_and_adenosine_salvage_III	7.706077206	0.150229479	0.000308949	0.227787836	0.104036234	0.351539437	0.002837185
AST-PWY	L-arginine_degradation_II_(AST_pathway)	44.56020837	0.066061708	0.008068098	-0.227777781	-0.396294741	-0.059260822	0.025548978
LPSSYN-PWY	superpathway_of_lipopolysaccharide_biosynthesis	61.85621274	0.013382231	0.028458491	-0.22744517	-0.430915354	-0.023974985	0.065609325
PWY-6349	CDP-archaeol_biosynthesis	0.001653182	0.130449619	0.00015742	-0.227157219	-0.344969511	-0.109344928	0.00188562
PWY-5973	cis-vaccenate_biosynthesis	62.01912395	0.008372354	0.029125849	-0.226935342	-0.430798843	-0.023071842	0.066868095
SO4ASSIM-PWY	sulfate_reduction_I_(assimilatory)	50.42616589	0.046479234	0.013737015	-0.224324606	-0.40275645	-0.045892762	0.037103409
PWY66-367	ketogenesis	24.95570717	0.284920247	0.002127024	-0.22287308	-0.365072858	-0.080673301	0.010108674
PWY-5028	L-histidine_degradation_II	0	0.891707012	0.000361143	-0.221978387	-0.343950412	-0.100006362	0.003061382
PWY-821	superpathway_of_sulfur_amino_acid_biosynthesis_(Saccharomyces_cerevisiae)	38.81862885	0.078946691	0.006581995	-0.221732397	-0.381666872	-0.061797922	0.022386909
PWY-2942	L-lysine_biosynthesis_III	70.74531105	0.002825129	0.064216442	0.218865585	-0.0129249	0.45065607	0.129135983
PWY-7208	superpathway_of_pyrimidine_nucleobases_salvage	0	0.928138426	0.000205041	-0.218298525	-0.333539351	-0.1030577	0.002275709
CALVIN-PWY	Calvin-Benson-Bassham_cycle	42.2947521	0.091426136	0.009818264	0.217109391	0.05231489	0.381903892	0.029185762
PWY-7294	xylose_degradation_IV	38.65341223	0.087409979	0.007951891	-0.216210262	-0.375873956	-0.056546567	0.025326542
PWY-6837	"fatty_acid_beta-oxidation_V_(unsaturated,_odd_number,_di-isomerase-dependent)"	40.57232981	0.091008982	0.009342687	-0.215313621	-0.377670625	-0.052956617	0.028237914
PWY-7383	"anaerobic_energy_metabolism_(invertebrates,_cytosol)"	51.60157664	0.042922722	0.020095904	-0.214243933	-0.394885326	-0.03360254	0.050560927
PWY-7031	protein_N-glycosylation_(bacterial)	36.01685485	0.126851244	0.008822136	-0.213798318	-0.373805069	-0.053791566	0.026889042
PWY-5100	pyruvate_fermentation_to_acetate_and_lactate_II	73.09149208	0.000254992	0.082561201	0.2136969	-0.02756729	0.454961091	0.16131639
PWY-5004	superpathway_of_L-citrulline_metabolism	0.009604217	0.21995187	0.000293303	-0.213246084	-0.328666701	-0.097825467	0.002786383
PWY-6352	3-phosphoinositide_biosynthesis	0	1	0.237523017	0.212543007	-0.140129194	0.565215208	0.357700125
PWY-6309	"L-tryptophan_degradation_XI_(mammalian,_via_kynurenine)"	0	1	0.237523017	0.212543007	-0.140129194	0.565215208	0.357700125
SPHINGOLIPID-SYN-PWY	sphingolipid_biosynthesis_(yeast)	0	1	0.237523017	0.212543007	-0.140129194	0.565215208	0.357700125
PWY-7420	monoacylglycerol_metabolism_(yeast)	0	1	0.237523017	0.212543007	-0.140129194	0.565215208	0.357700125
PWY-6596	adenosine_nucleotides_degradation_I	0	1	0.237523017	0.212543007	-0.140129194	0.565215208	0.357700125
PWY-5757	fosfomycin_biosynthesis	0	1	0.237523017	0.212543007	-0.140129194	0.565215208	0.357700125
PWY-5304	superpathway_of_sulfur_oxidation_(Acidianus_ambivalens)	0	1	0.237523017	0.212543007	-0.140129194	0.565215208	0.357700125
PWY-5129	sphingolipid_biosynthesis_(plants)	0	1	0.237523017	0.212543007	-0.140129194	0.565215208	0.357700125
PWY-5067	glycogen_biosynthesis_II_(from_UDP-D-Glucose)	0	1	0.237523017	0.212543007	-0.140129194	0.565215208	0.357700125
PWY-5044	purine_nucleotides_degradation_I_(plants)	0	1	0.237523017	0.212543007	-0.140129194	0.565215208	0.357700125
TRIGLSYN-PWY	diacylglycerol_and_triacylglycerol_biosynthesis	0	1	0.237523017	0.212543007	-0.140129194	0.565215208	0.357700125
PWY-7546	diphthamide_biosynthesis_(eukaryotes)	0	1	0.237523017	0.212543007	-0.140129194	0.565215208	0.357700125
PWY-5667	CDP-diacylglycerol_biosynthesis_I	62.79202193	0.009571809	0.043172345	0.212473669	0.006522753	0.418424584	0.092302459
PWY0-1319	CDP-diacylglycerol_biosynthesis_II	62.82496683	0.009508074	0.043822836	0.211905694	0.005867717	0.417943671	0.093229276
PWY-7039	"phosphatidate_metabolism,_as_a_signaling_molecule"	0	0.608805117	0.000337023	-0.210898246	-0.326197565	-0.095598928	0.002995158
ECASYN-PWY	enterobacterial_common_antigen_biosynthesis	18.20759097	0.215066315	0.002169008	-0.210854363	-0.345642055	-0.076066672	0.010214731
PWY-5505	L-glutamate_and_L-glutamine_biosynthesis	68.91124859	0.00336022	0.067778875	0.209558475	-0.01531581	0.43443276	0.135804219
PWY66-399	gluconeogenesis_III	0.00491193	0.375480719	0.000383663	-0.208998259	-0.324351842	-0.093644676	0.003203006
PWY-6572	chondroitin_sulfate_degradation_I_(bacterial)	25.64046068	0.101312337	0.004579861	-0.207099194	-0.350266717	-0.063931671	0.016711942
PWY-7560	methylerythritol_phosphate_pathway_II	45.37772299	0.078978302	0.017337126	0.20585101	0.036292654	0.375409365	0.044225724
ARG+POLYAMINE-SYN	superpathway_of_arginine_and_polyamine_biosynthesis	54.80710739	0.033812516	0.031833446	-0.204688544	-0.391589529	-0.017787559	0.072182011
ARGORNPROST-PWY	"arginine,_ornithine_and_proline_interconversion"	0.003594052	0.192899727	0.000553263	-0.203338886	-0.318738134	-0.087939638	0.004233998
PWY-7616	methanol_oxidation_to_carbon_dioxide	12.2182621	0.235287972	0.002128142	-0.201181146	-0.329547366	-0.072814926	0.010108674
PWY-5173	superpathway_of_acetyl-CoA_biosynthesis	41.71689064	0.073062494	0.016264674	-0.201107835	-0.365143198	-0.037072473	0.042878733
PWY-6654	phosphopantothenate_biosynthesis_III	0	1	0.287470434	-0.200236735	-0.569195576	0.168722106	0.407188198
POLYAMSYN-PWY	superpathway_of_polyamine_biosynthesis_I	58.5995743	0.020943728	0.044482715	-0.200166996	-0.395398389	-0.004935602	0.094269138
P124-PWY	Bifidobacterium_shunt	42.92868777	0.092575988	0.017979622	0.199963788	0.034318984	0.365608593	0.045653326
PWY0-1297	superpathway_of_purine_deoxyribonucleosides_degradation	0.005218316	0.220252848	0.000688754	-0.199800202	-0.315180063	-0.084420342	0.004993469
PENTOSE-P-PWY	pentose_phosphate_pathway	60.47083266	0.015398823	0.052016213	-0.1982798	-0.398290791	0.001731192	0.108564142
PWY-5101	L-isoleucine_biosynthesis_II	0.001679179	0.279538699	0.00075567	-0.198245879	-0.313593948	-0.082897811	0.005204674
PWY-5870	ubiquinol-8_biosynthesis_(eukaryotic)	0	0.628406274	0.007773266	-0.192237019	-0.333788944	-0.050685093	0.024901568
LYSINE-AMINOAD-PWY	L-lysine_biosynthesis_IV	0	0.867390762	0.146684884	0.192202515	-0.067357412	0.451762443	0.256327822
PWY-5873	ubiquinol-7_biosynthesis_(eukaryotic)	0	0.784606348	0.004323219	-0.191179781	-0.322491308	-0.059868254	0.01620472
PWY-5871	ubiquinol-9_biosynthesis_(eukaryotic)	0	0.784606348	0.004323219	-0.191179781	-0.322491308	-0.059868254	0.01620472
PWY-6901	superpathway_of_glucose_and_xylose_degradation	64.73969876	0.01225544	0.078684573	-0.189817002	-0.401396184	0.02176218	0.155394982
PWY-6859	all-trans-farnesol_biosynthesis	85.03037706	9.33E-06	0.247872366	-0.189635901	-0.511288026	0.132016224	0.362274996
TRNA-CHARGING-PWY	tRNA_charging	55.36534906	0.028893356	0.049394381	0.188530718	0.000499597	0.376561839	0.103879022
PWY0-1298	superpathway_of_pyrimidine_deoxyribonucleosides_degradation	8.028494173	0.209993857	0.002868829	-0.188530525	-0.312467706	-0.064593344	0.01225368
PWY0-1338	polymyxin_resistance	39.33528734	0.096413734	0.022984576	-0.186125683	-0.346569493	-0.025681873	0.056537952
PWY66-398	TCA_cycle_III_(animals)	0	0.940532795	0.001545143	-0.185997737	-0.301140174	-0.0708553	0.008346802
PWY-2221	Entner-Doudoroff_pathway_III_(semi-phosphorylative)	0	0.832751707	0.001595019	-0.185503405	-0.300676407	-0.070330403	0.008487399
PWY-7373	superpathway_of_demethylmenaquinol-6_biosynthesis_II	0	1	0.301785145	-0.185262852	-0.536903395	0.16637769	0.423113524
PWY-6524	lychnose_and_isolychnose_biosynthesis	0	1	0.301785145	-0.185262852	-0.536903395	0.16637769	0.423113524
PWY-5022	4-aminobutanoate_degradation_V	38.91735268	0.087886673	0.024677717	-0.18323579	-0.343106627	-0.023364953	0.059637816
ARGININE-SYN4-PWY	L-ornithine_de_novo__biosynthesis	79.45669093	0.000259753	0.193558044	-0.182657558	-0.458017363	0.092702247	0.315908183
PWY-6174	mevalonate_pathway_II_(archaea)	0	0.665520011	0.003038013	-0.182639222	-0.30341607	-0.061862373	0.012668544
PWY-5345	superpathway_of_L-methionine_biosynthesis_(by_sulfhydrylation)	37.79569748	0.125894838	0.024207723	-0.181910019	-0.340102625	-0.023717413	0.058759714
PWY-6435	4-hydroxybenzoate_biosynthesis_V	25.66251088	0.143851523	0.013244189	0.180766354	0.037740003	0.323792705	0.036126477
POLYISOPRENSYN-PWY	polyisoprenoid_biosynthesis_(E._coli)	83.25762629	2.99E-05	0.245483369	-0.180321879	-0.484633449	0.123989692	0.362274996
PWY-6415	L-ascorbate_biosynthesis_V	1.12E-05	0.169274313	0.002231446	-0.179936477	-0.295279642	-0.064593312	0.010283715
PWY-7196	superpathway_of_pyrimidine_ribonucleosides_salvage	20.02824392	0.221307471	0.010832133	0.17760872	0.040992789	0.314224651	0.030924897
PWY-6121	5-aminoimidazole_ribonucleotide_biosynthesis_I	74.87690308	0.00118785	0.167449809	0.175706043	-0.073762517	0.425174603	0.28240538
P461-PWY	"hexitol_fermentation_to_lactate,_formate,_ethanol_and_acetate"	76.16644983	0.001687765	0.178921572	-0.175575326	-0.431602175	0.080451522	0.299652845
ALLANTOINDEG-PWY	superpathway_of_allantoin_degradation_in_yeast	42.02768728	0.071621642	0.039591634	-0.172606327	-0.336991532	-0.008221121	0.086225259
LYSINE-DEG1-PWY	L-lysine_degradation_XI_(mammalian)	0	0.983556871	0.207093345	0.171069442	-0.094696554	0.436835439	0.330749082
PWY0-1061	superpathway_of_L-alanine_biosynthesis	18.34976014	0.316575303	0.012857271	0.170971611	0.036269512	0.30567371	0.035421781
PWY-5306	superpathway_of_thiosulfate_metabolism_(Desulfovibrio_sulfodismutans)	0	1	0.340659404	0.170900492	-0.180628269	0.522429253	0.458932351
PWY-5381	pyridine_nucleotide_cycling_(plants)	0	1	0.340659404	0.170900492	-0.180628269	0.522429253	0.458932351
SUCSYN-PWY	sucrose_biosynthesis_I_(from_photosynthesis)	0	1	0.389969736	0.168163666	-0.215232133	0.551559465	0.509178495
PWY-7347	sucrose_biosynthesis_III	0	1	0.389969736	0.168163666	-0.215232133	0.551559465	0.509178495
PWY-7238	sucrose_biosynthesis_II	0	1	0.389969736	0.168163666	-0.215232133	0.551559465	0.509178495
PWY0-1533	methylphosphonate_degradation_I	13.48629346	0.233176082	0.011411783	-0.167264004	-0.296850354	-0.037677654	0.032411818
PWY-6936	seleno-amino_acid_biosynthesis	69.31724821	0.004176942	0.149340335	0.166381605	-0.059785097	0.392548307	0.257951487
PWY-6471	peptidoglycan_biosynthesis_IV_(Enterococcus_faecium)	70.0765816	0.002046301	0.158358996	0.164771331	-0.064168896	0.393711558	0.270669342
PWY-6165	chorismate_biosynthesis_II_(archaea)	26.38181413	0.206693247	0.027275117	-0.164367243	-0.310299495	-0.01843499	0.064493026
PWY-6168	flavin_biosynthesis_III_(fungi)	0.001881833	0.523053413	0.005453818	0.163322997	0.048132214	0.27851378	0.018899708
PWY-7279	aerobic_respiration_II_(cytochrome_c)_(yeast)	45.47378108	0.071603939	0.059683084	-0.162987911	-0.332626147	0.006650324	0.122090566
PWY-7245	superpathway_NAD/NADP_-_NADH/NADPH_interconversion_(yeast)	0.005934945	0.254721651	0.006940191	-0.162985631	-0.281312074	-0.044659188	0.023036416
PWY-7282	4-amino-2-methyl-5-phosphomethylpyrimidine_biosynthesis_(yeast)	45.2631818	0.073029426	0.061238926	-0.161671827	-0.330961624	0.007617971	0.123709525
PWY-5121	superpathway_of_geranylgeranyl_diphosphate_biosynthesis_II_(via_MEP)	21.33550756	0.321350244	0.023508472	0.159403233	0.021471605	0.297334862	0.057314903
PWY-7210	pyrimidine_deoxyribonucleotides_biosynthesis_from_CTP	49.72588809	0.032772761	0.079232662	-0.158541843	-0.335583848	0.018500162	0.15591856
PWY-6307	"L-tryptophan_degradation_X_(mammalian,_via_tryptamine)"	0	0.625230882	0.149836565	0.158163698	-0.05709442	0.373421816	0.257999836
HEXITOLDEGSUPER-PWY	superpathway_of_hexitol_degradation_(bacteria)	65.39585397	0.010069784	0.146434748	-0.158018574	-0.371282641	0.055245493	0.256327822
THISYN-PWY	superpathway_of_thiamin_diphosphate_biosynthesis_I	61.43931608	0.015866854	0.12673287	-0.157405557	-0.359426748	0.044615633	0.230746989
3-HYDROXYPHENYLACETATE-DEGRADATION-PWY	4-hydroxyphenylacetate_degradation	59.77706953	0.018596443	0.120200048	-0.156856909	-0.354699159	0.040985341	0.221505775
PWY-5055	nicotinate_degradation_III	0	0.67593406	0.043219663	-0.152745895	-0.300836159	-0.004655632	0.092302459
PWY-622	starch_biosynthesis	8.898463935	0.280915494	0.016503466	0.152544662	0.027843428	0.277245896	0.04309673
PWY-6549	L-glutamine_biosynthesis_III	55.50573559	0.013569592	0.113925088	0.151606434	-0.036364359	0.339577227	0.212788894
PWY-7391	isoprene_biosynthesis_II_(engineered)	0	0.536137522	0.010185206	-0.150971861	-0.266131238	-0.035812483	0.029851321
PWY3O-19	ubiquinol-6_biosynthesis_from_4-hydroxybenzoate_(eukaryotic)	0	0.804754608	0.025252573	-0.149774031	-0.280969331	-0.018578732	0.060760557
PWY-5180	toluene_degradation_I_(aerobic)_(via_o-cresol)	0	0.464614751	0.010825354	-0.149743345	-0.264915468	-0.034571222	0.030924897
RUMP-PWY	formaldehyde_oxidation_I	61.11333635	0.017381389	0.147891719	-0.148537548	-0.349729329	0.052654232	0.256327822
THISYNARA-PWY	superpathway_of_thiamin_diphosphate_biosynthesis_III_(eukaryotes)	0.00141795	0.414786195	0.011782035	0.14801452	0.032830523	0.263198517	0.032787379
P261-PWY	coenzyme_M_biosynthesis_I	0	0.784044653	0.033381591	-0.147831336	-0.284023612	-0.011639061	0.074466625
THREOCAT-PWY	superpathway_of_L-threonine_metabolism	46.46095284	0.081208562	0.090491705	-0.147790709	-0.31890532	0.023323903	0.174950629
PWY-6353	purine_nucleotides_degradation_II_(aerobic)	74.14616282	0.002168677	0.244623211	-0.145982484	-0.391894213	0.099929245	0.362274996
PWY-5464	"superpathway_of_cytosolic_glycolysis_(plants),_pyruvate_dehydrogenase_and_TCA_cycle"	0	0.593237336	0.01297072	-0.145955767	-0.261093514	-0.030818019	0.035556552
PWY-7268	NAD/NADP-NADH/NADPH_cytosolic_interconversion_(yeast)	0.002422866	0.24182569	0.016342167	-0.144914131	-0.263200198	-0.026628065	0.042878733
VALDEG-PWY	L-valine_degradation_I	0	0.828152739	0.039356562	-0.1444338	-0.281824426	-0.007043175	0.086053434
AEROBACTINSYN-PWY	aerobactin_biosynthesis	7.757224618	0.505099109	0.022349896	-0.143829562	-0.267233815	-0.020425309	0.055472039
PWY-5188	tetrapyrrole_biosynthesis_I_(from_glutamate)	60.66602235	0.013419984	0.165582371	0.141493865	-0.058517006	0.341504737	0.280725804
PWY-5182	toluene_degradation_II_(aerobic)_(via_4-methylcatechol)	0.002834633	0.339500193	0.016096048	-0.141448671	-0.256639929	-0.026257413	0.042845036
PWY-5265	peptidoglycan_biosynthesis_II_(staphylococci)	29.43681142	0.190802474	0.060202554	-0.141205352	-0.288471003	0.0060603	0.122404456
PROPFERM-PWY	L-alanine_fermentation_to_propanoate_and_acetate	46.12666232	0.0555531	0.105573231	-0.141005114	-0.311767852	0.029757624	0.199254489
PPGPPMET-PWY	ppGpp_biosynthesis	46.12666232	0.0555531	0.105573231	-0.141005114	-0.311767852	0.029757624	0.199254489
PWY-5178	toluene_degradation_IV_(aerobic)_(via_catechol)	0	0.981785039	0.032264368	-0.140245052	-0.268624245	-0.011865858	0.072693191
PWY-7242	D-fructuronate_degradation	75.43182656	0.000284277	0.27777978	0.139519441	-0.112436648	0.391475529	0.394475925
METH-ACETATE-PWY	methanogenesis_from_acetate	74.06662272	0.000376564	0.265502463	0.139378661	-0.105957789	0.38471511	0.382962977
PWY-6606	guanosine_nucleotides_degradation_II	63.67065551	0.013177116	0.191743411	-0.138643329	-0.346800076	0.069513417	0.314436368
LEU-DEG2-PWY	L-leucine_degradation_I	0	0.430368419	0.126824291	-0.138340436	-0.315935365	0.039254494	0.230746989
PWY-7399	methylphosphonate_degradation_II	52.66878479	0.041622502	0.138670689	-0.137648567	-0.319843073	0.044545939	0.246475967
PWY-3841	folate_transformations_II	53.7882056	0.036674825	0.144430185	0.137417269	-0.047121733	0.321956271	0.254252499
PWY-3001	superpathway_of_L-isoleucine_biosynthesis_I	42.92776433	0.091794874	0.105594031	0.136638922	-0.02884606	0.302123903	0.199254489
SALVADEHYPOX-PWY	adenosine_nucleotides_degradation_II	75.72907804	0.000755342	0.300360567	-0.133958057	-0.387470644	0.11955453	0.423113524
PWY-7374	"1,4-dihydroxy-6-naphthoate_biosynthesis_I"	19.29940266	0.42197401	0.059826593	-0.133520961	-0.272568051	0.00552613	0.122090566
PWY-5183	superpathway_of_aerobic_toluene_degradation	0	0.844557528	0.070823464	-0.131086298	-0.273300029	0.011127432	0.141390322
URSIN-PWY	ureide_biosynthesis	39.20258149	0.104798499	0.110097348	-0.130461973	-0.290499432	0.029575486	0.206338907
PWY-6071	superpathway_of_phenylethylamine_degradation	46.28918414	0.081733801	0.138056124	-0.129222834	-0.299998523	0.041552855	0.246177749
PWY-6876	isopropanol_biosynthesis	0.000262057	0.219190204	0.028191008	-0.129002231	-0.244211221	-0.013793242	0.065265737
PWY-6467	Kdo_transfer_to_lipid_IVA_III_(Chlamydia)	0	0.957798354	0.041753267	0.128839855	0.004809859	0.252869852	0.090575001
PWY-5079	L-phenylalanine_degradation_III	0	0.321385316	0.131479472	0.128477908	-0.038473751	0.295429568	0.235526005
HEMESYN2-PWY	heme_biosynthesis_II_(anaerobic)	4.467921484	0.187201384	0.036097933	-0.128348377	-0.24837676	-0.008319993	0.080201455
PWY-7224	purine_deoxyribonucleosides_salvage	0	0.718382138	0.13165519	-0.128305561	-0.295109185	0.038498063	0.235526005
P241-PWY	coenzyme_B_biosynthesis	43.71006048	0.103819455	0.147505871	-0.12812111	-0.301493913	0.045251693	0.256327822
PWY-4361	S-methyl-5-thio-&alpha;-D-ribose_1-phosphate_degradation	0	0.820763546	0.058455984	-0.12803263	-0.260646003	0.004580743	0.120183759
GLUCUROCAT-PWY	superpathway_of_&beta;-D-glucuronide_and_D-glucuronate_degradation	77.17496016	0.000138212	0.3373639	0.127848028	-0.133337053	0.389033108	0.457851008
PWY-6895	superpathway_of_thiamin_diphosphate_biosynthesis_II	54.32213302	0.038498272	0.176841289	-0.127843219	-0.31337435	0.057687911	0.2970718
PWY-621	sucrose_degradation_III_(sucrose_invertase)	81.45935374	2.95E-05	0.388907853	0.127197592	-0.162151056	0.416546241	0.509178495
PWY0-321	phenylacetate_degradation_I_(aerobic)	45.93608698	0.084132144	0.143707802	-0.126959332	-0.29714741	0.043228745	0.253791663
PWY-7317	superpathway_of_dTDP-glucose-derived_O-antigen_building_blocks_biosynthesis	0	0.921068195	0.039326159	-0.126792228	-0.24738292	-0.006201536	0.086053434
PWY-7323	superpathway_of_GDP-mannose-derived_O-antigen_building_blocks_biosynthesis	67.77471407	0.008034928	0.262932124	-0.12610992	-0.34689921	0.09467937	0.381251579
PWY66-409	superpathway_of_purine_nucleotide_salvage	0	0.604748516	0.03178153	-0.126087707	-0.241183363	-0.010992052	0.072182011
PWY-5177	glutaryl-CoA_degradation	61.2457759	0.014250944	0.221562467	0.125567543	-0.075766794	0.32690188	0.345838299
PANTOSYN-PWY	pantothenate_and_coenzyme_A_biosynthesis_I	23.08027524	0.197287486	0.079828686	0.125002619	-0.014863395	0.264868633	0.156532405
PWY-7338	"10-trans-heptadecenoyl-CoA_degradation_(reductase-dependent,_yeast)"	0	0.488923581	0.327496708	0.124274238	-0.124480721	0.373029198	0.448882303
PWY-7337	10-cis-heptadecenoyl-CoA_degradation_(yeast)	0	0.488923581	0.327496708	0.124274238	-0.124480721	0.373029198	0.448882303
PWY-4722	creatinine_degradation_II	51.82822574	0.039808556	0.180957921	-0.123275616	-0.303880869	0.057329636	0.302144892
PWY-5941	glycogen_degradation_II_(eukaryotic)	0.000341383	0.15464958	0.036480225	-0.12296395	-0.238192733	-0.007735167	0.080725316
PWY0-881	superpathway_of_fatty_acid_biosynthesis_I_(E._coli)	46.72759708	0.069366155	0.167598111	-0.120792391	-0.292354077	0.050769294	0.28240538
PWY-6608	guanosine_nucleotides_degradation_III	74.30149585	0.001073444	0.340194138	-0.11995432	-0.366453218	0.126544579	0.458932351
PWY-6891	thiazole_biosynthesis_II_(Bacillus)	60.26813464	0.019643178	0.239656037	-0.119404002	-0.318432917	0.079624912	0.358832816
PWY-7003	glycerol_degradation_to_butanol	0	0.704481441	0.042149276	-0.119292982	-0.234354484	-0.004231481	0.091075495
PWY-7392	taxadiene_biosynthesis_(engineered)	1.261103228	0.37315104	0.044846247	0.119251525	0.002742167	0.235760883	0.094675411
PWY-6545	pyrimidine_deoxyribonucleotides_de_novo_biosynthesis_III	0	0.611070281	0.042751167	-0.118965933	-0.234046708	-0.003885158	0.092015207
1CMET2-PWY	N10-formyl-tetrahydrofolate_biosynthesis	59.41625791	0.020297503	0.242391341	0.11736513	-0.079405978	0.314136239	0.361944794
PWY-5509	"adenosylcobalamin_biosynthesis_from_cobyrinate_a,c-diamide_I"	0	0.766548946	0.053824933	-0.116197875	-0.234307301	0.001911551	0.111915239
CODH-PWY	reductive_acetyl_coenzyme_A_pathway	0	0.46544959	0.071482757	-0.115324838	-0.240731372	0.010081696	0.142191332
PWY490-3	nitrate_reduction_VI_(assimilatory)	50.68762341	0.050010943	0.209358536	0.114331664	-0.064175757	0.292839086	0.332439635
PWY-6138	CMP-N-acetylneuraminate_biosynthesis_I_(eukaryotes)	36.0495754	0.144445119	0.161366806	-0.114074834	-0.273720856	0.045571188	0.274423179
PWY-6344	L-ornithine_degradation_II_(Stickland_reaction)	0.007653056	0.42478451	0.126974759	-0.113463868	-0.259181137	0.032253401	0.230746989
PWY-5109	2-methylbutanoate_biosynthesis	0	1	0.247627865	-0.111768072	-0.301246192	0.077710048	0.362274996
METHYLGALLATE-DEGRADATION-PWY	methylgallate_degradation	0	1	0.247627865	-0.111768072	-0.301246192	0.077710048	0.362274996
ILEUDEG-PWY	L-isoleucine_degradation_I	0	1	0.247627865	-0.111768072	-0.301246192	0.077710048	0.362274996
GALLATE-DEGRADATION-II-PWY	gallate_degradation_I	0	1	0.247627865	-0.111768072	-0.301246192	0.077710048	0.362274996
GALLATE-DEGRADATION-I-PWY	gallate_degradation_II	0	1	0.247627865	-0.111768072	-0.301246192	0.077710048	0.362274996
PWY-6143	CMP-pseudaminate_biosynthesis	32.6791248	0.110105609	0.147935113	-0.111700036	-0.263012185	0.039612112	0.256327822
PWY-7371	"1,4-dihydroxy-6-naphthoate_biosynthesis_II"	29.54540669	0.100199629	0.143561742	-0.110049928	-0.257517281	0.037417425	0.253791663
PWY-5695	urate_biosynthesis/inosine_5'-phosphate_degradation	69.56869059	0.006013557	0.345626794	0.109240266	-0.117783032	0.336263565	0.463358548
PWY-1501	mandelate_degradation_I	30.08249934	0.309160024	0.306042929	-0.10885763	-0.317303582	0.099588322	0.426910517
TYRFUMCAT-PWY	L-tyrosine_degradation_I	0.001268706	0.39256182	0.116241406	-0.106320492	-0.238986238	0.026345254	0.216381807
PWY-6107	chlorosalicylate_degradation	0	0.433552678	0.078658057	-0.10600968	-0.224162701	0.01214334	0.155394982
PWY-7409	"phospholipid_remodeling_(phosphatidylethanolamine,_yeast)"	8.498313174	0.257342373	0.1014248	-0.103789823	-0.227981619	0.020401974	0.193373926
PWY-6595	superpathway_of_guanosine_nucleotides_degradation_(plants)	41.15109681	0.115038653	0.214193385	-0.103056411	-0.265671406	0.059558583	0.337201586
7ALPHADEHYDROX-PWY	"cholate_degradation_(bacteria,_anaerobic)"	0.000802398	0.232366104	0.095716026	-0.102612499	-0.223331817	0.01810682	0.183408235
GOLPDLCAT-PWY	"superpathway_of_glycerol_degradation_to_1,3-propanediol"	53.66812585	0.033250323	0.274756111	-0.102581709	-0.286669811	0.081506393	0.391190225
PWY-7315	dTDP-N-acetylthomosamine_biosynthesis	35.16989915	0.122667667	0.195507605	-0.102019898	-0.256490322	0.052450526	0.315908183
PWY-7198	pyrimidine_deoxyribonucleotides_de_novo_biosynthesis_IV	0	0.601574541	0.083449324	-0.101617039	-0.216674325	0.013440247	0.16247554
PRPP-PWY	"superpathway_of_histidine,_purine,_and_pyrimidine_biosynthesis"	44.48539432	0.063890559	0.238250355	-0.101017024	-0.268894372	0.066860325	0.357700125
PWY-5484	glycolysis_II_(from_fructose_6-phosphate)	0	0.747117164	0.086528507	-0.100588065	-0.215610731	0.0144346	0.167877491
P562-PWY	myo-inositol_degradation_I	50.89383751	0.037777188	0.27322779	-0.100003907	-0.278895293	0.078887479	0.390022052
PWY-7200	superpathway_of_pyrimidine_deoxyribonucleoside_salvage	30.75062882	0.11230773	0.188923889	-0.099796375	-0.24867892	0.04908617	0.3107375
PWY-7235	superpathway_of_ubiquinol-6_biosynthesis_(eukaryotic)	8.024516629	0.300373668	0.194777447	-0.098793998	-0.248135665	0.05054767	0.315908183
PWY-7115	"C4_photosynthetic_carbon_assimilation_cycle,_NAD-ME_type"	7.926349578	0.648512296	0.122144341	0.097355587	-0.026081522	0.220792695	0.22433844
PWY-6565	superpathway_of_polyamine_biosynthesis_III	0	0.925930726	0.119863709	0.09565361	-0.024883969	0.216191189	0.221505775
GLUDEG-I-PWY	GABA_shunt	13.12382956	0.24954138	0.154942744	-0.093628892	-0.222652896	0.035395112	0.265960909
PWY-7046	4-coumarate_degradation_(anaerobic)	65.7154746	0.007782085	0.391978341	-0.093422719	-0.307321841	0.120476402	0.510591172
PWY-5676	acetyl-CoA_fermentation_to_butanoate_II	69.3140199	0.005216517	0.421230425	-0.092720932	-0.318671826	0.133229962	0.544830902
PWY-6305	putrescine_biosynthesis_IV	70.69632397	0.003474875	0.433365219	-0.092369861	-0.323453545	0.138713823	0.555312176
UDPNAGSYN-PWY	UDP-N-acetyl-D-glucosamine_biosynthesis_I	53.26904425	0.031787309	0.326377282	0.091852383	-0.091580033	0.275284799	0.448882303
PWY5F9-12	biphenyl_degradation	11.89775088	0.309823634	0.196465757	-0.091591097	-0.230568519	0.047386325	0.316528164
PWY-5415	catechol_degradation_I_(meta-cleavage_pathway)	0	0.542721238	0.11894983	-0.091530544	-0.206587591	0.023526504	0.220677968
PYRIDNUCSYN-PWY	NAD_biosynthesis_I_(from_aspartate)	60.62421672	0.017402441	0.370090765	0.091427328	-0.108498587	0.291353243	0.492134732
PWY-5751	phenylethanol_biosynthesis	27.1860066	0.270730863	0.262550611	-0.091100066	-0.250467762	0.06826763	0.381251579
PWY-7007	methyl_ketone_biosynthesis	0	0.699719714	0.187932996	-0.090370812	-0.22488972	0.044148096	0.310033176
PWY3DJ-35471	L-ascorbate_biosynthesis_IV	0	0.939080256	0.127308683	-0.089432146	-0.204387316	0.025523024	0.230746989
PWY-6215	4-chlorobenzoate_degradation	0	0.646964286	0.127972182	-0.089334985	-0.204365479	0.025695509	0.231189089
PWY-5690	TCA_cycle_II_(plants_and_fungi)	0	0.655139485	0.131005292	-0.088628636	-0.203656281	0.026399008	0.235526005
PWY-5419	catechol_degradation_to_2-oxopent-4-enoate_II	0	0.64949766	0.307227772	0.088459211	-0.081342268	0.258260691	0.427481067
PWY-7527	L-methionine_salvage_cycle_III	5.258610447	0.544150035	0.272478312	-0.087745747	-0.244464093	0.0689726	0.389962467
PWY-7234	inosine-5'-phosphate_biosynthesis_III	59.37014365	0.018715799	0.384333534	-0.087331294	-0.284087751	0.109425164	0.507836396
PWY-5647	2-nitrobenzoate_degradation_I	0	0.491336534	0.26482881	-0.08703998	-0.240033263	0.065953303	0.382962977
GLUCOSE1PMETAB-PWY	glucose_and_glucose-1-phosphate_degradation	43.48692241	0.061752079	0.305729607	-0.086964082	-0.253379349	0.079451186	0.426910517
PWY-5430	meta_cleavage_pathway_of_aromatic_compounds	0	0.642159954	0.317128128	0.086666366	-0.083132587	0.25646532	0.439039193
PWY-5420	catechol_degradation_II_(meta-cleavage_pathway)	0	0.642159954	0.317128128	0.086666366	-0.083132587	0.25646532	0.439039193
LIPASYN-PWY	phospholipases	0	0.849871767	0.187067154	-0.084355873	-0.209675241	0.040963495	0.309531538
PWY-7397	naringenin_biosynthesis_(engineered)	0	1	0.389214275	0.083212423	-0.106201256	0.272626103	0.509178495
PWY66-388	fatty_acid_&alpha;-oxidation_III	0.496714101	0.229179027	0.158668235	-0.083191898	-0.198868118	0.032484322	0.270669342
PWY-5659	GDP-mannose_biosynthesis	78.91530621	0.000754408	0.555977828	-0.081542189	-0.352963089	0.189878711	0.67624168
PHOTOALL-PWY	oxygenic_photosynthesis	11.20721977	0.078832829	0.21098548	-0.081146978	-0.2082956	0.046001645	0.33310315
PHOSLIPSYN-PWY	superpathway_of_phospholipid_biosynthesis_I_(bacteria)	11.20721977	0.078832829	0.21098548	-0.081146978	-0.2082956	0.046001645	0.33310315
PWY-7413	dTDP-6-deoxy-&alpha;-D-allose_biosynthesis	1.369932347	0.313972811	0.536605183	-0.080842677	-0.337251001	0.175565647	0.661452922
POLYAMINSYN3-PWY	superpathway_of_polyamine_biosynthesis_II	44.16467422	0.052804269	0.344233938	-0.08082743	-0.248318844	0.086663984	0.462616829
PWY-1861	formaldehyde_assimilation_II_(RuMP_Cycle)	79.96751531	0.000242409	0.570189809	-0.080615339	-0.358901635	0.197670957	0.684476219
LACTOSECAT-PWY	lactose_and_galactose_degradation_I	67.07927955	0.002692698	0.471757724	0.080066207	-0.138002263	0.298134678	0.593466908
GALACT-GLUCUROCAT-PWY	superpathway_of_hexuronide_and_hexuronate_degradation	73.04315862	0.000910059	0.522304625	0.078537528	-0.16205557	0.319130627	0.649638484
PWY-7209	superpathway_of_pyrimidine_ribonucleosides_degradation	0	0.475436801	0.184170668	0.077958703	-0.037096763	0.193014169	0.306580176
GLUCONEO-PWY	gluconeogenesis_I	0.011186972	0.494318024	0.185302254	-0.077763582	-0.192827198	0.037300033	0.307534765
PWY-5514	UDP-N-acetyl-D-galactosamine_biosynthesis_II	16.93262334	0.310634062	0.253038966	-0.077559063	-0.210553892	0.055435766	0.368847804
PWY0-1479	tRNA_processing	56.73785273	0.028395532	0.42666631	-0.077324188	-0.267978189	0.113329813	0.54928303
PWY-5181	toluene_degradation_III_(aerobic)_(via_p-cresol)	6.716822567	0.250170176	0.218958172	-0.076698611	-0.198984572	0.04558735	0.342744184
PWY-5431	aromatic_compounds_degradation_via_&beta;-ketoadipate	0.003821254	0.514108205	0.195089863	-0.076054987	-0.19110377	0.038993796	0.315908183
PWY-5417	catechol_degradation_III_(ortho-cleavage_pathway)	0.003821254	0.514108205	0.195089863	-0.076054987	-0.19110377	0.038993796	0.315908183
PWY-5910	superpathway_of_geranylgeranyldiphosphate_biosynthesis_I_(via_mevalonate)	0	0.562379884	0.198890334	-0.075402313	-0.190435844	0.039631219	0.31928427
GALACTUROCAT-PWY	D-galacturonate_degradation_I	73.31939604	0.000767762	0.541052991	0.075402296	-0.166385337	0.31718993	0.663964806
PWY-7159	"chlorophyllide_a_biosynthesis_III_(aerobic,_light_independent)"	0	0.687362339	0.336957537	-0.074441996	-0.226394222	0.07751023	0.457851008
PWY-5531	chlorophyllide_a_biosynthesis_II_(anaerobic)	0	0.687362339	0.336957537	-0.074441996	-0.226394222	0.07751023	0.457851008
PWY-6185	4-methylcatechol_degradation_(ortho_cleavage)	0.012923471	0.578178609	0.207968274	-0.073908292	-0.188950248	0.041133664	0.331186471
P621-PWY	nylon-6_oligomer_degradation	33.74009742	0.119394191	0.351104733	0.072579351	-0.079979098	0.2251378	0.469559971
CATECHOL-ORTHO-CLEAVAGE-PWY	catechol_degradation_to_&beta;-ketoadipate	0.003726146	0.527590566	0.216473444	-0.072545712	-0.18758745	0.042496026	0.339820136
PWY-5994	palmitate_biosynthesis_I_(animals_and_fungi)	68.65830003	0.006383816	0.538937719	0.070109067	-0.153534713	0.293752846	0.662845275
THRESYN-PWY	superpathway_of_L-threonine_biosynthesis	58.06191457	0.025256555	0.479361738	0.069866055	-0.123728235	0.263460345	0.601659038
PWY-6182	superpathway_of_salicylate_degradation	0	0.558791022	0.237876809	-0.069270839	-0.18429851	0.045756833	0.357700125
PWY0-1261	anhydromuropeptides_recycling	45.59618939	0.063492036	0.424006484	-0.069212363	-0.238887757	0.100463031	0.547137172
PWY-6507	4-deoxy-L-threo-hex-4-enopyranuronate_degradation	74.6679513	0.000440158	0.585933574	0.068930219	-0.179080186	0.316940624	0.698808224
PWY-6906	chitin_derivatives_degradation	0	0.457500107	0.266212245	-0.067002319	-0.185116065	0.051111427	0.382984196
PWY-7384	"anaerobic_energy_metabolism_(invertebrates,_mitochondrial)"	0	0.706650282	0.270235489	-0.065981148	-0.183276639	0.051314343	0.387759777
NONOXIPENT-PWY	pentose_phosphate_pathway_(non-oxidative_branch)	49.91580949	0.047961359	0.468569903	0.065459946	-0.111551288	0.242471179	0.59080553
ALL-CHORISMATE-PWY	superpathway_of_chorismate_metabolism	44.45544801	0.166579738	0.655166097	-0.065007435	-0.350303225	0.220288356	0.75983093
PWY-6598	sciadonate_biosynthesis	43.87950091	0.16979221	0.661653099	-0.063371708	-0.347186135	0.22044272	0.75983093
PWY-5080	very_long_chain_fatty_acid_biosynthesis_I	43.87950091	0.16979221	0.661653099	-0.063371708	-0.347186135	0.22044272	0.75983093
PWY-7626	bacilysin_biosynthesis	43.87950091	0.16979221	0.661653099	-0.063371708	-0.347186135	0.22044272	0.75983093
PWY-7619	juniperonate_biosynthesis	43.87950091	0.16979221	0.661653099	-0.063371708	-0.347186135	0.22044272	0.75983093
PWY0-1586	peptidoglycan_maturation_(meso-diaminopimelate_containing)	0.002524501	0.3622875	0.289722198	0.062159558	-0.052912607	0.177231723	0.409325464
PWY-922	mevalonate_pathway_I	3.682885993	0.358120832	0.319332633	-0.060473859	-0.179496742	0.058549023	0.44098316
PWY-6470	peptidoglycan_biosynthesis_V_(&beta;-lactam_resistance)	38.3707132	0.12715846	0.458148642	0.059990837	-0.098494225	0.2184759	0.581225411
PWY-6148	tetrahydromethanopterin_biosynthesis	0	0.730372263	0.658326903	-0.059877782	-0.325259615	0.205504052	0.75983093
PWY1F-823	leucopelargonidin_and_leucocyanidin_biosynthesis	28.24815728	0.20349343	0.458862166	-0.059875897	-0.218308669	0.098556876	0.581225411
PWY-241	"C4_photosynthetic_carbon_assimilation_cycle,_NADP-ME_type"	35.80345872	0.158035516	0.461879598	0.058222796	-0.096875748	0.21332134	0.583705638
PWY-5005	biotin_biosynthesis_II	13.15456095	0.067069865	0.377333445	-0.058190703	-0.187380868	0.070999462	0.499785404
DAPLYSINESYN-PWY	L-lysine_biosynthesis_I	59.59968501	0.017579988	0.565081558	0.05788624	-0.139320336	0.255092816	0.680225011
PWY-7389	superpathway_of_anaerobic_energy_metabolism_(invertebrates)	0	0.5723451	0.334711075	-0.057741858	-0.175058851	0.059575135	0.457632264
PWY-6126	superpathway_of_adenosine_nucleotides_de_novo_biosynthesis_II	57.75346346	0.023389393	0.559547914	-0.057433038	-0.250345035	0.13547896	0.677606374
RHAMCAT-PWY	L-rhamnose_degradation_I	59.23410966	0.018288647	0.576694448	-0.05591698	-0.252247007	0.140413047	0.689281216
COLANSYN-PWY	colanic_acid_building_blocks_biosynthesis	56.63906572	0.023772941	0.565413893	-0.055875814	-0.24639602	0.134644391	0.680225011
PWY-5534	propylene_degradation	0	0.726502839	0.404117734	-0.055782539	-0.186830259	0.075265181	0.523926756
PWY-7456	mannan_degradation	1.296299547	0.296202364	0.363333411	0.054027105	-0.062460785	0.170514996	0.484737795
PWY-5384	sucrose_degradation_IV_(sucrose_phosphorylase)	58.39304492	0.023014603	0.600491787	0.051934034	-0.142433188	0.246301256	0.713083997
PWY-7165	L-ascorbate_biosynthesis_VI_(engineered_pathway)	0	0.664099091	0.40154905	-0.049214355	-0.164202082	0.065773372	0.521824356
PWY-181	photorespiration	0.001164112	0.423740753	0.44070791	0.048829518	-0.075300574	0.17295961	0.563410808
PWY-7013	"L-1,2-propanediol_degradation"	42.80054842	0.08088626	0.563752627	-0.048660296	-0.213871272	0.11655068	0.680225011
PWY-6641	superpathway_of_sulfolactate_degradation	0.003505516	0.364870901	0.534306629	0.048506466	-0.104477096	0.201490029	0.660096306
GLCMANNANAUT-PWY	"superpathway_of_N-acetylglucosamine,_N-acetylmannosamine_and_N-acetylneuraminate_degradation"	77.56927107	0.000340924	0.719818506	-0.048187515	-0.311486744	0.215111715	0.812848951
ANAGLYCOLYSIS-PWY	glycolysis_III_(from_glucose)	77.57015136	0.000526686	0.722501602	0.047703883	-0.215583351	0.310991116	0.812848951
GLYCOLYSIS	glycolysis_I_(from_glucose_6-phosphate)	0	0.61080518	0.428198387	-0.046484886	-0.161480711	0.068510938	0.549970422
PWY-6662	superpathway_of_quinolone_and_alkylquinolone_biosynthesis	0.00650703	0.206745645	0.575212756	-0.046302376	-0.208244639	0.115639887	0.689004845
PWY-7218	photosynthetic_3-hydroxybutanoate_biosynthesis_(engineered)	0	0.759237057	0.452593609	0.046188057	-0.074338046	0.16671416	0.575933207
PWY-6124	inosine-5'-phosphate_biosynthesis_II	64.75503349	0.010984129	0.668319435	-0.04612708	-0.257134731	0.164880572	0.76558006
PWY-6731	starch_degradation_III	18.1165437	0.172614145	0.507375472	-0.045433432	-0.179758184	0.08889132	0.633931713
PANTO-PWY	phosphopantothenate_biosynthesis_I	0	0.787591223	0.452573124	0.044055083	-0.070899889	0.159010056	0.575933207
PWY-6660	2-heptyl-3-hydroxy-4(1H)-quinolone_biosynthesis	0.001453289	0.206840854	0.594369199	-0.043995522	-0.205924486	0.117933442	0.707337859
PWY-4321	L-glutamate_degradation_IV	28.01172357	0.190792762	0.557193689	-0.043548275	-0.188950116	0.101853567	0.67624168
P165-PWY	superpathway_of_purines_degradation_in_plants	0.007999937	0.411306452	0.544504859	-0.042466238	-0.179809886	0.09487741	0.665237643
PWY-5104	L-isoleucine_biosynthesis_IV	17.21261546	0.218787744	0.532936695	0.042410295	-0.090899622	0.175720213	0.659883413
P125-PWY	"superpathway_of_(R,R)-butanediol_biosynthesis"	55.52658068	0.033849283	0.659340939	0.042254822	-0.145616221	0.230125865	0.75983093
PWY-6562	norspermidine_biosynthesis	9.756582855	0.433912693	0.529013582	-0.040257329	-0.165597039	0.085082381	0.656501089
PROTOCATECHUATE-ORTHO-CLEAVAGE-PWY	protocatechuate_degradation_II_(ortho-cleavage_pathway)	0.00297447	0.528223431	0.494342134	-0.040104589	-0.155119761	0.074910582	0.619051172
PYRIDNUCSAL-PWY	NAD_salvage_pathway_I	56.61181169	0.029069762	0.68351338	-0.039575807	-0.22984364	0.150692025	0.778131967
PWY1G-0	mycothiol_biosynthesis	68.00225468	0.004419033	0.731009822	-0.038798758	-0.259997206	0.182399691	0.820338924
CRNFORCAT-PWY	creatinine_degradation_I	0.007029135	0.423575289	0.511907179	-0.038497706	-0.153541863	0.076546451	0.638146732
PWY-5156	superpathway_of_fatty_acid_biosynthesis_II_(plant)	0	0.57095151	0.609094146	-0.037348535	-0.180497766	0.105800696	0.719789435
TEICHOICACID-PWY	teichoic_acid_(poly-glycerol)_biosynthesis	59.83488796	0.019015159	0.722860229	-0.03577002	-0.233458362	0.161918323	0.812848951
PWY-6210	2-aminophenol_degradation	0	0.483799514	0.54243613	-0.035746925	-0.150767222	0.079273372	0.664182906
PWY-2723	trehalose_degradation_V	0.003285747	0.235423215	0.54852498	-0.035232582	-0.150328965	0.0798638	0.668666513
PWY-7528	L-methionine_salvage_cycle_I_(bacteria_and_plants)	0	0.469595298	0.660107773	-0.034315455	-0.187254304	0.118623393	0.75983093
PWY-1269	CMP-3-deoxy-D-manno-octulosonate_biosynthesis_I	90.54006767	3.64E-08	0.86862663	-0.034030096	-0.437273564	0.369213372	0.932969343
FERMENTATION-PWY	mixed_acid_fermentation	14.87610489	0.238286293	0.611434279	-0.033905413	-0.164712169	0.096901343	0.71987241
P185-PWY	formaldehyde_assimilation_III_(dihydroxyacetone_cycle)	66.21733463	0.005727884	0.758874336	0.033741903	-0.181703305	0.249187111	0.844726786
PWY-7211	superpathway_of_pyrimidine_deoxyribonucleotides_de_novo_biosynthesis	74.08629415	0.00252411	0.796693373	-0.032254391	-0.277636256	0.213127475	0.879715528
PWY-7090	"UDP-2,3-diacetamido-2,3-dideoxy-&alpha;-D-mannuronate_biosynthesis"	0	0.526405135	0.634498872	-0.031794075	-0.162872508	0.099284357	0.742878826
PWY-7118	chitin_degradation_to_ethanol	0	0.60381286	0.613484767	-0.031063118	-0.151597537	0.0894713	0.720746496
PWY4FS-7	phosphatidylglycerol_biosynthesis_I_(plastidic)	0.005852659	0.345555149	0.608883828	-0.030037273	-0.145096346	0.0850218	0.719789435
PWY4FS-8	phosphatidylglycerol_biosynthesis_II_(non-plastidic)	0.00909497	0.34551982	0.61005747	-0.029939798	-0.14500237	0.085122774	0.719789435
PWY-6123	inosine-5'-phosphate_biosynthesis_I	63.4128493	0.013329958	0.77706523	-0.029926206	-0.237078596	0.177226183	0.859764944
P101-PWY	ectoine_biosynthesis	58.33259941	0.121338529	0.851177359	-0.029826459	-0.341413188	0.281760271	0.919605342
PWY-6748	nitrate_reduction_VII_(denitrification)	0.015259483	0.320817546	0.672577787	0.029637737	-0.10781408	0.167089553	0.76885967
PWY66-400	glycolysis_VI_(metazoan)	44.90966932	0.061936873	0.739193505	-0.02862773	-0.197163896	0.139908435	0.827836629
PWY-6892	thiazole_biosynthesis_I_(E._coli)	74.814145	0.000902627	0.825164283	0.028034249	-0.220694574	0.276763071	0.898530307
PWY-5754	4-hydroxybenzoate_biosynthesis_I_(eukaryotes)	0.0007141	0.281023902	0.635019831	0.027868932	-0.087204109	0.142941974	0.742878826
PWY-1622	formaldehyde_assimilation_I_(serine_pathway)	0	0.661292089	0.674402783	0.026592833	-0.097471344	0.15065701	0.769349758
PWY-7199	pyrimidine_deoxyribonucleosides_salvage	41.15068252	0.0664045	0.755851403	0.025826945	-0.136972913	0.188626802	0.843065027
PWY-3781	aerobic_respiration_I_(cytochrome_c)	0.000625948	0.204381605	0.661921681	-0.025678753	-0.140780187	0.089422681	0.75983093
PWY-7539	6-hydroxymethyl-dihydropterin_diphosphate_biosynthesis_III_(Chlamydia)	89.62947772	2.45E-08	0.900584154	0.024555896	-0.360709417	0.409821209	0.952441207
PWY-1361	benzoyl-CoA_degradation_I_(aerobic)	26.91498982	0.262567707	0.771346273	0.024162228	-0.138792885	0.187117341	0.856110092
PWY3O-1109	superpathway_of_4-hydroxybenzoate_biosynthesis_(yeast)	0.000788751	0.188040388	0.689890766	0.023433343	-0.091674745	0.13854143	0.783772808
PWY-4041	&gamma;-glutamyl_cycle	0.008057522	0.124162923	0.692513818	0.023232946	-0.091917404	0.138383296	0.785133978
PWY-7117	"C4_photosynthetic_carbon_assimilation_cycle,_PEPCK_type"	29.8152616	0.126390322	0.772208196	0.021804652	-0.125822809	0.169432114	0.856110092
P4-PWY	"superpathway_of_L-lysine,_L-threonine_and_L-methionine_biosynthesis_I"	54.10079486	0.030283965	0.820420099	0.021431135	-0.163605805	0.206468074	0.898530307
GLYCOCAT-PWY	glycogen_degradation_I_(bacterial)	0.006671288	0.378344042	0.721383384	-0.020932756	-0.135981089	0.094115577	0.812848951
ANAEROFRUCAT-PWY	homolactic_fermentation	47.4296063	0.060710044	0.822327905	0.01977649	-0.152839335	0.192392314	0.898530307
DHGLUCONATE-PYR-CAT-PWY	glucose_degradation_(oxidative)	0.000133984	0.405473964	0.748263635	-0.019735636	-0.140263994	0.100792723	0.836294651
ASPASN-PWY	superpathway_of_L-aspartate_and_L-asparagine_biosynthesis	60.47060386	0.018531118	0.846818188	0.019656354	-0.17977316	0.219085868	0.916693166
PWY-7124	ethylene_biosynthesis_V_(engineered)	11.53886381	0.273937445	0.813366884	0.018977308	-0.138571352	0.176525969	0.896330306
PWY-6281	L-selenocysteine_biosynthesis_II_(archaea_and_eukaryotes)	16.49961927	0.264796652	0.821269187	-0.017094615	-0.165403247	0.131214018	0.898530307
PWY-6992	"1,5-anhydrofructose_degradation"	8.13E-05	0.288296093	0.82479977	0.016443532	-0.129140213	0.162027276	0.898530307
PWY-7229	superpathway_of_adenosine_nucleotides_de_novo_biosynthesis_I	48.54079922	0.060337996	0.855925375	-0.016160667	-0.190613916	0.158292582	0.922925404
PWY-6957	mandelate_degradation_to_acetyl-CoA	23.3125189	0.253484997	0.879770431	0.015968696	-0.190946679	0.222884072	0.938448149
PWY-6147	6-hydroxymethyl-dihydropterin_diphosphate_biosynthesis_I	89.63699246	2.29E-08	0.935633791	0.015880725	-0.369534334	0.401295784	0.978146648
MET-SAM-PWY	superpathway_of_S-adenosyl-L-methionine_biosynthesis	57.36756906	0.021677695	0.871900628	0.015794698	-0.176193178	0.207782575	0.934663903
PWY-5532	adenosine_nucleotides_degradation_IV	0.007701781	0.323109799	0.823037625	-0.013763337	-0.134384311	0.106857637	0.898530307
PWY-6703	preQ0_biosynthesis	40.87414452	0.095508737	0.868493838	0.01370098	-0.148484887	0.175886847	0.932969343
PWY-3801	sucrose_degradation_II_(sucrose_synthase)	39.47458911	0.113143171	0.874225612	-0.01293824	-0.173137498	0.147261018	0.935336529
UDPNACETYLGALSYN-PWY	UDP-N-acetyl-D-glucosamine_biosynthesis_II	0	0.605810052	0.826778341	0.012838273	-0.102145696	0.127822242	0.898530307
HOMOSER-METSYN-PWY	L-methionine_biosynthesis_I	51.3187656	0.039122788	0.892539405	-0.012379098	-0.191980018	0.167221822	0.947570736
PWY-6396	"superpathway_of_2,3-butanediol_biosynthesis"	46.32720639	0.076279062	0.887562664	-0.012309439	-0.182945502	0.158326623	0.944106231
PWY-7345	superpathway_of_anaerobic_sucrose_degradation	39.56197245	0.112572098	0.880540278	-0.012293113	-0.172616243	0.148030018	0.938448149
PWY-7328	superpathway_of_UDP-glucose-derived_O-antigen_building_blocks_biosynthesis	0	0.790443287	0.846012173	-0.011389432	-0.126331926	0.103553062	0.916693166
PWY-2201	folate_transformations_I	60.19948922	0.112944435	0.961893932	0.009859108	-0.394592388	0.414310604	0.990660854
SER-GLYSYN-PWY	superpathway_of_L-serine_and_glycine_biosynthesis_I	46.4520299	0.060552039	0.912237816	-0.009615723	-0.180610999	0.161379553	0.961076552
PWY-5913	TCA_cycle_VI_(obligate_autotrophs)	14.66668188	0.226527337	0.904470336	0.007996339	-0.122590537	0.138583216	0.954718688
PWY-6785	hydrogen_production_VIII	0	0.980942948	0.895400694	0.007911572	-0.110031502	0.125854647	0.948780351
PWY-6145	superpathway_of_sialic_acids_and_CMP-sialic_acids_biosynthesis	8.762918352	0.414935998	0.931168044	-0.007239224	-0.171506212	0.157027764	0.97542508
PWY-5347	superpathway_of_L-methionine_biosynthesis_(transsulfuration)	53.56451114	0.031379411	0.939091791	0.007170728	-0.176759503	0.191100959	0.978146648
PWY0-781	aspartate_superpathway	50.07041517	0.040963443	0.937768055	0.007062412	-0.170228625	0.184353449	0.978146648
PWY-6350	archaetidylinositol_biosynthesis	52.49738097	0.146804226	0.972347097	-0.006843217	-0.393762864	0.380076429	0.995121891
PWY-5724	superpathway_of_atrazine_degradation	52.49738097	0.146804226	0.972347097	-0.006843217	-0.393762864	0.380076429	0.995121891
CENTFERM-PWY	pyruvate_fermentation_to_butanoate	65.68171821	0.009986559	0.951432459	0.006644475	-0.207168603	0.220457554	0.987621532
PWY-6797	6-hydroxymethyl-dihydropterin_diphosphate_biosynthesis_II_(archaea)	4.756821427	0.259957476	0.916280973	-0.006445018	-0.126613028	0.113722992	0.963493924
PWY-6590	superpathway_of_Clostridium_acetobutylicum_acidogenic_fermentation	65.65969708	0.009953941	0.953858568	0.006310277	-0.207438306	0.220058861	0.987924945
PWY-7312	dTDP-D-&beta;-fucofuranose_biosynthesis	0	0.790691494	0.921272038	0.005795943	-0.109145512	0.120737398	0.966896939
DENITRIFICATION-PWY	nitrate_reduction_I_(denitrification)	18.49667178	0.23803918	0.951773201	-0.004155159	-0.138810213	0.130499895	0.987621532
UNMAPPED	374423	35.23242045	0.163758485	0.959893595	-0.003959106	-0.15826716	0.150348947	0.990452006
PWY-5154	L-arginine_biosynthesis_III_(via_N-acetyl-L-citrulline)	77.04488845	0.000438634	0.978463891	-0.003584037	-0.26380404	0.256635965	0.995121891
PWY-1541	superpathway_of_taurine_degradation	0	0.512325614	0.95885953	0.003026828	-0.111977465	0.118031121	0.990452006
PWY-101	photosynthesis_light_reactions	0	0.963159076	0.966982935	0.002491062	-0.115462272	0.120444396	0.994044025
PWY-7290	Escherichia_coli_serotype_O86_O-antigen_biosynthesis	49.52618126	0.140591844	0.989976175	0.002152936	-0.333719528	0.3380254	0.995121891
UNINTEGRATED	587262	31.91204254	0.194372123	0.979422021	-0.001974671	-0.15202328	0.148073939	0.995121891
METSYN-PWY	L-homoserine_and_L-methionine_biosynthesis	54.94923666	0.028378664	0.986469488	0.001615988	-0.185147132	0.188379107	0.995121891
PWY-5651	L-tryptophan_degradation_to_2-amino-3-carboxymuconate_semialdehyde	62.81093235	0.101045602	0.995121891	0.001332619	-0.425875768	0.428541005	0.995121891
PWY-7411	superpathway_of_phosphatidate_biosynthesis_(yeast)	62.81093235	0.101045602	0.995121891	0.001332619	-0.425875768	0.428541005	0.995121891
PWY-6981	chitin_biosynthesis	62.81093235	0.101045602	0.995121891	0.001332619	-0.425875768	0.428541005	0.995121891
PWY-3502	superpathway_of_NAD_biosynthesis_in_eukaryotes	62.81093235	0.101045602	0.995121891	0.001332619	-0.425875768	0.428541005	0.995121891
PWY-6351	"D-myo-inositol_(1,4,5)-trisphosphate_biosynthesis"	62.81093235	0.101045602	0.995121891	0.001332619	-0.425875768	0.428541005	0.995121891
NADSYN-PWY	NAD_biosynthesis_II_(from_tryptophan)	62.81093235	0.101045602	0.995121891	0.001332619	-0.425875768	0.428541005	0.995121891
PWY-7283	wybutosine_biosynthesis	62.81093235	0.101045602	0.995121891	0.001332619	-0.425875768	0.428541005	0.995121891
PWY-5872	ubiquinol-10_biosynthesis_(eukaryotic)	62.81093235	0.101045602	0.995121891	0.001332619	-0.425875768	0.428541005	0.995121891
PWY-5654	2-amino-3-carboxymuconate_semialdehyde_degradation_to_2-oxopentenoate	0	0.795534608	0.989431135	0.000776829	-0.114163534	0.115717192	0.995121891
