ID	S1	S2	S3	S4	S5	S6	S7	S8	S9	S11	S12	S13	S14	S15	S16	S17	S18	S19	S21	S22	S23	S24	S25	S26	S27	S28	S29	S31	S32	S33	S34	S35	S36	S37	S38	S39
s__Actinobaculum_sp_oral_taxon_183	0	0	0.00336	0	0	0.03138	0	0	0	0	0	0	0	0	0	0	0	0	0	0	0	0	0	0	0	0	0	0	0	0	0	0	0	0	0	0
s__Actinomyces_odontolyticus	0	0	0.00324	0	0	0	0	0	0	0	0	0	0	0	0	0	0	0	0	0	0	0	0	0	0	0	0	0	0	0	0.00304	0	0	0	0	0
s__Actinomyces_sp_ICM47	0	0	0	0	0	0	0	0.0013	0	0	0	0	0	0	0	0	0	0	0	0	0	0	0	0	0	0	0	0	0	0	0	0	0	0	0	0
s__Actinomyces_sp_S6_Spd3	0	0	0	0	0	0	0	0	0	0	0	0	0	0	0	0	0	0	0	0	0	0	0	0	0	0	0	0	0	0	0.00233	0	0	0	0	0
s__Actinomyces_turicensis	0	0	0	0	0	0	0	0	0	0	0	0	0	0	0	0	0	0	0	0	0	0	0	0	0	0	0	0	0	0	0.0246	0	0	0	0	0
s__Bifidobacterium_adolescentis	0.02678	0	0	0	0	0	0	0	0	0	0.00919	0	0	0	0	0	1.44518	0.01521	0	0	0	0	0	0	0	0	3.22469	0	4.1569	0	0	0	0	0.14168	0	0.05664
s__Bifidobacterium_bifidum	0	0	0	0	0	0	0	0	0.02928	0	0	0	0	0	0	0	0.41793	0.00401	0	0	0	0	0	0	0	0	0	0	0	0	0	0	0	0	0	0
s__Bifidobacterium_dentium	0	0	0	0	0	0	0	0	0	0	0	0	0	0	0	0	0	0	0	0	0	0.01181	0	0	0	0	0	0	0	0.00783	0	0	0	0	0.06355	0
s__Bifidobacterium_longum	0.02677	0	0	0.34219	1.30754	0.06729	0.34934	0.35596	0.02129	0	0.6315	0.08434	0.07056	0.00284	0	0.01151	0.30469	0.00403	0	0	0	0	0	0	0	0	0.79874	0	1.12209	0.01493	0	0	0.03466	0.04263	0.01903	0.04514
s__Bifidobacterium_pseudocatenulatum	0	0	0	0.36346	6.19095	0.43002	0.10747	1.12381	0.18081	0	1.42467	0.03582	0.44544	0.08164	0	0.01636	0.21399	0.22872	0	0	0	0	0	0.00129	0	0	0.45895	0	0.68738	0.0276	3.66377	0.0227	0.23726	0.0243	0	0.01593
s__Bifidobacterium_pseudolongum	0	0	0	0	0	0	0	0	0	0	0	0	0	0	0	0	0	0	0	0	0	0	0	0	0	0	0	0	0	0	0	0	0	0	0	0
s__Gardnerella_vaginalis	0	0	0	0	0	0	0	0	0	0	0	0	0	0	0	0	0	0	0	0	0	0	0	0	0	0	0	0	0	0	0.23192	0	0	0	0	0
s__Scardovia_wiggsiae	0	0	0	0	0	0	0	0	0	0	0	0	0	0	0	0	0	0	0	0	0	0	0	0	0.00112	0	0	0	0	0	0	0	0	0	0	0
s__Kocuria_polaris	0	0	0	0	0	0	0	0	0	0	0	0	0	0	0	0	0	0	0	0	0	0	0	0	0	0	0	0	0	0	0	0	0	0	0	0
s__Rothia_mucilaginosa	0	0	0.0017	0	0	0	0	0	0.00043	0	0	0	0	0	0	0	0	0	0	0	0	0	0	0	0	0	0	0	0	0	0	0	0	0	0	0
s__Cutibacterium_acnes	0	0	0	0	0	0	0	0	0	0	0	0	0	0	0	0	0	0	0	0	0	0	0	0	0	0	0	0	0	0	0	0	0	0	0	0
s__Atopobium_minutum	0	0	0	0	0	0	0	0	0	0	0	0	0	0	0	0	0	0	0	0	0	0	0	0	0	0	0	0.00719	0	0	0.03706	0	0	0	0	0
s__Collinsella_aerofaciens	0.24448	0.00042	0	0.63569	1.71196	0	0.35056	0.74718	0.78393	0.19519	0.54896	0	0.61555	0.51981	0.20153	0.36272	0.18351	0.02202	0	0	0	0.0619	0.09902	0.06008	0.76404	0	0.64958	0	1.09155	0.1137	0.42898	0.95457	0	0.31627	0.18811	0.03984
s__Collinsella_intestinalis	0	0	0	0	0	0	0	0	0	0	0	0.00191	0	0	0	0.0415	0	0.3586	0	0	0	0	0	0	0	0	0	0	0	0	0	0	0	0	0	0
s__Collinsella_stercoris	0	0	0	0	0.00166	0	0	0.00206	0.00019	0	0.001	0.00149	0.00129	0.00064	0	0.00237	8e-04	0.00279	0	0	0	0	0	0	0	0.00019	0.00267	0	0.00452	0	0.00097	0.00194	0	0.00036	0	0
s__Adlercreutzia_equolifaciens	0	0	0	0.01941	0	0	0.03548	0.36302	0	0	0	0	0.01592	0.14713	0.05726	0	0	0	0	0	0	0.02761	0	0	0.44798	0	0.05008	0	0.05321	0	0	0.00464	0	0	0.31735	0
s__Asaccharobacter_celatus	0	0	0	0.00367	0	0	0.00822	0.10025	0	0	0	0	0.00311	0.04355	0.01902	0	0	0	0	0	0	0.00586	0	0	0.11485	0	0.0133	0	0.0132	0	0	0	0	0	0.11031	0
s__Eggerthella_lenta	0.09423	0.05542	0	0.09008	0.09626	0.34131	0.03502	0.07995	0.00282	0.07063	0.25205	0.0203	0.01974	0	0.00444	0.0019	0.02801	0	0.02768	0	0.32042	0	0	0	0.01816	0.1275	0	0.06308	0.00181	0	0.0164	0	0.11523	0	0.02488	0.07332
s__Enterorhabdus_caecimuris	0	0	0	0	0	0	0	0.00129	0	0	0	0	0	0	0	0	0	0	0	0	0	0	0	0	0.00101	0	0	0	0	0	0	0	0	0	0.00026	0
s__Gordonibacter_pamelaeae	0.00998	0.01516	0	0.02683	0.00896	0.02863	0.02011	0.12993	0	0.04434	0.02155	0.0022	0.00907	0	0	0	0.00105	0	0.00055	0	0.02765	0	0	0	0.03693	0.00957	0.0061	0.00596	0.01944	0	0	0.00052	0.01518	0.0016	0.01258	0.00507
s__Bacteroides_caccae	3.1631	1.03629	0.01675	0	0	2.63615	0.01566	0.7042	0.31041	3.69676	3.05078	4.68325	2.81743	1.00564	0.52454	4.00543	0.08759	0.02553	0	0	0	9.52732	0.00324	5.04104	1.63046	0	0.73032	1.94343	0.25693	1.96979	5.18582	1.01463	12.45468	0.0256	5.70495	0.00184
s__Bacteroides_cellulosilyticus	1.69192	0.34801	0.00376	0.00578	0	0	0	0.41626	0.00557	0.53364	0	0.00133	0	0	0.05462	0	0.00068	0.00053	1.9707	0	0.9562	0	0	0	0	0	0.03848	0	0.02429	0.02455	0	0.04985	0.00478	0	0	1.68554
s__Bacteroides_clarus	0	0	0	0.34705	0	0	0	0.76202	0.03263	0.04869	0	0	1.51074	0.01778	0.01028	0	0	0	0	0	0	0	0	0	0	0	0	0	0	0	0	0	0	0	0	0
s__Bacteroides_coprocola	0	1.36045	0.02893	0	0	0	0	6.98596	6.63299	0.01542	19.63885	0	0	8.49851	0.8187	0	0.04764	0.07186	0	0	0	0	0	0	0.38935	0	0	2.39331	0	0.0058	5.02844	0.02472	0	0	0	0
s__Bacteroides_coprophilus	0	0	0	0	0	0	0	0.26125	0	0	0	0	0	0	0	0	0	0	0	0	0	0	0	0	0	0	0	0	0	0	0	0.14325	0	0	0	0
s__Bacteroides_dorei	0.00183	0	0	0.00162	0	2.68128	0.00907	0	0.01542	22.88755	0.00522	0	5.84494	0	0	0	62.95153	0.39852	0	0	0	2.86889	0.16553	0	0	0	0	0	0.00038	1.99951	0	2.92501	0	0.26153	1.48857	0.00305
s__Bacteroides_eggerthii	0	0	0	0	0	0	0	0.78642	0	6.17986	0.6504	0	0.72875	4.59263	0.0038	0	0.00706	0.00288	0	0	0	0.09157	0.15602	0	0.4473	0	0	0	0	0	0	0	0	0.17246	0.09299	0
s__Bacteroides_faecichinchillae	0	0	0	0	0	0	0	0.00044	0	0	0	0	0	0	0	0	0	0	0	0	0	0	0	0	0	0	0	0	0	0	0	0.00136	0	0	0	0
s__Bacteroides_faecis	0	0	0	0	0	0	0	0.59663	0.05281	2.73267	0	0	0	0	0	0	0	0	0	0	0	0	0	0	0	0	0	0	0	0	0	0	0	0	0	0
s__Bacteroides_faecis_CAG_32	0	0	0	0	0	0	0	0.41308	0	0	0	0	0	0	0	0	0	0	0	0	0	0	0	0	0	0	0	0	0	0	0	0	0	0	0	0
s__Bacteroides_finegoldii	0	0.00447	0	0	0	0	0	0.27152	0	0.52217	0	0	0	0.52069	0	0	0	0	0	0	0	0	0.05996	0.47102	0.02706	0.99889	0	0	0	0.06263	1.21167	0.27034	0	0.03893	0	0
s__Bacteroides_fragilis	0.58575	1.03568	15.27708	4.17166	41.72369	0	0.17065	0	1.79547	0.73216	0	1.30245	0.14717	0.01711	0	4.92512	10.72261	0.45611	20.4612	14.88271	0.13209	0.01402	0.05264	0	0.15958	0.99431	0.99186	0.02184	0.81081	0.27019	20.08847	0.03293	3.43912	0.16042	0.0038	18.77989
s__Bacteroides_galacturonicus	0	0	0	0	0	0	0	0	0	0	0	0	0	0.0284	0	0	0	0	0	0	0	0	0	0.00933	0	0	0	0	0	0	0	0	0	0.00367	0	0
s__Bacteroides_intestinalis	0.01857	0	0	0.00458	0.85091	0.71434	0.44885	0	0.07267	0.54111	0.00515	0.76832	0.09139	0.34733	0.05854	0	0.00053	0.00028	0.03403	0	17.40548	0.04236	0.07162	0	6.53891	0	0.49862	0	0.3432	0	0	0	0.02398	0.07107	0.05633	0.03582
s__Bacteroides_massiliensis	0	1.32274	0.02556	0	0	0.01726	0	0.1553	0	0	0	0.0172	1.48331	1.43318	0.07355	0	0.00337	0.01988	0	0	0	0	0	0	0.64143	0	0	0	0	0	0	0	0	0	0	0
s__Bacteroides_nordii	0	0	0	0	0	0	0.00694	0.00294	0	0	0	0.02095	0.01552	0	0.00099	0	0	0	0.42957	0	0	0	0	0	0.01729	0	0.01293	0	0.0024	0	0.01391	0.00304	0.01724	0	0	0.50249
s__Bacteroides_oleiciplenus	0	0	0	0	0	0	0	0	0	0	0	0	0	0	0	0	0	0	0	0	0	0	0	0	0.15578	0	0	0	0	0	0	0	0	0	0	0
s__Bacteroides_ovatus	5.00331	1.83727	0.02737	0.18132	16.39805	1.07365	0.70984	0.79539	0.20839	0.70132	1.00536	1.3678	1.29195	0.15181	0.03912	12.27807	0.0256	0.01261	0	4.33463	0.00525	1.21578	0.17637	6.8216	0.81272	0	0.64835	0.04634	0.51196	5.41432	0.29672	0.09697	5.85184	0.23666	0.98516	0.00113
s__Bacteroides_plebeius	0	5.8844	0.10729	3.93566	0.00434	0	0	3.575	4.06417	0.01556	20.78982	0	15.09657	0	3.01588	0	0.08144	0.12072	0	0	0	6.04575	0	0	0.31176	0.00583	15.30395	0	23.6158	0.0154	23.33541	0.04484	0	0.27242	3.87421	0.12009
s__Bacteroides_salyersiae	0	0.04287	0	0	0	0.55069	0.00129	0.02505	0.03968	1.01847	0	1.62809	0.0037	0.28188	0.14399	0	0.00439	0	0	0	0	0.05072	0	0	0.59845	1.16193	0.28399	0	0.1743	1.01663	0	0	0.7467	0	0.06697	0
s__Bacteroides_sp_OM05_12	0	0	0	0	0	0	0	0	0	0.09873	0	0.24028	0	0.07323	0	0	0	0	0	0	0	0	0	0	0	0	0	0	0	0	0	0	0	0	0	0
s__Bacteroides_sp_OM08_11	0	0	0	0	0	0	0	0.0114	0	0	0	0	0	0	0	0	0	0	0	0	0	0	0	0	0	0	0	0	0	0	0	0	0	0	0	0
s__Bacteroides_stercorirosoris	0	0	0	0	0	0	0	0	0	0	0	0.02012	0	0	0	0	0	0	0	0	0	0	0	0	0	0	0.05404	0	0.03494	0	0	0	0	0	0	0
s__Bacteroides_stercoris	0	12.17265	5.29574	0	0	3.13468	0.05054	0.50479	0	0	1.23479	0.1274	0.03769	2.26825	0.6501	0	0.07696	16.11775	2.40904	0	0	0.93951	0.01924	11.36414	6.37904	49.21174	2.0701	26.58091	1.61495	26.31533	0.0177	1.61738	9.8474	0.03215	0.84962	2.05575
s__Bacteroides_thetaiotaomicron	0.21778	1.45132	0.70309	0.96108	0.46239	0.28405	0.50629	0	0.06658	0.55562	0.51284	2.75402	0.90695	0.55899	1.25955	0	0.04267	0.09033	17.29969	0.75019	15.6231	0.41551	0.37902	1.45854	1.975	1.54986	0.88205	0.70075	0.64063	1.02884	0.49317	1.48992	2.30365	0.39806	0.3979	19.03565
s__Bacteroides_uniformis	4.96901	8.6229	0.16267	5.05358	1.18297	21.96763	13.29996	16.2909	0.8454	15.39316	6.649	31.0137	20.15427	11.15458	1.16282	41.66056	0.09404	0.12141	13.64103	5.68324	0.03592	3.13291	0.28388	7.06619	7.92551	1.26701	14.28265	7.03997	11.24993	10.74967	1.46595	0.2565	6.86321	0.42866	2.0924	15.45146
s__Bacteroides_vulgatus	58.8922	29.36253	38.38965	29.94727	0.04674	9.15012	21.38215	2.04151	4.24073	13.7628	17.58158	23.47628	0.16326	40.9028	0.84081	17.75043	0.32092	11.14724	27.10397	55.35595	0.22553	7.94102	0.01163	41.16442	13.36117	22.05537	8.19663	34.2787	6.01205	35.56776	5.8918	0.11484	30.74717	0.12084	5.41028	21.92593
s__Bacteroides_xylanisolvens	0.30969	0.00289	5.24681	1.43391	0.01604	0.45369	3.7492	0	0.33388	0.25175	0.13044	3.36797	0.99569	0.56599	2.69773	1.22808	0.04151	0.08343	2.40807	0	21.75523	3.13685	0.05823	0.00136	0.06676	0.37983	0.30961	0.36111	0.19946	0.04993	0.18082	0.6608	0.04193	0.06277	2.42672	3.29205
s__Barnesiella_intestinihominis	0	0.18027	0	0	0	0	0.19447	1.67171	0.0233	0.89548	0.98158	0.29825	1.58015	0.8126	0.51423	0	2.40589	0.01899	0	0	0	0	0	0	1.97816	0	4.59419	0.79969	2.85893	0	0	0	0	0.01309	0	0.00657
s__Coprobacter_fastidiosus	0	0	0	0.08358	0	0	0	0.26667	0	0	0	0	0.51765	0.00557	0.14512	0	0	0	0	0	0	0.64646	0	0	0.05222	0	0	0	0	0	0	0	0	0	0.69167	0
s__Coprobacter_secundus	0	0	0	0	0	0	0	0	0	0.00063	0.01837	0.01627	0	0	0	0	0	0	0	0	0	0.03675	0	0	0	0	0	0	0	0	0	0.00849	0	0	0.08083	0
s__Butyricimonas_synergistica	0.00564	0	0	0	0	0.00271	0.00094	0.18121	0.00249	0.01801	0.02389	0.01923	0.25247	0.00667	0.07016	0	0	0	0	0	0	0.01917	0.04444	0	0.02872	0	0.44761	0	0.39829	0	0	0	0	0.0983	0.06552	0
s__Butyricimonas_virosa	0.32517	0.0106	0	0	0	0.09513	0.00167	0.2957	0	0.00808	0.06576	0.24078	0.4866	0.00147	0.10819	0	0.00683	0	0	0	0	0.00128	0.28289	0	0.40615	0	0.53167	0.97399	0.52605	0.27605	0	1.24561	1.49546	0.66339	0.00762	0
s__Odoribacter_splanchnicus	0	0.15679	0	0.29374	0	0	0.44285	1.77733	0.00669	0.12185	0.44179	1.61317	0.82456	0.46725	0.70164	0	0.02601	0.00837	0	0	0	1.36017	0.32387	0.00731	5.64762	0	2.33491	0.32342	1.459	0.2429	0.00071	2.15871	3.92346	0.81872	1.9865	0.00513
s__Porphyromonas_asaccharolytica	0	0	0	0	0	0	0	0	0	0	0	0	0	0	0	0	0	0	0	0	0	0	0	0.00026	0	0.00132	0.42156	0.06153	0.12145	0	0	0.00068	0	0	0	0
s__Porphyromonas_endodontalis	0	0	0	0	0	0	0	0	0	0	0	0	0	0	0	0	0	0	0	0	0	0	4.22396	0	0.00165	0	0	0	0	0	0	0.10494	0	2.75	0.00015	0.00535
s__Porphyromonas_sp_HMSC065F10	0	0	0	0	0	0	0.05367	0	0	0	0	0	0	0	0	0	0	0	0	0	0	0	0	0	0	0	0	0	0	0	0	0	0	0	0	0
s__Porphyromonas_uenonis	0	0	0	0	0	0	0.02599	0	0	0	0	0	0	0	0	0	0	0	0	0	0	0	0	0	0	0	0.01125	0.00134	0.00412	0	0	0	0	0	0	0
s__Sanguibacteroides_justesenii	0	0	0	0	0	0	0	0	0	0	0	0	0	0	0	0	0	0	0	0	0	0	0	0	0	0	0	0	0	0	0	0.01754	0	0	0	0
s__Alloprevotella_tannerae	0	0	0	0	0	0	0	0	0	0	0	0.34125	0	0	0	0	0.00273	0	0	0	0	0	0.0172	0	0.64549	0	0	0	0	0	0	0	0.66438	0.01675	0	0
s__Prevotella_sp_oral_taxon_473	0	0	0	0	0	0	0	0	0	0	0	0	0	0	0	0	0	0	0	0	0	0	0	0	0.03695	0	0.1277	0	0.05184	0	0	0	0	0	0	0
s__Paraprevotella_clara	0	0	0	0	0	2.91962	0.00353	0	0	0	0.01156	0.06793	0	0.02358	0	0	0	0	0	0	0	0	0	0	0	0	0	0	0	0	0	0.0104	0	0	0	0
s__Paraprevotella_xylaniphila	0	0	0	0.67549	0	4.21381	0.0072	1.45695	0	0	0.15628	1.70882	0.00199	0.3463	0.82007	0	0.01592	0.01288	0	0	0	0.38691	1.22195	0	0	0	0	0	0	0	0	0.21798	0	0.8199	0.23395	0
s__Prevotella_bivia	0	0	0	0	0	0	0.00154	0	0	0	0	0	0	0	0	0.00684	0	0	0	0	0	0	0	0	0	0	0	0	0	0.02056	0.04714	0	0	0	0	0
s__Prevotella_buccalis	0	0	0	0	0.00058	0	0.00075	0	0	0	0	0	0	0	0	0	0	0	0	0	0	0	0	0	0	0	0	0	0	0	0	0	0	0	0	0
s__Prevotella_copri	0	0	0	0	0	0	0	0	0	0	0	0	0	0	68.62717	0	0.80023	1.36241	0	0	0.0035	17.23208	33.26035	4.24432	0.37413	0	0	0	0	0	0	7.77415	0	37.45772	6.46652	0.12769
s__Prevotella_corporis	0	0	0	0	0.00706	0	0	0	0	0	0	0	0	0	0	0	0	0	0	0	0	0	0	0	0	0	0	0	0	0	0	0	0	0	0	0
s__Prevotella_disiens	0	0	0	0	0	0	0	0	0	0	0	0	0	0	0	0	0.00035	0	0	0	0	0	0	0	0	0	0	0	0	0	0	0.00266	0	0	0	0
s__Prevotella_intermedia	0	0	0	0	0	0	0	0	0	0	0	0	0	0	0	0	0	0	0	0	0	0.46126	6.98765	0	0	0	0	0	0	0.84281	0	0.16847	0.03691	5.17917	0.26896	0.01016
s__Prevotella_oralis	0	0	0	0	0	0	0	0	0	0	0	0	0	0	0	0	0	0	0	0	0	0	0.3363	0	0	0	0	0	0	0	0	0	0	0.30357	0	0
s__Prevotella_sp_885	0	0	0	0	0	0	0	0	0	0	0	0	0	0	0	0	0	0	0	0	0	0	16.34157	0	0	0	0	0	0	0	0	0	0	13.2015	0.01289	0.02433
s__Prevotella_sp_AM42_24	0	0	0	0	0	0	0	0	0	0	0	0	0	0	0	0	0	0	0	0	0	0	3.5855	0	0	0	0	0	0	0	0	0	0	3.53363	0	0.00795
s__Prevotella_sp_CAG_1185	0	0	0	0.00018	0	0	0	0.01515	0	0	0	0	0	0	0	0	0	0	0	0	0	0	0	0	0	0	0	0	0	0	0	0	0	0	0	0
s__Prevotella_sp_CAG_279	0	0	0	0	0	0	0	0	0	0	0	0	0	0	0	0	0	0	0	0	0	0	3.08506	0	0.41954	0	0	0	0	0	0	2.49267	0	1.84283	0	0.00195
s__Prevotella_sp_CAG_520	0	0	0	0	0	0	0	0	0	0	0	0	0	0	0	0	0	0	0	0	0	0	16.69507	0	0	0	0	0	0	0	0	17.49649	0.00088	10.98009	0.00329	0.02004
s__Prevotella_sp_CAG_891	0	0	0	0	0	0	0	0	0	0	0	0	0	0	0	0	0	0	0	0	0	0	0	0	0	0	1.4438	0	1.3993	0	0	0	0	0.00974	0	0.00251
s__Prevotella_stercorea	0	0	0	0	0	0	0	2.91851	0	0	0	0	0	0	0	0	0	0	0	0	0	0	0.92013	0	0	0	0	0	0	0	0	0.79996	0	0.62638	0	0.00116
s__Prevotella_timonensis	0	0	0	0	0	0	0.06975	0	0	0	0	0	0	0	0	0	0	0	0	0	0	0	0	0	0	0	0	0	0	0	0	0	0	0	0	0
s__Alistipes_finegoldii	0.12964	0.09413	0	0.14487	0	0	2.52074	0.8912	0.03673	0.00266	0.44477	2.23728	4.09315	3.65151	0.47941	0	2.62826	0.02154	0.13593	0	0	0.08838	7e-04	0	4.42189	0.46974	3.36622	1.50148	2.34477	2.00592	0	0.73833	0.2391	0.02201	0.11636	0.13881
s__Alistipes_indistinctus	0	0	0	0.008	0	0.50013	0	0	0	0.0146	0	0.01587	0.04758	0.01357	0.12039	0	0	0	0	0	0	0.01332	0.13133	0	1.06503	0.04006	0.46623	0	0.31402	0.0135	0	0.26928	0.03034	0.20882	0.03988	0
s__Alistipes_inops	0	0	0	1.19979	0	0	0	0	0	0	0	0.04808	0.00192	0	0.00446	0	0.00717	0	0	0	0	0	0	0	0	0	0.05104	0	0.04521	0	0	0	1.70862	0	0	0
s__Alistipes_onderdonkii	0	0	0	0.04007	0	0	0	0	0	0.0028	0	0	0	0	0	0	0	0	0	0	0	0	0	0	0	0	0	0	0	0	0	0	0	0	0	0
s__Alistipes_putredinis	0	0.59728	0.00593	0	0	0	0	4.27138	0	5.13098	7.3818	3.06145	10.37678	1.35018	4.23346	0	0.06674	0.07323	0	0	0	12.24949	0.25621	0	6.32108	0	6.62657	0.04267	4.28696	0	0	0.29847	0.02855	0.3839	19.26276	0.01241
s__Alistipes_shahii	0.36652	0.01356	0	0.19597	0	2.79631	0.00737	4.87711	0	0.13336	0.0241	0.34042	1.97184	0.49552	0.0716	0	0.95014	0.00666	0	0	0	0.30748	0.32426	0	1.18613	0.12737	0.63161	0.34137	0.43746	0.05445	0	0.14022	0.18241	0.39777	0.42312	9e-04
s__Alistipes_timonensis	0	0	0	0	0	1.32551	0	0	0	0	0	0	0	0	0	0	0	0	0	0	0	0	0	0	0	0	0	0	0	0	0	0	0	0	0	0
s__Parabacteroides_distasonis	0.81972	2.44896	0.03718	5.33148	3.99538	7.36727	0.90016	0.94488	0.67476	6.09299	1.59774	2.0775	2.14062	2.02927	0.63795	6.6028	0.03952	19.61178	5.25144	7.89128	22.79166	1.06195	0.60088	3.28979	3.42397	1.61355	1.33131	0.47109	1.38563	1.7074	3.93424	2.10322	1.98047	0.61592	0.91862	4.46813
s__Parabacteroides_goldsteinii	0	0	0	0.04944	0	0	0	0.00263	0.007	0	0	0	0.09897	0	0	0	0	0	0	0	0	0	0.03683	0	0.58959	0	0.0084	0	0.01582	0	0	0	0.00246	0.04552	0	0
s__Parabacteroides_gordonii	0	0	0	0	0	0.05858	0	0	0	0	0	0	0.0053	0	0.00593	0	0	0	0	0	0	0	0	0	0	0	0.03132	0	0.02187	0	0	0	0	0	0	0
s__Parabacteroides_johnsonii	0	0	0	2.29869	0	0	0	0	0.02222	0.10697	0	0	0	0.00052	0.04779	0	0	0	0	0	0	0	0	0	0	0	1.00384	0	0.83097	0	0	0.00587	0	0.00677	0	5e-04
s__Parabacteroides_merdae	0.47652	2.01121	0.0249	0	0	0	0	1.06456	0	0.55116	0.84238	0.20984	0.59922	0.44647	0.09481	1.45217	0.00172	2.64515	0.15246	0	0	1.98868	1.01428	2.63236	1.14924	1.23627	0	0.61879	0	2.43163	2.57058	0.46292	0.2228	1.10216	1.70125	0.1351
s__Parabacteroides_sp_426_9	0	0	0	0	0.34865	0	0	0	0	0	0	0	0	0	0	0	0	0	0	0	0	0	0	0	0	0	0	0	0	0	0	0	0	0	0	0
s__Cloacibacterium_normanense	0	0	0	0	0	0	0	0	0	0	0	0	0	0	0	0	0	0	0	0	0	0	0	0	0	0	0	0	0	0	0	0	0	0	0	0
s__Bacillus_cereus_group	0	0	0	0	0	0	0	0	0	0	0	0	0	0	0	0	0	0	0	0	0	0	0	0	0	0	0	0	0	0	0	0	0	0	0	0
s__Lysinibacillus_fusiformis	0	0	0	0	0	0	0	0	0	0	0	0	0	0	0	0	0	0	0	0	0	0	0	0	0	0	0	0	0	0	0	0	0	0	0	0
s__Lysinibacillus_sphaericus	0	0	0	0	0	0	0	0	0	0	0	0	0	0	0	0	0	0	0	0	0	0	0	0	0	0	0	0	0	0	0	0	0	0	0	0
s__Gemella_asaccharolytica	0	0	0	0	0	0	0	0	0	0	0	0	0	0	0	0	0	0	0	0	0	0	0	0	0	0	0	0.00595	0	0	0	0	0	0	0	0
s__Gemella_morbillorum	0	0	0	0	0	0	0	0	0	0	0	0	0	0	0	0	0	0	0	0	0	0	0.16177	0	0	0	0	0	0	0.03514	0.00579	0	0.01413	0.19463	0	0
s__Gemella_sanguinis	0	0	0.01124	0	0	0	0	0	0	0	0	0	0	0	0	0	0	0	0	0	0	0	0	0	0.00283	0	0	0	0	0	0	0	0	0	0	0
s__Paenibacillus_glucanolyticus	0	0	0	0	0	0	0	0	0	0	0	0	0	0	0	0	0	0	0	0	0	0	0	0	0	0	0	0	0	0	0	0	0	0	0	0
s__Enterococcus_avium	0	0	0.01624	0	0	0	0	0	0	0	0	0	0	0	0	0	0	0.37467	0	0	0	0	0	0	0	0	0	0	0	0	1.86683	0	0	0	0	0
s__Enterococcus_casseliflavus	0	0	0	0	0	0	0	0	0	0	0	0	0	0	0	0	0	0	0	0	0	0	0	0	0	0	0	0	0	0	0.04047	0	0	0	0	0
s__Enterococcus_faecalis	0	0	0	0	0	0	0	0	0.01309	0	0	0	0	0	0	0	0	0.32622	0	0	0	0	0	0	0.03646	0	0	0	0	0	0.09513	0	0	0	0.00692	0
s__Enterococcus_faecium	0	0.28848	0.02945	0	0	0	0	0	0	0	0	0	0	0	0	0	0	0.01769	0	0.10122	0	0.01783	0	0	0	0	0	0.00037	0	0.00926	0	0	0	0	0.04227	0
s__Enterococcus_gallinarum	0	0	0	0	0	0	0	0	0	0	0	0	0	0	0	0	0	0	0	0	0	0	0	0	0	0	0	0	0	0	0.02079	0	0	0	0	0
s__Enterococcus_mundtii	0	0.0062	0	0	0	0	0	0	0	0	0	0	0	0	0	0	0	0	0	0	0	0	0	0	0	0	0	0	0	0	0	0	0	0	0	0
s__Melissococcus_sp_OM08_11BH	0	0	0	0	0	0	0	0	0	0	0.00215	0	0	0	0	0	0	0	0	0	0	0	0	0	0	0	0	0	0	0	0	0	0	0	0	0
s__Lactobacillus_mucosae	0	0	0	0	0	0	0	0	0	0	0	0	0	0	0	0	0	0	0	0	0	0	0	0	0	0	0	0.03048	0	0	0	0	0	0	0	0
s__Lactobacillus_oris	0	0	0	0	0	0	0	0	0	0	0	0	0	0	0	0	0	0	0	0	0	0	0	0	0	0	0	0	0	0	0	0	0	0	0	0
s__Lactobacillus_plantarum	0	0	0	0	0	0	0	0	0	0	0	0	0	0	0	0	0	0	0	0	0	0	0	0	0	0	0	0	0	0	0	0	0	0	0	0
s__Lactobacillus_rogosae	0.00318	0	0	0	0	0	0	0	0	0	0	0	0	0	0	0	0	0	0	0	0	0	0	0	0.00221	0	0	0	0	0	0	0	0	0.00082	0	0
s__Lactobacillus_salivarius	0	0	0	0	0	0	0	0	0	0	0	0	0	0	0	0	0	0	0	0	0	0	0	0	0	0	0	0	0	0.00093	0	0	0	0	0	0
s__Streptococcus_anginosus_group	0	0	0	0	0.00518	0	0	0	0	0	0	0	0	0	0	0	0	0	0	0	0	0	0	0	0	0	0	0	0	0.15312	0.01395	0	0.02926	0	0	0
s__Streptococcus_australis	0	0	0	0	0	0	0.00143	0	0	0	0	0	0	0	0	0	0	0	0	0	0	0	0	0	0	0	0	0	0	0	0	0	0	0	0	0
s__Streptococcus_cristatus	0	0	0	0	0	0	0	0	0	0	0	0	0	0	0	0	0	0	0	0	0	0	0	0	0	0	0	0	0	0	0	0	0.00098	0	0	0
s__Streptococcus_gordonii	0	0	0	0	0	0	0	0	0	0	0	0	0	0	0	0	0	0	0	0	0	0	0	0	0.00391	0	0	0	0	0	0	0	0	0	0	0
s__Streptococcus_infantis	0	0	0	0	0	0	0	0	0	0	0	0	0	0	0	0	0	0	0	0	0	0	0	0	0	0	0	0	0	0.02603	0.01072	0	0.00111	0	0	0
s__Streptococcus_milleri	0	0	0	0	0.00921	0	0	0	0	0	0	0	0	0	0	0	0	0	0	0	0	0	0	0	0	0	0	0	0	0	0	0	0	0	0	0
s__Streptococcus_mitis	0	0	0.00361	0.00239	0	0.00634	0.03225	0.00076	0.02769	0	0	0	0.00184	0	0	0	0	0.00192	0	0	0	0	0	0	0.00674	0	0	0.00038	0	0.02179	0.00608	0	0.00193	0	0	0
s__Streptococcus_oralis	0	0	0	0	0.006	0	0	0	0.00225	0	0	0	0	0	0	0	0	0	0	0	0	0	0	0	0	0	0	0	0	0.00228	0	0	0.01921	0	0	0
s__Streptococcus_parasanguinis	0	0	0	0.01005	0.02527	0	0.00421	0	0	0	0.00091	0	0	0	0.0112	0.0015	0	0	0	0.00326	0.00266	0	0	0	0.01565	0	0	0	0	0.1137	0	0	0.01327	0	0.00995	0
s__Streptococcus_pasteurianus	0	0	0	0	0	0	0	0	0	0	0	0	0.00054	0	0	0	0	0	0	0	0.01243	0	0	0	0	0	0	0	0	0	3.10404	0.01098	0	0	0	0
s__Streptococcus_salivarius	0.00574	0	0.0666	0.09981	0.01259	0.00684	0.04931	0	0.05248	0.00242	0.00874	0.01487	0.02748	0.00148	0.04519	0.01001	0	0	0	0.01093	0.01741	0.00167	0	0	0.03531	0	0	0.00216	0.00042	0.14681	0	0	0.00688	0	0.02518	0
s__Streptococcus_sanguinis	0	0	0	0	0	0	0.01039	0	0	0	0	0	0	0	0	0	0	0	0	0	0	0	0	0	0	0	0	0	0	0	0	0	0	0	0	0
s__Streptococcus_sinensis	0	0	0	0	0	0	0	0	0.00186	0	0	0	0	0	0	0	0	0	0	0	0	0	0	0	0	0	0	0	0	0	0	0	0	0	0	0
s__Streptococcus_sp_A12	0	0	0	0	0	0	0.00098	0	0	0	0	0	0	0	0	0	0	0	0	0	0	0	0	0	0	0	0	0	0	0.00121	0	0	0	0	0	0
s__Streptococcus_thermophilus	0	0	0	0	0	0.04934	0	0.02151	0	0	0.10866	0.00097	0	0.03913	0	0	0.00073	0.00346	0	0	0	0	0	0	1.74678	0	0.02609	0	0.01957	0	0	0	0.04054	0	0	0
s__Streptococcus_vestibularis	0	0	0	0	0	0	0	0	0	0	0	0	0	0	0	0	0	0	0	0	0	0	0	0	0	0	0	0	0	0.05681	0	0	0	0	0	0
s__Catabacter_hongkongensis	0	0	0	0	0	0.00482	0	0.01212	0	0	0	0	0	0	0	0	0	0	0	0	0	0	0	0	0	0	0	0	0	0	0	0	0	0	0	0
s__Christensenella_minuta	0	0	0	0	0	0	0	0.02025	0	0	0	0	0	0	0	0	0	0	0	0	0	0	0	0	0.00253	0	0	0	0	0	0	0	0	0	0	0
s__Butyricicoccus_porcorum	0	0	0	0	0	0.27985	0	0	0	0	0	0	0	0	0	0	0	0	0	0	0	0	0	0	0	0	0	0	0	0	0	0	0	0	0	0
s__Butyricicoccus_pullicaecorum	0	0	0	0	0	0	0	0	0	0	0	0	0	0	0	0.03418	0	0	0	0	0	0	0	0	0	0.00245	0	0	0	0	0	0	0	0	0	0
s__Butyribacterium_methylotrophicum	0	0	0	0.00034	0	0	0	0	0	0	0	0	0	0	0	0	0	0	0	0	0	0	0	0	0	0	0	0	0	0	0	0	0	0	0	0
s__Clostridium_bolteae_CAG_59	0.00891	0	0	0	0.0335	0	0.00028	0.00192	0.00279	0	0	0	0	0	0	0.00551	0.03115	0.00071	0	0	1.03555	0	0	0	0	0	0	0.00863	0	0	0	0	0.06704	0	0	0
s__Clostridium_celatum	0	0	0	0	0	0	0	0	0	0	0	0	0	0	0	0	0	0	0	0	0	0	0.02369	0	0	0	0	0	0	0	0	0	0	0.13892	0	0
s__Clostridium_disporicum	0	0	0	0	0	0	0.05827	0	0	0	0	0	0	0	0	0	0	0	0	0	0	0	0.01634	0	0	0	0	0	0	0	0	0	0	0.03753	0	0
s__Clostridium_paraputrificum	0	0	0	0	0	0	0	0	0	0	0	0	0	0	0	0	0	0	0	0	0	0.00258	0	0	0	0	0	0.01751	0	0	0.01173	0	0	0	0.04897	0
s__Clostridium_perfringens	0.00105	0	0	0	0	0	0	0	0.10082	0	0	0	0	0	0	0	0	0	0	0	0	0.03226	0.00522	0.021	0.06973	0	0	0	0	0	0	0	0	0.13053	0.25716	0
s__Clostridium_sp_CAG_242	0	0.00156	0	0.11711	0	0	0	0	0	0.00204	0	0	0	0	0	0	0	0	0	0	0	0	0	0	0.17258	0	0	0	0	0	0	0	0	0	0	0
s__Clostridium_sp_CAG_299	0	0	0	0	0	0	0.07873	0	0	0	0	0	0	0	0.03711	0	0	0	0	0	0	0	0	0	0.03758	0	0.00733	0.09415	0.01228	0	0.55767	0	0	0	0	0
s__Clostridium_sp_CAG_58	0.00304	0.40405	0.00228	1.29663	0	0	0	0.00571	0.0338	0	0.04045	0	0	0.02839	0.22579	0	0.00171	0.09174	0	0	2.20086	0	0.02663	0	0	0	0.09103	0.31632	0.06044	0	0	0.00967	0	0.07084	0.01128	0
s__Hungatella_hathewayi	0	0.3264	0.11414	0.00045	0.19774	0.25598	0	0.00187	0	0	0	0	0	0	0.00146	0	0	0	0.49067	0	0.12352	0	0.02011	0	0.02838	0.06507	0	0.02978	0	0.00835	0	0	0.02573	0.01458	0	0.45591
s__Lactonifactor_longoviformis	0	0.00504	0.03269	0	0	0	0	0	0	0	0	0	0	0	0	0	0	0	0	0	0	0	0	0	0	0	0	0	0	0	0	0	0	0	0	0
s__Eubacterium_sulci	0	0	0	0	0.00054	0	0	0	0	0	0	0	0	0	0	0	0	0	0	0	0	0	0	0	0	0	0	0	0	0	0	0	0	0	0	0
s__Mogibacterium_diversum	0	0	0	0	0	0.00053	0	0	0	0	0	0	0	0	0	0	0	0	0	0	0	0	0	0	0	0	0	0	0	0	0	0	0	0	0	0
s__Clostridiales_bacterium_1_7_47FAA	0	0	0	0	0	0	0	0	0	0	0	0	0	0	0	0.00391	0	0	0	0	0	0	0	0	0	0	0	0	0	0.00079	0	0	0	0	0	0
s__Intestinimonas_butyriciproducens	0	0.04546	0	0	0	0	0	0.09176	0	0.03302	0	0	0	0	0.01615	0	0	0	0	0	0	0	0.00038	0	0.06304	0	0.01487	0.01727	0.01575	0	0	0.0168	0	0.0074	0	0
s__Lawsonibacter_asaccharolyticus	0	0	0	0.00141	0.03564	0.0139	0.00104	0	0	0	0	0.00045	0.00235	0.00156	0.00054	0	0	0	0	0	0	0	0	0	0	0	0.00656	0.00185	0.00517	0.01628	0	0	0	0	0.00108	0
s__Eubacterium_callanderi	0	0	0	0.00356	0	0	0	0	0	0	0	0	0	0	0	0	0	0	0	0	0	0	0	0	0	0	0	0	0	0	0	0	0	0	0	0
s__Eubacterium_dolichum_CAG_375	0	0	0	0	0.13759	0	0	0	0	0	0	0	0	0	0	0.01295	0	0	0	0	0	0	0	0	0	0	0	0	0	0	0.0115	0	0	0	0	0
s__Eubacterium_eligens	0.02431	0	0	0	0.15107	0.08898	0.00071	0	0.02974	0	0.05342	0.75711	1.76284	0.24499	0	0.3552	0.61027	0.00122	0	0	0	0.78423	0.01045	0	0.13825	0	0	0	0	0	0	0.8756	0	0.04392	1.72121	0
s__Eubacterium_hallii	0.02266	0	0	0	0.51301	0	1.00171	0.83907	0.14016	0.36517	0.34001	0.40399	0	0.18422	0.15024	0	0.03187	0.02213	0	0	0	0.06485	0.00058	0.02963	0.15137	0	0.36206	0.01651	0.46334	0.01124	0.0609	0.01338	0.01657	0.05125	0.1773	0.00443
s__Eubacterium_limosum	0	0.00298	0	0.00142	0	0.0107	0	0	0	0	0	0	0	0	0	0	0	0	0	0	0	0	0	0	0	0	0	0	0	0	0	0	0	0	0	0
s__Eubacterium_ramulus	0	0	0	0	0	0	0.04404	0.07646	0	0.02408	0	0	0	0.01938	0.0229	0	0.01679	0.00026	0	0	0	0	0.00454	0	0.02746	0	0.0015	0.01027	0.01617	0.00855	0	0.01193	0	0.02711	0.01408	0
s__Eubacterium_sp_CAG_180	0	0.00274	0	0	0	0	0	0	0	0	0	0	0	0	0	0	0	0	0.07211	0	0	0	0.94889	0	0.21349	0	0	0	0.00118	0	0	0.01285	0	1.068	0	0.11753
s__Eubacterium_sp_CAG_251	0.58152	0	0	0	0	0	0	0.12302	0	0	0	0	0	0	0.1055	0	0.01128	0.01129	0	0	0	0	0.38594	0	0.01557	0	0.00012	0	0.00026	0	0	0	0	0.37592	0	0.00081
s__Eubacterium_sp_CAG_274	0	0.39288	0.01801	0	0.03115	0	0.38195	0.09544	0	0.05217	0.04401	0	0	0.2353	0.12056	0	0.00959	0.0138	0	0	0.14295	0	0	0	0.0265	0	0.30286	0	0.33981	0	0	0	0	0.00236	0	0.00144
s__Eubacterium_sp_CAG_38	0	0	0.47796	0.09948	0	0.39879	0.06591	0	0	0.30691	0.01499	0.45654	0.3468	0.93528	0	0.11677	1.29502	0.00745	0	0	0	0	0.0886	0	0.02036	0	0	0.18064	0	0.52604	0	0	0	0.41496	0	0
s__Eubacterium_sp_CAG_786	0	0	0	0	0	0	0	0	0	0	0	0	0	0	0	0	0	0	0	0	0	0	0.13891	0	0	0	0	0	0	0	0	0	0	0.359	0	0
s__Eubacterium_sp_OM08_24	1.40751	0	0.00077	0	0	0	0	0	0	0	0	0	0.37596	0	0	0	0	0	0	0	0	0	0	0	0	0	0	0	0	0	0	0	0	0	0	0
s__Eubacterium_ventriosum	0.04091	0	0	0	0.91536	0.49798	0.20934	0	0.01599	0.11224	0	0	0.86185	0.01823	0.03156	2.13909	0.01685	0.00163	0	0	0	0	0.01427	0.08423	0.0106	0	0.09545	0.00157	0.10883	0	0	0	0.10809	0.06197	0	0
s__Anaerostipes_caccae	0	0	0	0	0	0.00202	0	0	0	0	0	0	0	0	0	0	0	0	0	0	0	0	0	0	0	0	0	0	0	0	0	0	0	0	0	0
s__Anaerostipes_hadrus	0.02469	0.0898	2.07321	0	0.67015	0	1.86743	3.60052	0.48693	0.13519	1.33085	0.53615	0.89127	0.05163	0.25274	0	0.20534	0.01173	1.0217	0.19276	0.74355	0.01345	0.00915	0.00221	0.0076	0	0.05342	0.04238	0.10541	0.06287	0.02272	0.0323	0.05484	0.06955	0.06043	1.37148
s__Anaerotignum_lactatifermentans	0	0	0	0	0	0	0	0	0	0.00267	0	0	0	0	0	0.15421	0	0	0	0	0	0	0	0	0	0.21959	0	0	0	0	0.74532	0	0	0	0	0
s__Blautia_coccoides	0	0	0	0	0.01029	0	0	0	0	0	0	0	0	0	0	0	0	0	0	0	0	0	0	0	0	0	0	0	0	0	0	0	0	0	0	0
s__Blautia_hansenii	0	0	0	0.00074	0.00023	0.00113	0.00373	0	0	0.00188	0	0	0	0	0	0.02554	0	0	0	0	0	0	0	0	0.05157	0.03973	0	0.01452	0	0	0.01839	0	0	0	0	0
s__Blautia_hydrogenotrophica	0	0	0	0	0	0	0	0	0	0	0	0	0	0	0	0	0	0	0	0	0	0	0	0	0.02664	0	0	0	0	0	0	0	0	0	0	0
s__Blautia_obeum	0.01053	0.02599	0	0.03456	0	0.81653	0.32829	0.05296	0.13592	0.04013	0.10644	0.02604	0.04973	0.10834	0.02022	0	0.00164	0.00108	0.41514	0	0.4004	0.1003	0.0047	0.00365	0.10977	0	0.09566	0.2877	0.16156	0.00492	0	0.1747	0.00888	0.03078	0.29325	0.67575
s__Blautia_producta	0	0	0.03249	0	0.01377	0	0	0	0	0	0	0	0	0	0	0.00152	0	0	0	0	0	0	0	0	0	0	0	0	0	0	0	0	0	0	0	0
s__Blautia_sp_CAG_257	0	0	0.0732	0	0	0.15289	0.00165	0	0.0146	0.00036	0	0	0	0	0	0.03185	0	0	0	0	0	0	0	0	0	0	0	0.02087	0	0	0	0	0	0	0	0
s__Blautia_wexlerae	0.00245	0	0.01275	0.49075	1.25	0.08721	0.03984	0.18638	0.05407	0.09653	0.47637	0.21329	0.50744	0.00974	0.0064	0.19987	0.19576	0.16989	0.18971	0	0.0838	0.00724	0.00688	0.01034	0.18245	0	0.02707	0.05179	0.02835	0.02855	0.00409	0.0151	0.06633	0.01677	0.01755	0.4499
s__Ruminococcus_gnavus	0	1.35234	0.40717	0.19306	1.9488	0.07388	0.06134	0	1.23496	0.04379	0.04923	0.13981	0.44936	0.00595	0.02398	0.28454	0.00293	0.04596	1.179	0.59544	3.26942	0	0	0.04992	0.04472	0.44191	1.19361	0.95344	0.87828	0.00581	0.32051	0	0.16798	0.01072	0.00077	1.19905
s__Ruminococcus_torques	0.03004	0	0	5.08247	0.1979	0	1.4453	0.07033	0	0	1.20615	0.08496	0.03609	0.07157	0.17886	0	0.35884	0.04782	0	0	0	0	0.14543	0.1169	0.16052	0	1.04763	0.06987	1.21608	0.00021	0	0.42495	2.19311	0.42259	0	0.02349
s__Catonella_morbi	0	0	0	0	0	0	0	0	0	0	0	0	0	0	0	0	0	0	0	0	0	0	0.00132	0	0	0	0	0	0	0	0	0	0	0.00893	0	0
s__Coprococcus_catus	0.03367	0	0	0.11332	0	0	0.12066	0.06881	0.11091	0	0	0.06749	0	0.00964	0	0	0	0	0	0	0	0.01142	0.07377	0	0.01842	0	0.10722	0.13895	0.23515	0.06177	0	0.0236	0	0.22488	0.08241	0.00044
s__Coprococcus_comes	0.02015	0.0987	0	0	0	0	0.17318	0.15095	0.95189	0	0	0	0	0.15705	0.20714	0	0.00596	0.01146	0	0	0	0.01154	0.09531	0.00348	0.05199	0	0.19972	0.76364	0.31974	0	0	0.05078	0	0.23635	0.04346	0.00243
s__Coprococcus_eutactus	0	0	0	0	0	0	0	0.96516	0	0	0	0	0	1.26929	0	0	0	0	0	0	0	0	0	0	0	0	0	0	0	0	0	0	0	0	0	0
s__Dorea_formicigenerans	0.04423	0	0.1609	0	0	0	0.34099	0.98546	1.22288	0.09365	0.12789	0	0	0.05221	0.03733	0	0.00101	0.00156	0.082	0	0	0.01694	0.01251	0.01201	0.06948	0	0.10351	0.12948	0.1912	0.02315	0.04604	0.12411	0	0.06723	0.08642	0.18672
s__Dorea_longicatena	0.07101	0	0	0	0	0	0.24609	0.50512	2.90013	0	0.3358	0.20474	0.00682	0.08207	0.13968	0	0.12018	0.02028	0	0	0	0.08581	0.19585	0.04225	0.17187	0	0.2233	0.14486	0.26247	0.03217	0.01793	0.26272	1.37372	0.49856	0.15302	0.00918
s__Dorea_sp_CAG_317	0	0	0	0	0	0	0	0	0	0.29079	0	0	0	0	0	0	0	0	0	0	0	0	0	0	0.03045	0	0	0	0	0	0	0	0	0	0	0
s__Eisenbergiella_massiliensis	0	0	0	0.02455	0	0	0.0034	0	0	0	0	0	0.00107	0	0.00064	0	0	0	0	0	0	0	0	0	0	0	0.00323	0.01596	0.00792	0	0	0	0.00604	0	0	0
s__Eisenbergiella_tayi	0	0	0	0.01768	0	1.16688	0	0	0	0	0	0	0	0	0	0	0.00628	0	0	0	0	0	0	0	0	0	0.00316	0	0.01029	0	0	0.03677	0.06161	0	0.00198	0
s__Faecalicatena_orotica	0	0	0	0	0	0.0872	0	0	0	0	0	0	0	0	0	0.0064	0	0	0	0	0	0	0	0	0	0	0	0	0	0	0	0	0	0	0	0
s__Fusicatenibacter_saccharivorans	0.28204	0.00085	1.9182	0.02722	3.32587	0	0.68993	1.05089	0.26842	0.19636	0.74708	1.14516	0.00946	0.25893	0.34643	0	0.67636	0.18232	0	0	0.16156	0.02266	0.00065	0.00591	0.0481	0	0.34993	0.05586	0.78058	0.14448	0	0.0134	0.43073	0.04188	0.1059	0.01515
s__Clostridium_aldenense	0	0.00191	0	0.01423	0.02062	0.05692	0.00141	0	0	0.00282	0	0	0.01028	0	0	0	0	0	0	0	0.00442	0	0	0	0	0.0138	0	0.01345	0	0	0	0	0.00154	0	0	0
s__Clostridium_asparagiforme	0	0.06854	0	0.00634	0	0	0	0.00332	0	0.01361	0	0.0133	0.01755	0	0.01041	0	0	0	0	0	0	0	0.0367	0	0.02795	0.01486	0	0.04643	0	0	0	0	0.00721	0.07136	0	0
s__Clostridium_bolteae	0.03312	0.27154	0.07733	0.21047	0.57285	5.30151	0.03098	0.03011	0.01382	0.21774	0.00754	0.03216	0.28334	0	0.0058	0.13491	0.10357	0.00232	0	0	0.06125	0	0.03172	0.00073	0.00994	0.08515	0.00017	0.07302	0.0021	0.00168	0	0	0.37031	0.04346	0	0
s__Clostridium_citroniae	0.00094	0.04057	0.00353	0.05102	0.02053	0.24868	0.04043	0.01591	0	0.0369	0	0.00394	0.02186	0	0	0.02235	0	0	0.01551	0	0.20597	0	0	0	0.01744	0.047	0.00036	0.01788	0.00198	0.00191	0	0	0.0195	0	0.00553	0.01884
s__Clostridium_clostridioforme	8e-04	1.20136	0.04275	0.0231	0	0.39617	0	0	0.00227	0.16114	0	0	0.0868	0	0	0	0	0	0.88464	0.85682	0.66082	0	0	0	0	1.32656	0	0	0	0	0	0	0	0	0	0.67288
s__Clostridium_hylemonae	0	0.00053	0	0	0	0	0	0	0	0	0	0	0	0	0	0	0	0	0	0	0	0	0	0	0	0	0	0	0	0	0	0	0	0	0	0
s__Clostridium_lavalense	0	0.00213	0	0	0	0.53488	0.00865	0.00057	0	0	0	0	0.00041	0	0	0	0.00305	0	0	0	0	0	0	0	0.00017	0	0	0.00071	0	0	0	0	0	0	0	0
s__Clostridium_scindens	0	0.00562	0.00479	0	0.00068	0.0117	0	0	0	0	0	0	0	0	0	0	0	0	0	0	0	0	0	0	0	0.00099	0	0.00024	0	0	0	0	0	0	0	0
s__Clostridium_symbiosum	0.02039	0.17742	0.11086	0.00146	0.05574	0.29264	0.00129	0	0.01429	0.0551	0	0	0.02082	0	0	0.04425	0.00405	0	0.44209	0	3.46919	0	0.00151	0	0.00144	1.18518	0.00043	0.2029	0.00047	0.00584	0	0	0.093	0.00266	0	0.35155
s__Eubacterium_rectale	2.88515	0.00409	0.01562	0	0	0	15.40284	5.16945	0.62047	0.97502	1.89065	0.00451	0	2.5411	0.6522	0	4.24749	0.13129	0	0	0	0.47668	0.44159	0.07521	3.2348	0	1.34305	0	2.48249	0.51798	0.00392	0.61174	0.30001	1.32645	0.94175	0.05891
s__Lachnospiraceae_bacterium_2_1_46FAA	0	0	0.11326	0	0	0	0	0	0	0.03169	0	0	0	0	0	0	0	0	0.14762	0	0	0	0	0	0	0.06259	0	0	0	0	0.81135	0	0	0	0	0.24123
s__Lachnospira_pectinoschiza	0.0187	0	0	0	0	0	0	0	0	0	0	0	0	0.82684	0	0	0	0	0.11241	0	0	0	0.09245	0.16946	0.09149	0	0	0.12713	0	0	0	0.00983	0.02449	0.27637	0	0.08168
s__Roseburia_faecis	4.80417	0.21591	12.86549	7.85529	0.0019	0.18756	1.57646	2.54231	0.18469	0.92697	0.17645	0	1.90908	1.83817	0.93854	0	3.47251	0.06874	0.12683	0	0	4.17422	0.01882	0	0.71614	0	0.65196	1.11009	0.77704	0	0	0	0	0.04194	3.62882	0.13172
s__Roseburia_hominis	0.01671	0.09119	0.50253	0	0	0	1.05457	2.00851	0.0152	0.13805	0	0	0.36382	0.28199	0	0	0.01656	0	0	0	0	3.41903	0.34006	0.05292	0.13105	0	0.00386	0	0.00355	0.02474	0	0.64595	0.07379	0.47309	3.4455	0
s__Roseburia_intestinalis	0.35398	0	0	0	3.69279	1.31733	3.72581	0	0.58048	0.00823	0.20363	0	0	0.9848	0.39687	1.479	0.01588	0.01407	0	0	0	0.05818	0.0017	0	0.0062	0	0.20879	0.01102	0.57072	0.03382	0	0.00086	0	0.02319	0.06275	0.00218
s__Roseburia_inulinivorans	2.12804	0	10.48876	0	0	0.94418	1.77038	0.33762	1.30921	0.48362	0	0.08745	1.58418	0.50119	0	0	0.15154	0	0	0	0	0.70574	0.08816	0.44555	0.12575	0	0.23695	0.32999	0.32549	1.39951	0.00029	3.09652	1.72542	0.18701	1.57651	0.0022
s__Roseburia_sp_CAG_303	0	0	0	0	0	0	0	0.08524	0	0	0	0.18761	0	0	0	0	0	0	0	0	0	0	0	0	0	0	0	0	0	0	0	0	0	0	0	0
s__Roseburia_sp_CAG_471	0	0	0	0	0	0	0.02251	0	0.14877	0	0.00063	0	0.00011	0	0	0	0	0	0	0	0	0	0	0	0	0	0	0	0.00198	0	0	0.00136	0	0	0	0
s__Sellimonas_intestinalis	0	0.28888	0	0.66031	0.00165	0	0	0	0	0	0	0	0	0	0	0	0	0	0	0	0	0	0	0	0	0	0	0.03575	0	0.03185	0	0	0	0	0	0
s__Tyzzerella_nexilis	0	0.1432	0.03963	0	0.4064	0	0.0018	0	0	0	0.05869	0.00195	0.02095	0	0	0.00171	0.00432	0	0	0	0.07979	0.00635	0	0	0	0.0063	0	4e-04	0	0	0	0	0.45811	0	0.00659	0
s__Oscillibacter_sp_57_20	0	0.05367	0	0	0	0.06596	1.01973	0.67882	0	0	0.11615	0.29392	1.51656	0.35039	0.81319	0	0.50591	0.00712	0	0	0	0.60753	0.50588	0	3.33708	0	1.54765	0.81667	1.52576	0.02098	0	1.28181	0	1.03317	0.81953	0.00569
s__Oscillibacter_sp_CAG_241	0	0	0	0.02186	0	0	0	0.03198	0	0	0	0.00614	0.02953	0.00677	0.07337	0	0.00122	0.00198	0	0	0	0.02278	0.00827	0	0.28141	0	0.75841	0	0.95135	0.00134	0	0.00935	0	0.056	0.18076	0.00696
s__Clostridioides_difficile	0	0	0	0	0	0	0	0	0	0	0	0	0	0	0	0	0	0	0.33211	0	0	0	0	0	0	0.19832	0	0	0	0	0	0	0	0	0	0.07452
s__Intestinibacter_bartlettii	0.02035	0	0.00092	0.00446	0.13718	0.05326	0	0	0	0	0	0	0.00055	0	0	0.00046	0.03604	0	0	0	0	0.06298	0.001	0	0	0	0.03252	0.03484	0.04414	0.0022	0	0	0	0.02609	0.20397	0
s__Peptostreptococcus_anaerobius	0	0	0	0	0	0	0	0	0	0	0	0	0	0	0	0	0	0	0.02602	0	0	0	0	0	0	0	0	0.06488	0	0	0	0	0	0	0.00871	0.01135
s__Peptostreptococcus_stomatis	0	0	0	0	0	0	0	0	0	0	0	0.00087	0	0	0	0	0.00156	0	0	0	0	0	0.05051	0	0	0	0	0	0	0.01802	0.00071	0	0.00185	0.12928	0.00028	0.00094
s__Romboutsia_ilealis	0	0	0	0	0	0	0.00517	0	0	0.00592	0	0	0	0	0	0	0	0	0	0	0	0	0	0.00405	0	0	0	0.00068	0	0	0	0	0	0	0	0
s__Agathobaculum_butyriciproducens	0	0.00756	0.17355	0.51593	0.07673	0	0.57408	0.3193	0.59182	0.12461	0.15702	0.08755	0	0.09579	0.19094	0	0.04591	0.01523	0.05098	0	0.01996	0.07089	0.02684	0.04622	0.00303	0.01311	0.03839	0.08373	0.08134	0.03611	0.01267	0.01044	0.08444	0.10599	0.18621	0.09401
s__Anaeromassilibacillus_sp_An250	0	0.01997	0	0	0	0	0	0	0	0	0	0	0	0	0	0	0	0	0	0	0	0	0	0	0	0	0.00228	0.00036	0.00178	0	0	0.00017	0	0	0	0
s__Anaerotruncus_colihominis	0	0.00065	0	0.02783	0	0.02326	0.00258	0	0	0	0	0.00329	0.00678	0	0.0133	0.00114	0	0	0	0	0	0	0	0	0.05689	0.05269	0.01371	0.07725	0.01878	0.00406	0	0.00818	0.18473	0	0	0
s__Faecalibacterium_prausnitzii	0.32936	11.07527	0.18008	9.51503	5.45859	4.00513	6.68826	5.17839	1.02599	0.40167	2.49306	3.63149	5.24671	1.16351	0.84212	0	1.92421	0.11398	0.85126	0	0	1.67134	0.71706	0.05072	1.46412	0	2.51024	0.97886	4.06319	1.29397	0.10046	6.41528	2.2943	1.42452	2.93961	1.78959
s__Flavonifractor_plautii	0.16682	1.35046	2.13354	0.71325	1.11095	0.94157	0.08258	0.00886	0.17575	0.06542	0.33207	0.12033	0.20578	0.03355	0.04802	0.62676	0.18137	0.00518	0.29467	1.21966	2.15024	0.02124	0.06477	0.00543	0.01189	0.96929	0.07145	0.04055	0.08022	0.09282	1.0541	0.00892	0.35617	0.17417	0.13711	0.41873
s__Gemmiger_formicilis	0.0038	0	0	0	0	0	0.0919	0.09337	0.00933	0	0.05495	0.08097	0.03229	0.03201	0.05326	0	0.13385	0.00344	0	0	0	0.03874	0.00329	0.00335	0.01096	0	0.04625	0.0854	0.07658	0.00365	0	0.06872	0.09993	0.016	0.17446	0.00124
s__Harryflintia_acetispora	0	0	0	0	0	0.01053	0	0	0	0	0	0	0	0	0	0	0	0	0	0	0	0	0	0	0.00628	0	0	0	0	0	0	0	0	0	0	0
s__Clostridium_leptum	0	0.01832	0	0.00045	0	0.11287	0	0.01057	0	0.00022	0.00368	0.00561	0.00124	0	0	0	0.01421	0	0	0	0	0	0	0	0.00196	0	0.05907	0.13193	0.06584	0	0	0	0.168	0	0	0
s__Eubacterium_siraeum	0	0	0	0	0	0	0	6.73272	0	0	0	0	0	0	0	0	0	0	0	0	0	0	0	0	1.01401	0	0.48465	0.00719	0.60071	0	0	0.02848	0	0	0	0
s__Ruminococcaceae_bacterium_D16	0	0	0	0	0	0	0	0	0	0	0	0	0	0	0	0	0	0	0	0	0	0	0	0	0	0	0	0.04601	0	0	0	0	0	0	0	0
s__Ruminococcaceae_bacterium_D5	0	0	0	0	0	0	0	0	0	0	0	0	0	0	0	0	0	0	0	0	0	0	0	0	0.10012	0	0	0	0	0	0	0	0	0	0.00027	0
s__Ruminococcus_bicirculans	0	0.15276	0	0	0	0	0.10326	0.04144	0	0	0	0.00998	0.2975	0.01136	0	0	0.02806	0	0	0	0	0.53492	0.81656	0	0	0	0.37179	0.00203	0.40717	0	0	0	0	1.60521	1.52852	0.00472
s__Ruminococcus_bromii	0	2.82913	0.19641	2.46766	0.03643	10.46848	2.30912	1.42497	0.00275	4.05775	0.99423	0	0	0.02553	0	0.36084	0.41888	0.00528	0	0	0	1.36965	0.09409	0	0	0	8.19015	4.18639	7.86983	0.00269	0	0.08612	0	0.34058	1.70805	0.10339
s__Ruminococcus_callidus	0	0.00403	0	0	0	0	0.00986	0	0	0	0	0	0	0	0.00253	0	0	0	0	0	0	0.03052	0.00126	0	0	0	0.00359	0	0.00521	0	0	0	0	0.01391	0.07352	0
s__Ruminococcus_lactaris	0.00027	0	0	0.45878	0	0	0	0.25943	0	0	0.08331	0	0.4001	0.06034	0	0	0	0	0	0	0	0	0	0	0	0	0	0	0	0	0	0.50275	0	0	0	0
s__Ruminococcus_obeum_CAG_39	0	0	0	0	0	0	0	0	0	0	0	0	0	0	0	0	0.00087	0	0	0	0	0	0.00303	0.00376	0	0	0	0	0	0	0	0	0	0	0	0
s__Ruminococcus_sp_CAG_488	0	0	0	0	0	0	0	0	0	0	0	0	0	0	0	0	0	0	0	0	0	0	0	0	0	0	0	0	0	0	0	0.03685	0	0	0	0
s__Ruthenibacterium_lactatiformans	0.11198	0.07122	0.00167	0.35029	0.14549	1.91404	0.0325	0.02457	0.0045	0.15267	0.19361	0.05278	0.06483	0.00171	0.04019	0.14532	0	0.00781	0.01103	0	0.31633	0.00024	0.00369	0.01823	0.16707	2.54711	0.09821	0.10458	0.1093	0.01242	0.12275	0.04185	0.00709	0.00391	0.02701	0.01894
s__Absiella_dolichum	0	0	0	0	0.12773	0	0	0	0	0	0	0	0	0	0	0.01244	0	0	0	0	0	0	0	0	0	0	0	0	0	0	0.0094	0	0	0	0	0
s__Candidatus_Stoquefichus_sp_KLE1796	0	0	0	0.05993	0	0.24554	0	0	0	0	0	0	0	0	0	0	0	0	0	0	0	0	0	0	0	0	0	0	0	0	0	0	0	0	0	0
s__Catenibacterium_mitsuokai	0	0	0	0	0	0	0	0	0	0	0	0	0	0	0	0	0	0	0	0	0	0	0	0	0	0	0	0	0	0	0	0.01538	0	0	0	0
s__Coprobacillus_cateniformis	0	0.1298	0.00774	0	0	0	0	0	0	0	0	0	0	0.05225	0	0.02643	0	0	0	0	0	0	0	0	0	0.04117	0	0	0	0	0	0	0	0	0	0
s__Dielma_fastidiosa	0.0051	0	0	0	0	0	0.00394	0	0	0.00893	0	0	0	0	0.00705	0	0	0	0	0	0	0.00301	0	0	0.0048	0	0	0	0	0	0	0	0	0	0.02505	0
s__Clostridium_innocuum	0	0.08149	0.48898	0.00719	0.11075	0.08995	0.00273	0	0.00275	0.00193	0	0.00017	0.00083	0	0	0.01508	0	0	0.00847	0.0087	0.04408	0	0	0	0	0.04585	0.0318	0	0.03035	0.00116	0.04336	0.00221	0	0	0	0.0236
s__Clostridium_spiroforme	0	0	0.00349	0.00218	0	0	0	0	0	0	0	0	0	0	0	0	0	0	0	0	0.00381	0	0	0	0	0	0	0	0	0	0	0	0.00288	0	0	0
s__Erysipelatoclostridium_ramosum	0	0.00482	0.02142	0.04889	0.00925	0.0346	0	0	0	0	0	0	0.07086	0	0.00595	0.68597	0.00562	0	0.07507	0	0	0	0	0	2e-04	0.01899	0	0.00553	0	0.00453	0.05307	0	0	0	0	0.16359
s__Erysipelothrix_larvae	0	0	0	0.001	0	0	0	0	0	0	0	0	0	0	0	0.28962	0	0	0	0	0	0	0	0	0	0	0	0	0	0	0	0	0	0	0	0
s__Faecalitalea_cylindroides	0	0	0	0.00068	0	0	0	0	0	0	0	0	0	0	0	0	0	0	0	0	0	0	0	0	0	0	0	0	0	0	0	0	0	0	0	0
s__Holdemanella_biformis	0	0	0	0	0	0	0	1.55718	0	0	0	0	0	0.18131	0	0	0	0	0	0	0	0.17451	0	0	0.02989	0	0.04545	0	0.03734	0	0	0.19366	0	0.00024	0.27295	0
s__Holdemania_filiformis	0	0	0.0456	0.13025	0.22923	0	0.00587	0	0	0.00336	0	0	0.01149	0	0.00839	0	0.00537	0.00964	0	0	0	0	0	0	0	0.00687	0	0	0	0	0	0.01006	0.01612	0.01137	0	0
s__Solobacterium_moorei	0	0	0	0	0	0	0	0	0	0	0	0.00126	0	0	0	0	0	0	0	0	0	0	0.0198	0	0	0	0	0	0	0	0	0	0	0.03316	0	0
s__Turicibacter_sanguinis	0	0	0	0	0	0	2.81239	0	0.08782	0	0	0	0	0	0	0	1e-04	0	0	0	0	0	0	0	0.14552	0	0	0	0	0	0	0.00166	0	0	0	0
s__Firmicutes_bacterium_CAG_110	0	0	0	0	0	0	0	0.00103	0	0	0	0.01374	0.00304	0	0.02052	0	0	0	0	0	0	0	0.02315	0	0.11732	0	0	0	0	0	0	0.08064	0	0.04716	0	0
s__Firmicutes_bacterium_CAG_145	0	0	0	0	0	0	0	0	0	0	0	0	0	0	0.00016	0	0	0	0	0	0	0	0	0	0	0	0.008	0	0.00062	0	0	0	0	0	0	0
s__Firmicutes_bacterium_CAG_170	0	0	0	0	0	0	0	0.10481	0	0	0	0	0	0	0.02239	0	0	0	0	0	0	0	0.04362	0	0	0	0	0	0	0	0	0.64192	0	0.02351	0	0
s__Firmicutes_bacterium_CAG_83	0.06956	0	0	0.05125	0	0.06216	0.1283	0.53473	0	0	0.0274	0.10286	0.23432	0.04252	0.05272	0	0.01514	0	0	0	0	0	0.05108	0	0.08856	0	0.97269	0.72259	1.12203	0.22562	0	0.56146	1.23591	0.26448	0.07762	0.00744
s__Firmicutes_bacterium_CAG_95	0	0	0	0	0	1.26145	0.00072	0.16564	0	0	0	0	0.00725	0	0.11707	0	0	0	0	0	0	0	0.04388	0	0	0	0.00127	0	0.00161	0	0	0.43728	0	0.06059	0	0
s__Phascolarctobacterium_faecium	0.48872	3.73913	0.08174	1.47425	2.00362	0.25717	4.56369	0.31056	0.13647	2.9398	1.19776	0.50812	0.63169	0.68345	0.60128	0	0.01358	1.00203	0	0	0	0	0	3.8734	6.19819	1.46067	0.19239	0	0.11525	0.45675	0.02889	0	0.20886	0	0	0
s__Phascolarctobacterium_succinatutens	0	0	0	0	0	0	0	0	0	0	0	0	0	0	0	0	0	0	0	0	0	2.1819	0	0	0	0	0	0	0	0	0	3.25024	0	0	6.1752	0
s__Megamonas_funiformis	0	0	0	2.12166	0.0048	0	0	0.15361	22.96437	0	0	0.02233	0.00366	0.01212	0.28593	0	0.03229	0.00922	0	0	0	0	0.25384	0	0.69243	0	0.38293	0	0.37022	0.36231	0	0	0.25351	0.17557	0	0.01386
s__Megamonas_funiformis_CAG_377	0	0	0	0	0	0	0	0.11158	0	0	0	0	0.00056	0	0	0	0	0	0	0	0	0	0	0	0	0	0	0	0	0	0	0	0	0	0	0
s__Megamonas_hypermegale	0	0	0	0.90165	0	0	0.00092	0.02002	1.4732	0.13437	0	0.00239	0	0.15919	0.03007	0	0.00353	0	0	0	0	0	0.01785	0	0.14152	0	0.03579	0	0.03791	0.04727	0	0	0.01261	0.0378	0	0
s__Megamonas_rupellensis	0	0	0	5.85537	0.00203	0	0	0	0	0	0	0	0	0	0	0	0	0	0	0	0	0	0	0	0	0	0	0	0	0	0	0	0	0	0	0
s__Selenomonas_sp_oral_taxon_126	0	0	0	0	0	0	0	0	0	0	0	0	0	0	0	0	0	0	0	0	0	0	0	0	0	0	0	0	0	0	0	0	0	0.00827	0	0
s__Selenomonas_sputigena	0	0	0	0	0	0	0	0	0	0	0	0	0	0	0	0	0	0	0	0	0	0	0.06536	0	0	0	0	0	0	0	0	0	0	0.08235	0	0
s__Allisonella_histaminiformans	0	0	0	0	0	0.04717	0	0	0	0	0	0	0	0	0	0	0	0	0	0	0	0	0.04997	0	0	0	0	0	0	0	0	0.00206	0	0.12223	0.01409	0
s__Anaeroglobus_geminatus	0	0	0	0	0	0	0	0	0	0	0	0	0	0	0	0	0	0	0	0.0584	0	0	0	0	0	0	0	0	0	0	0	0	0	0	0	0
s__Dialister_invisus	0	0	0	0	0	0	0	0	0	0	0	0	0	0	0	0.2062	0.0513	0	0	0.00524	0.36652	0	0	0	0	0	0	0.21005	0	0	0	0	0	0	0	0
s__Dialister_pneumosintes	0	0	0	0	0	0	0	0	0	0	0	0.01351	0	0	0	0	0	0	0	0	0	0.04009	0	0	0.03412	0	0	0.10327	0	0.33744	0.05817	0.05547	0.05731	0	0.01841	0
s__Dialister_sp_CAG_357	0	0.60145	0.00125	0	0	0	0	2.56723	0.01087	0	0	0	0.11728	1.93434	0	0	0	0	0	0	0	0	0	0	0	0	1.09044	0	0.71797	0	0	0	0	0.00156	0	0
s__Megasphaera_elsdenii	0	0	0	0	0	0	0	0	0.00413	0.09915	0	0	0	0	0	0	0	0	0	0	0	0	0	0	0	0	0	0	0	0	0	0	0	0	0	0
s__Megasphaera_micronuciformis	0	0	0	0.01031	0.00509	0	0	0	0	0	0	0	0	0	0	0	0	0	0	2.87339	0	0	0	0	0	0	0	0	0	0.01105	0.00587	0	0	0	0	0
s__Veillonella_atypica	0	0	0	0.00432	0.00493	0	0	0	0	0	0	0	0	0	0.0512	0	0	0	0.01682	0	0	0.47712	0	0.00804	0	0	0	0	0	0.11286	0.00182	0	0.00177	0	0.88393	0.02724
s__Veillonella_dispar	0	0	0	0	0	0	0	0	0.00164	0	0	0	0	0	0.00441	0	0	0	0	0	0	0	0.00404	0	0	0	0	0.00171	0	0.04601	0	0	0.00525	0	0	0
s__Veillonella_infantium	0.00179	0	0	0	0.00158	0	0	0	0.01208	0	0	0.00089	0	0	0.01197	0	0.00219	0	0	0	0	0	0	0	0	0	0	0	0	0.00799	0.00052	0	0	0	0	0
s__Veillonella_parvula	0.02031	0	0	0.02192	0.02225	0.01156	0.00222	0	0.24954	0	0.00173	0.00825	0	0	0.00218	0.03059	0.03255	0.03147	0.02685	1.29641	0.01316	0	0.00139	0.07104	0	0	0	0.13259	0	0.06334	0.89679	0	0.04023	0.01869	0.00134	0.0274
s__Veillonella_rogosae	0	0	0	0	0	0	0	0	0.00307	0	0	0.00405	0	0	0	0	0	0	0	0	0	0	0	0.00356	0	0	0	0	0	0	0	0	0	0	0	0
s__Veillonella_sp_T11011_6	0	0	0	0	0	0	0	0	0	0	0	0	0	0	0.02861	0	0	0	0	0	0	0	0	0	0	0	0	0	0	0.0483	0.00157	0	0	0	0	0
s__Veillonella_tobetsuensis	0	0	0	0	0	0	0	0	0	0	0	0	0	0	0	0	0	0	0	0	0	0	0	0.00273	0	0	0	0	0	0	0	0	0.00771	0	0	0
s__Anaerococcus_vaginalis	0	0	0	0	0	0	0	0	0	0	0	0	0	0	0	0	0	0	0	0	0	0	0	0	0	0	0	0.01034	0	0	0	0	0	0	0	0
s__Parvimonas_micra	0	0	0	0	0.00837	0	0	0	0	0	0	0.03868	0	0	0	0	0.01005	0	0	0	0	0	0.04441	0	0.00384	0	0.00218	0.01853	0	0.00999	0	0	0.0287	0.08543	0	0.00125
s__Parvimonas_sp_KA00067	0	0	0	0	0	0	0	0	0	0	0	0	0	0	0	0	0	0	0	0	0	0.0284	0	0.04002	0	0	0	0	0	0	0	0	0	0	0.01311	0
s__Parvimonas_sp_oral_taxon_110	0	0	0	0	0	0	0	0	0	0	0	0	0	0	0	0	0	0	0	0	0	0	0	0	0	0	0.00895	0	0	0	0	0	0	0	0	0
s__Peptoniphilus_duerdenii	0	0	0	0	0	0	0	0	0	0	0	0	0	0	0	0	0	0	0	0	0	0	0	0	0	0	0	0.02853	0	0	0	0	0	0	0	0
s__Peptoniphilus_harei	0	0	0	0	0	0	0	0	0	0	0	0	0	0	0	0	0	0	0	0	0	0	0	0	0	0	0	0	0	0	0.01731	0	0	0	0	0
s__Bacteroides_coagulans	0	0	0	0	0	0	0.02809	0	0	0	0	0	0	0	0	0	0	0	0	0	0	0	0	0	0	0	0	0	0	0	0	0	0	0	0	0
s__Fusobacterium_equinum	0	0	0	0	0	0	0	0	0	0	0	0	0	0	0	0	0	0	0	0	0	0	0	0	0	0	0	0	0	0	0	0.00173	0	0	0	0
s__Fusobacterium_gonidiaformans	0	0	0	0	0	0	0	0	0	0	0	0	0	0	0	0	0	0	0	0	0	0	0	0	0	0	0.07368	0	0.0374	0	0	0.01121	0	0	0	0
s__Fusobacterium_hwasookii	0	0	0	0	0	0	0	0	0	0	0	0	0	0	0	0	0	0	0	0	0	0	0.0333	0	0	0	0	0	0	0	0	0	0	0.06014	0	0
s__Fusobacterium_mortiferum	0	0	0	0	0	0	0.80967	0	0	0	0	3.13169	0	0.69704	0	0	0.00069	0	0	0	0	0	0	0.29972	0	0	0.45453	0	0.21565	0	0	0	0.03642	0	0	0
s__Fusobacterium_naviforme	0	0	0	0	0	0	0	0	0	0	0	0	0	0	0	0	0	0	0	0	0	0	0	0	0	0	0	0.03896	0	0	0	0	0	0	0	0
s__Fusobacterium_nucleatum	0	0	0	0	0	0	0	0	0	0	0	0	0	0	0	0	0	0	0	0	0	0	0.49817	0	0.00763	0	0	0.01886	0	0.08853	0	0	0	0.43097	0	0
s__Fusobacterium_periodonticum	0	0	0	0	0	0	0	0	0	0	0	0	0	0	0	0	0	0	0	0	0	0.00227	0.09969	0	0	0	0	0	0	0	0	0	0.00053	0.09644	0.00339	0
s__Fusobacterium_sp_oral_taxon_370	0	0	0	0	0	0	0	0	0	0	0	0.03502	0	0	0	0	0.0161	0	0	0	0.00895	0.08626	0.50557	0.01956	0.00321	0	0	0	0	0	0	0	0.02638	0.53033	0.08733	0.00383
s__Fusobacterium_ulcerans	0.5069	0	0.01733	0	0.24379	0	0	0	0	0	0	0	0	0	0	0.1228	0	0	0	0.22447	0	0	0	0.00723	0	0.21275	0	0	0	0	0.04378	0	0.00197	0	0	0
s__Fusobacterium_varium	0	0	0	0	0	0	0	0	0	0	0	0	0	0	0	0	0	0	0	0	0	0.02459	0.00406	0.37809	0	0	0.01334	0	0.00174	0.0546	0	0	0.02364	0.02129	0.00611	0
s__Leptotrichia_hofstadii	0	0	0	0	0	0	0	0	0	0	0	0	0	0	0	0	0	0	0	0	0	0	0.00658	0	0	0	0	0	0	0	0	0	0	0.01172	0	0
s__Leptotrichia_sp_oral_taxon_215	0	0	0	0	0	0	0	0	0	0	0	0	0	0	0	0	0	0	0	0	0	0	0	0	0	0	0	0	0	0	0	0	0	0.00533	0	0
s__Victivallis_vadensis	0	0	0	0	0	0	0	0.00051	0	0	0	0	0	0.01498	0.00234	0	0	0	0	0	0	0	0	0	0.00418	0	0.0637	0	0.30075	0	0	0	0	0	0	0
s__Phyllobacterium_myrsinacearum	0	0	0	0	0	0	0	0	0	0	0	0	0	0	0	0	0	0	0	0	0	0	0	0	0	0	0	0	0	0	0	0	0	0	0	0
s__Comamonas_kerstersii	0	0	0	0	0	0	0.17891	0	0	0	0	0	0	0	0	0	0	0	0	0	0	0	0	0	0	0	0	0	0	0	0	10.57301	0	0	0	0
s__Comamonas_testosteroni	0	0	0	0	0	0	0	0.00107	0	0	0	0	0	0	0	0	0	0	0	0	0	0	0	0	0	0	0	0	0	0	0	0	0	0	0	0
s__Oxalobacter_formigenes	0	0	0	0	0.00351	0.0822	0.06198	0	0	0.03755	0	0	0.0058	0	0	0	0	0	0	0	0	0	0	0	0.00567	0	0.13159	0	0.1087	0	0	0	0	0	0.02943	0
s__Parasutterella_excrementihominis	0.00434	0	0	0	1.06206	0	0.3795	1.29087	0.07108	0.04618	0.50743	0	0.5923	0.12796	0.5706	0.69506	0.03906	0.12639	0.05745	0	1.61047	0.15953	0.76884	0	0.06338	1.97397	1.00116	0.16732	0.98552	0	0	0.02338	0.00031	1.01573	0.26266	0.09386
s__Sutterella_parvirubra	0	0	0	0	0	0	0	0	0	0	0	3.97826	0.01174	0	0	0	0.05043	0.13806	0	0	0	0.01104	0	0.0462	0	0	0	0	0	0.00682	0	0.01791	3.27871	0	0.0472	0
s__Turicimonas_muris	0.00259	0	0	0	0.06518	0	0.01932	0.0354	0.04873	0.05628	0.01534	0	0.20901	0.00218	0.03286	0.05882	0	0.15075	0.00538	0	0.0251	0.00972	0.01764	0	0	0.00618	0.07608	0.02429	0.05939	0	0	0	0	0.05123	0.0098	0.00603
s__Eikenella_corrodens	0	0	0	0	0	0	0	0	0	0	0	0	0	0	0	0	0	0	0	0	0	0	0.24892	0	0	0	0	0	0	0.02608	0.02501	0	0.0118	0.2393	0	0
s__Neisseria_flavescens	0	0	0	0	0	0	0	0	0.00074	0	0	0	0	0	0	0	0	0	0	0	0	0	0	0	0	0	0	0	0	0	0	0	0.02762	0	0	0
s__Neisseria_subflava	0	0	0	0	0	0	0	0	0.00197	0	0	0	0	0	0	0	0	0	0	0	0	0	0	0	0	0	0	0	0	0	0	0	0	0	0	0
s__Bilophila_wadsworthia	0.06856	0.71015	0.00093	0	0.11545	0.67811	0.20838	0.07428	0.00867	1.54856	0.32905	0.03269	0.23931	0.02628	0	0	0	0	0.03063	0	0.90194	0.20667	0.02259	0.06706	0.6036	0.18787	0.15752	0.23221	0.11404	0.15776	0.02124	0.09369	0.01612	0.03604	0.32417	0.06532
s__Desulfovibrio_fairfieldensis	0	0	0	0	0	0	0	0	0	0	0	0	0	0	0	0	0	0	0	0	0	0	0	0	0.01806	0	0	0	0	0	0	0	0	0	0	0
s__Desulfovibrio_piger	0	0	0	0	0	0	0	0.27496	0.12973	0	0	0	0.66541	0.63817	0.52921	0	0.0012	0	0	0	0	0	0	0	0	0	0	0	0	0	0	1.17083	0	0	0	0
s__Campylobacter_concisus	0	0	0	0	0	0	0	0	0	0	0	0	0	0	0	0	0	0	0	0	0	0	0	0	0	0	0	0	0	0	0.02123	0	0	0.00467	0	0
s__Campylobacter_rectus	0	0	0	0	0	0	0	0	0	0	0	0	0	0	0	0	0	0	0	0	0	0	0.039	0	0	0	0	0	0	0	0	0	0	0.2472	0	0
s__Campylobacter_showae	0	0	0	0	0	0	0	0	0	0	0	0	0	0	0	0	0	0	0	0	0	0	0.0064	0	0	0	0	0	0	0.03033	0	0	0.00014	0.05041	0	0
s__Campylobacter_ureolyticus	0	0	0	0	0	0	0	0	0	0	0	0	0	0	0	0	0	0	0	0	0	0	0	0	0	0	0	0	0	0	0	0	0	0.02797	0	0
s__Aeromonas_caviae	0	0	0	0	0	0	0	0	2.75408	0	0	0	0	0	0	0	0	0	0	0	0	0	0	0	0	0	0	0	0	0	0	0	0	0	0	0
s__Aeromonas_hydrophila	0	0	0	0	0	0	0	0	0	0	0	0	0	0	0	0	0	0	0	0	0.04928	0	0	0	0	0	0	0	0	0	0	0.00472	0	0	0	0
s__Aeromonas_media	0	0	0	0	0	0	0	0	0.16831	0	0	0	0	0	0	0	0	0	0	0	0	0	0	0	0	0	0	0	0	0	0	0	0	0	0	0
s__Aeromonas_veronii	0	0	0	0	0	0	0	0	0	0	0	0	0	0	0	0	0	0	0	0	0	0	0	0	0	0	0	0	0	0	0	0.22736	0	0	0	0
s__Shewanella_algae	0	0	0	0	0	0	0	0	0	0	0	0	0	0	0	0	0	0	0	0	0	0	0	0	0	0	0	0	0	0	0	14.37073	0	0	0	0
s__Citrobacter_freundii	0	0	0	0	0	0	0	0.00886	0.00647	0	0	0	0	0	0	0	0	0	0	0	0	0	0	0	0	0	0	0	0	0	0	0	0	0	0	0
s__Citrobacter_pasteurii	0	0.02016	0	0	0	0	0	0	0	0	0	0	0	0	0	0	0	0	0	0	0	0	0	0	0	0	0	0	0	0	0	0	0	0	0	0
s__Citrobacter_youngae	0	0	0.03151	0	0	0	0	0.00499	0.00353	0	0	0	0	0	0	0	0	0	0	0	0	0	0	0	0	0	0	0	0	0	0	0	0	0	0	0
s__Enterobacter_cloacae_complex	0	0	0	0	0	0	0	0.35411	0.02797	0	0	0	0	0	0	0	0	0.00482	0	0	0	0	0	0	0.92064	0	0	0	0	0	0	0	0	0	0	0
s__Enterobacter_mori	0	0	0	0	0	0	0.71047	0	0.01648	0	0	0	0	0	0	0	0	0	0	0	0	0	0	0	0	0	0	0	0	0.09798	0	0	0	0	0	0
s__Escherichia_coli	6.7908	3.4637	1.52448	0.48605	0.29536	0.05595	0.10696	0.0558	1.29025	1.32422	0.00542	0.00077	0.01122	0.01536	0.20649	0.16814	0.59949	27.53299	0.46183	1.88608	0.83152	6.35256	0	10.27608	0.68309	0.46042	0.02004	2.62204	0.02218	0.04964	13.86619	3.28324	0.19831	0.00948	9.57346	1.03844
s__Klebsiella_aerogenes	0	0	0	0.39283	0	0.61661	0	0	0	0	0	0	0	0	0	0	0	0	0	0	0	0	0	0	0	0	0	0	0	0	0	0	0.00843	0	0	0
s__Klebsiella_grimontii	0	0	0	0	0	0	0	0	0	0	0	0	0	0	0	0	0	0	0	0	0.01068	0	0	0	0	0	0	0	0	0	0	0	0	0	0	0
s__Klebsiella_michiganensis	0	0.02062	0	0	0	0	0	0	0	0	0	0	0	0	0	0	0	0	0	0	0	0	0	0	0	0	0	0	0	0	0	0	0	0	0	0
s__Klebsiella_oxytoca	0.00441	0.00927	0	0	0	0	0	0	0.09754	0	0	0	0	0	0	0	0	8.05399	0	0	0	0	0	0	4.62368	0	0	0	0	0	0	0	0	0	0	0
s__Klebsiella_pneumoniae	0.79294	0	0	0.00478	0	0.26056	1.69441	0	24.5006	0	0	0	0	0	0	0	0.00839	2.53434	0	0.54067	0.0497	2.95001	0	0	0	0	0.83542	0	0.83495	0.05843	0.0104	0.64808	0	0.01153	3.17742	0.00231
s__Klebsiella_quasipneumoniae	0.05822	0	0	0	0	0.03493	0.10662	0	2.20655	0	0	0	0	0	0	0	0	0.73252	0	0.34038	0	0.64172	0	0	0	0	0.1129	0	0.04335	0.00551	0	0.04379	0	0	0.7081	0
s__Klebsiella_variicola	0.21435	0	0	0	0	0.17089	0.60678	0	8.45278	0	0	0	0	0	0	0	0	0.31693	0	0.14466	0.00528	0.8195	0	0	0	0	0.18062	0.01021	0.29415	0.02702	0	0.16306	0	0	0.99797	0
s__Raoultella_ornithinolytica	0	0	0	0	0	0	0	0	0	0	0	0	0	0	0	0	0	0	0	0	0	0	0	0	0.00766	0	0	0	0	0	0	0	0	0	0	0
s__Morganella_morganii	0	0	0	0	0	0	0	0	0.00587	0	0	0	0	0	0	0	0	0	0.02926	0	1.57559	0	0	0	0	0.0052	0	0	0	0	1.13071	0	0	0	0	0.0809
s__Proteus_hauseri	0	0	0	0	0	0	0	0	0	0	0	0	0	0	0	0	0	0.018	0	0.08637	0	0	0	0	0	0	0	0	0	0	0	0	0	0	0	0
s__Proteus_mirabilis	0	0	0.00994	0	0	0	0	0	0	0	0	0	0	0	0	0	0	2.35801	0	0	0	0	0	0	0.09143	0	0	0	0	0	0.36744	0	0	0	0	0
s__Proteus_penneri	0	0	0	0	0	0	0	0	0	0	0	0	0	0	0	0	0	0	0	0.65715	0	0	0	0	0	0	0	0	0	0	0	0	0	0	0	0
s__Aggregatibacter_aphrophilus	0	0	0	0	0	0	0	0	0	0	0	0	0	0	0	0	0	0	0	0	0	0	0	0	0	0	0.14553	0	0.04776	0	0	0	0	0	0	0
s__Aggregatibacter_segnis	0	0	0	0	0	0	0	0	0.00611	0	0	0	0	0	0	0	0	0	0	0	0	0	0.02039	0	0	0	0	0	0	0	0	0	0	0.03012	0	0
s__Aggregatibacter_sp_oral_taxon_458	0	0	0	0	0	0	0	0	0	0	0	0	0	0	0	0	0	0	0	0	0	0	0	0	0	0	0	0	0	0	0	0	0.00118	0	0	0
s__Haemophilus_influenzae	0	0	0	0	0	0	0	0	0	0	0	0	0	0	0	0	0	0	0	0	0	0	0	0	0	0	0	0	0	0	0	0	0.09756	0	0	0
s__Haemophilus_parahaemolyticus	0	0	0	0	0	0	0	0	0	0	0	0	0	0	0	0	0	0	0	0	0	0	0	0	0	0	0	0	0	0	0	0	0.00149	0	0	0
s__Haemophilus_parainfluenzae	0.00549	0	0.00298	0.01919	0.02542	0.0088	0	0	0.72425	0.00063	0	0.17917	0	0.00151	0.00199	0	0.0144	0	0	0	0	0	0.08095	0.017	0	0	0	0.00243	0.00155	0.39447	0.13469	0.01087	0.07036	0.09509	0	0
s__Haemophilus_paraphrohaemolyticus	0	0	0	0.00284	0	0	0	0	0	0	0	0	0	0	0	0	0	0	0	0	0	0	0	0	0	0	0	0	0	0	0	0	0	0	0	0
s__Haemophilus_sp_HMSC71H05	0	0	0	0.01012	0.03301	0	0	0	0	0	0	0.0139	0	0	0	0	0.01239	0	0	0	0	0	0	0	0	0	0	0.00305	0	0	0	0	0	0	0	0
s__Haemophilus_sputorum	0	0	0	0	0	0	0	0	0	0	0	0.00546	0	0	0	0	0	0	0	0	0	0	0	0	0	0	0	0	0	0.00149	0.00406	0	0	0	0	0
s__Acinetobacter_johnsonii	0	0	0	0	0	0	0	0.09478	0	0	0	0	0	0	0	0	0	0	0	0	0	0	0	0	0	0	0	0	0	0	0	0	0	0	0	0
s__Acinetobacter_lwoffii	0	0	0	0	0	0	0	0	0	0	0	0	0	0	0	0	0	0	0	0	0	0	0	0	0	0	0	0	0	0	0	0	0	0	0	0
s__Hydrogenophilus_thermoluteolus	0	0	0	0	0	0	0	0	0	0	0	0	0	0	0	0	0	0	0	0	0	0	0	0	0	0	0	0	0	0	0	0	0	0	0	0
s__Proteobacteria_bacterium_CAG_139	0.07509	0	0	0	0.04306	0	0.02437	0.06223	1.5229	1.06335	0.02386	0	4.26181	0.00702	3.02462	1.14319	0.03245	2.17266	1.21737	0	0.05979	0.00456	0.04351	0	0.00085	0.08584	0.03581	3.3354	0.04851	0	0	0	0	0.04461	0.0094	1.74466
s__Treponema_socranskii	0	0	0	0	0	0	0	0	0	0	0	0	0	0	0	0	0	0	0	0	0	0	0.01392	0	0	0	0	0	0	0	0	0	0	0.03499	0	0
s__Treponema_vincentii	0	0	0	0	0	0	0	0	0	0	0	0	0	0	0	0	0	0	0	0	0	0	0.00438	0	0	0	0	0	0	0	0	0	0	0.06092	0	0
s__Cloacibacillus_evryensis	0	0	0	0.00255	0	0	0	0	0	0	0	0	0	0	0	0	0	0	0	0	0	0	0	0	0.00065	0	0	0	0	0	0	0	0.09044	0	0	0
s__Cloacibacillus_porcorum	0	0	0	0	0	0	0	0	0	0	0	0	0.00168	0	0	0	0	0	0	0	0	0	0	0	0.06287	0	0	0	0	0	0	0	0	0	0	0
s__Pyramidobacter_piscolens	0	0.01172	0	0.02986	0	0.01092	0	0	0	0	0	0	0	0	0	0	0	0	0	0	0	0	0	0	0.18698	0	0	0.03478	0	0.00922	0	0	0	0	0	0
s__Pyramidobacter_sp_C12_8	0	0	0	0	0	0	0	0	0	0	0	0	0	0	0	0	0	0	0	0	0	0	0	0	0.0016	0	0	0	0	0	0	0	0	0	0	0
s__Akkermansia_muciniphila	0	0	0	0	0	2.34175	0.23792	0.15203	0	0	0	0	0	0	0	0	0.08782	0	0	0	0	0	0	0	0.07109	6.95221	0	1.64583	0	0	0	2.88171	0	0	0	0
