len_control	len_case	mean_control	mean_case	sd_control	sd_case	cohen.d	lower	upper
1CMET2-PWY	21	25	0.0200636963790876	0.0198011574291025	0.00225099217748124	0.0020409089113	0.122741359282089	-0.474375024397531	0.71985774296171
3-HYDROXYPHENYLACETATE-DEGRADATION-PWY	21	25	0.000552442704397832	0.00191607558908661	0.00106228085308646	0.00292435080508063	-0.599287007052839	-1.20899081601689	0.010416801911212
7ALPHADEHYDROX-PWY	21	25	0	0	0	0	NA	NA	NA
AEROBACTINSYN-PWY	21	25	0	0.00103914725308437	0	0.00318708329556818	-0.441473253610314	-1.04520119586474	0.162254688644115
ALL-CHORISMATE-PWY	21	25	0	0	0	0	NA	NA	NA
ALLANTOINDEG-PWY	21	25	0.00127641252923014	0.00154901637190011	0.00102026690968061	0.00164242342928565	-0.195489035698169	-0.793460646778558	0.402482575382221
ANAEROFRUCAT-PWY	21	25	0.0151574628909273	0.0152115066080792	0.00201175006175017	0.00181606417259191	-0.0283321859627831	-0.624921065088147	0.568256693162581
ANAGLYCOLYSIS-PWY	21	25	0.0185996125944276	0.0180261382332477	0.00214468229521751	0.00164081105202476	0.30397233498272	-0.295996148868095	0.903940818833535
ARG+POLYAMINE-SYN	21	25	0.00713791226589658	0.00975615358958601	0.0034201538901611	0.00385930483715882	-0.714153280521534	-1.32929512707731	-0.0990114339657542
ARGDEG-PWY	21	25	0.00123175978573047	0.00396336740228521	0.0018247395948321	0.00449554661362323	-0.771471546833051	-1.38966158974782	-0.153281503918285
ARGININE-SYN4-PWY	21	25	0.0124120558430414	0.0129203876357859	0.00326973407411497	0.00344698777039167	-0.150948928690579	-0.748350646040717	0.44645278865956
ARGORNPROST-PWY	21	25	0.00156921269258652	0.00313586299701189	0.00116911144437244	0.00189704561561941	-0.974550662554561	-1.60527509063556	-0.343826234473563
ARGSYN-PWY	21	25	0.0200045692422193	0.018036911957372	0.00348726024549617	0.00296479552258066	0.612437538792121	0.00215707797150444	1.22271799961274
ARGSYNBSUB-PWY	21	25	0.0194685257534193	0.0172463727587883	0.00372385875124621	0.00290820549859288	0.672561667114005	0.0594930189676836	1.28563031526033
ARO-PWY	21	25	0.020512685802231	0.0199484202967481	0.00241388265466571	0.00181276791421861	0.267758646877952	-0.33144757767588	0.866964871431784
ASPASN-PWY	21	25	0.0152300232312608	0.0158123728221252	0.0031165265065692	0.00296387375003787	-0.191927685470815	-0.789848360920552	0.405992989978923
AST-PWY	21	25	0.000972027673031976	0.00349085877668886	0.00125985342227257	0.00392978259217677	-0.832926239573777	-1.45462706842051	-0.211225410727043
BIOTIN-BIOSYNTHESIS-PWY	21	25	0.00987005498133956	0.0121418248255004	0.00193367857262949	0.00334909977450707	-0.812504244355882	-1.43301079829004	-0.191997690421724
BRANCHED-CHAIN-AA-SYN-PWY	21	25	0.0213979936917362	0.0206639422828423	0.00265903771477943	0.00191032596664335	0.321766510283659	-0.278611502941684	0.922144523509001
CALVIN-PWY	21	25	0.0185381206316241	0.0186184909130156	0.00220168507567674	0.0026791567560271	-0.0324915324555407	-0.629089772321658	0.564106707410577
CATECHOL-ORTHO-CLEAVAGE-PWY	21	25	0.000321690073326907	0.00166292676044026	0.000783799363429953	0.00304519813165778	-0.580552725980472	-1.18945574769857	0.0283502957376279
CENTFERM-PWY	21	25	0.0057180215453759	0.00561264336157016	0.00208731037232571	0.00210704090117622	0.0502256378582832	-0.54642687627191	0.646878151988477
CITRULBIO-PWY	21	25	0.0134569819905189	0.0138837764349404	0.00365334441096108	0.00310063120868231	-0.12690341223931	-0.724058206230648	0.470251381752027
COA-PWY-1	21	25	0.0223188137075529	0.0212169411144595	0.0026697533146083	0.00284524468724708	0.398239938838504	-0.204159149725319	1.00063902740233
COA-PWY	21	25	0.0202653725364638	0.019685047805144	0.00243731382709466	0.00260559095928433	0.229333040849541	-0.369169095851657	0.827835177550739
COBALSYN-PWY	21	25	0.0124376167675103	0.0118474406336717	0.00261200752380032	0.002197583294713	0.246434010957869	-0.352368132669846	0.845236154585583
CODH-PWY	21	25	0	3.32978605198113e-05	0	0.000166489302599057	-0.270801280154532	-0.870067868451996	0.328465308142932
COLANSYN-PWY	21	25	0.0092251162986667	0.00990771078526973	0.0014120229393542	0.00301333423927442	-0.281998744593645	-0.881493301890997	0.317495812703707
COMPLETE-ARO-PWY	21	25	0.0196864664747949	0.0192980208898972	0.00199941330266307	0.00162223715674324	0.215385945230553	-0.3828873801649	0.813659270626007
CRNFORCAT-PWY	21	25	0.000163959012531035	0.000156130932260061	0.000529761301204804	0.000439482197764889	0.0162200929227357	-0.580348819242692	0.612789005088163
DAPLYSINESYN-PWY	21	25	0.00736975529907583	0.00912143997204279	0.00323955894040829	0.0039814400559251	-0.478223936066953	-1.08318644878233	0.126738576648425
DENITRIFICATION-PWY	21	25	7.98342122252656e-05	0.000657940585583033	0.00027685020595705	0.00154197524181183	-0.500950520778567	-1.10672449015446	0.104823448597329
DENOVOPURINE2-PWY	21	25	0.0168958490080238	0.0171312318368914	0.0023523320864401	0.00142735285592304	-0.123603783015228	-0.720728020743175	0.473520454712719
DHGLUCONATE-PYR-CAT-PWY	21	25	5.69134923261939e-05	1.79916432723107e-05	0.000260810386649072	8.99582163615532e-05	0.207062757469196	-0.391080819577613	0.805206334516006
DTDPRHAMSYN-PWY	21	25	0.0244670507780534	0.021995338380216	0.00336325315240526	0.00712816207058314	0.431208458195382	-0.172191861754334	1.0346087781451
ECASYN-PWY	21	25	0.000854989854909667	0.00311002560645375	0.00112998336529602	0.00444021977713621	-0.669816002428605	-1.28275192615572	-0.0568800787014934
ENTBACSYN-PWY	21	25	0.00275898654834028	0.0057544508254964	0.00310402711015876	0.00495182970672908	-0.710903894118641	-1.32587954957666	-0.0959282386606226
FAO-PWY	21	25	0.00488351924750955	0.00869319437113098	0.00250810623948011	0.00534862581415384	-0.886603753321953	-1.51157325332227	-0.26163425332164
FASYN-ELONG-PWY	21	25	0.00998190866237815	0.0134884078578265	0.00187878965724668	0.00473468760612768	-0.942822711720511	-1.57141441580422	-0.3142310076368
FASYN-INITIAL-PWY	21	25	0.00860461226226458	0.0120101163347199	0.00185531055832116	0.00437561904053477	-0.982760021190126	-1.61404656607819	-0.351473476302059
FERMENTATION-PWY	21	25	0.0065296731615364	0.00824673369554265	0.00321308749755137	0.00447240946960301	-0.434690213619885	-1.03820081714125	0.168820389901475
FOLSYN-PWY	21	25	0.00177606877435501	0.00424051812943847	0.00188542455852518	0.00346780070801139	-0.86192370062724	-1.48536710764777	-0.238480293606711
FUC-RHAMCAT-PWY	21	25	0.00562405445982748	0.00715137492015521	0.00196001880808701	0.00296306719369704	-0.597449796412103	-1.20707399718513	0.0121744043609255
FUCCAT-PWY	21	25	0.00497812053386695	0.00624939736335192	0.00208552105467417	0.00306744944142915	-0.476789022606222	-1.08170153012138	0.128123484908937
GALACT-GLUCUROCAT-PWY	21	25	0.0092278823479929	0.00858525602096932	0.00211772407439513	0.00235445254975798	0.285619504398215	-0.313950724709195	0.885189733505626
GALACTARDEG-PWY	21	25	0.00247178407194008	0.00547119319859973	0.00208194393111959	0.0045646533059067	-0.821360013776993	-1.44238109283846	-0.200338934715528
GALACTUROCAT-PWY	21	25	0.00859300634209971	0.00790800978060435	0.00184765745866505	0.00207145681712992	0.347206480393912	-0.253796943045489	0.948209903833313
GALLATE-DEGRADATION-I-PWY	21	25	0	0	0	0	NA	NA	NA
GALLATE-DEGRADATION-II-PWY	21	25	0	0	0	0	NA	NA	NA
GLCMANNANAUT-PWY	21	25	0.00861086274232707	0.0100251128788748	0.0022976459717378	0.00390123605086079	-0.432323646191871	-1.03575919504066	0.17111190265692
GLUCARDEG-PWY	21	25	0.00189614303596247	0.00455941836785363	0.00169906265022078	0.00426433774746272	-0.7947049623162	-1.41419298157664	-0.17521694305576
GLUCARGALACTSUPER-PWY	21	25	0.00247178407194008	0.00547119319859973	0.00208194393111959	0.0045646533059067	-0.821360013776993	-1.44238109283846	-0.200338934715528
GLUCONEO-PWY	21	25	0.0136591377531007	0.014457807910776	0.00216149077302092	0.00237140427947695	-0.350541796574862	-0.951630690991148	0.250547097841425
GLUCOSE1PMETAB-PWY	21	25	0.00448545511781085	0.00620921557397429	0.00212829756349451	0.00415735268270486	-0.508611386755309	-1.11466712300426	0.0974443494936409
GLUCUROCAT-PWY	21	25	0.0100420773038145	0.00906056602378396	0.00225486480080848	0.00261660985737687	0.39918518741421	-0.203241521704285	1.00161189653271
GLUDEG-I-PWY	21	25	0.00443391259762185	0.00507859617745024	0.00279328580811301	0.00248024839336465	-0.245391249763573	-0.844174486944698	0.353391987417551
GLUTORN-PWY	21	25	0.0175001271890266	0.0159498041400914	0.00273475452816361	0.0029841309924448	0.539531378534453	-0.0677036341783228	1.14676639124723
GLYCOCAT-PWY	21	25	0.00559825072486571	0.00737812277519321	0.00266823825446712	0.00485602320309013	-0.443604956545548	-1.0474018803511	0.160191967260006
GLYCOGENSYNTH-PWY	21	25	0.014087720058357	0.0137860765443549	0.00311146514512836	0.0033145359029597	0.0935671910614676	-0.503315852852512	0.690450234975448
GLYCOL-GLYOXDEG-PWY	21	25	0.000483686851094931	0.00180848251007719	0.00062687740645506	0.00199315457618283	-0.865023857531551	-1.48865680001825	-0.241390915044851
GLYCOLYSIS-E-D	21	25	0.0102005093161927	0.0112087776993455	0.00181581874748115	0.00244101988858242	-0.46268079955748	-1.0671094389317	0.141747839816735
GLYCOLYSIS-TCA-GLYOX-BYPASS	21	25	0.00333216540465458	0.00767950245394693	0.00348319488435405	0.00508377993732957	-0.981662555105537	-1.61287370957832	-0.350451400632751
GLYCOLYSIS	21	25	0.0146882702939032	0.0156047584592914	0.00229434007256214	0.00236694850551093	-0.392630655858487	-0.994867160426198	0.209605848709224
GLYOXYLATE-BYPASS	21	25	0.00234830873616839	0.0056276422119666	0.00237951209987361	0.00452284218668954	-0.88496455410217	-1.50983147540714	-0.260097632797201
GOLPDLCAT-PWY	21	25	0.00270398434325413	0.00377078481856711	0.00191610726522457	0.00273673200535687	-0.444726452366898	-1.04855979780377	0.159106893069974
HCAMHPDEG-PWY	21	25	0.00105777755612608	0.00256162421082605	0.00157704859634909	0.00316246621161408	-0.586007240767824	-1.19514089659273	0.0231264150570808
HEME-BIOSYNTHESIS-II	21	25	0.00295774615259956	0.00572803666251713	0.00179514394693544	0.00393560085023799	-0.879864760944672	-1.5044136515977	-0.255315870291644
HEMESYN2-PWY	21	25	0.0043687105469989	0.00586392222887702	0.00150587647462507	0.00352782898178449	-0.534712143158546	-1.14175892879232	0.0723346424752304
HEXITOLDEGSUPER-PWY	21	25	0.00846762506195584	0.0103484532717738	0.0017219310502361	0.00319372376988592	-0.71543271474482	-1.33064019403815	-0.100225235451488
HISDEG-PWY	21	25	0.0154968817299538	0.0161033207456856	0.00370582762324651	0.00428257139923258	-0.150456556090957	-0.747852789771687	0.446939677589772
HISTSYN-PWY	21	25	0.0189894224134174	0.0178727358342354	0.00158911095534673	0.00223966579703201	0.566626448988393	-0.0416971232761711	1.17495002125296
HOMOSER-METSYN-PWY	21	25	0.00518397298974855	0.00735069672526588	0.00175778917866603	0.00499031635239663	-0.559668459082344	-1.167707589476	0.0483706713113161
HSERMETANA-PWY	21	25	0.0149321028012021	0.0131124008613445	0.0028673564519118	0.00336188596307468	0.578279959842303	-0.0305275731446339	1.18708749282924
ILEUDEG-PWY	21	25	0	0	0	0	NA	NA	NA
ILEUSYN-PWY	21	25	0.0245968647328437	0.0228959453968231	0.0019150888097766	0.00216237921188849	0.828234332196696	0.206810303932872	1.44965836046052
KDO-NAGLIPASYN-PWY	21	25	0.000785070356172919	0.00216178829863489	0.00108209438342283	0.00249348652306845	-0.69502936734233	-1.30920337901192	-0.0808553556727402
KETOGLUCONMET-PWY	21	25	0.00130517982559991	0.0036063468060381	0.00170806607680079	0.0032815195594565	-0.857606901844802	-1.48078742921985	-0.234426374469753
LACTOSECAT-PWY	21	25	0.00332142284230356	0.00282241597988637	0.00251520571455821	0.00174919023488913	0.234080018227215	-0.364503248385304	0.832663284839734
LEU-DEG2-PWY	21	25	0	0	0	0	NA	NA	NA
LIPASYN-PWY	21	25	0	0.000316009076484137	0	0.00110764889781322	-0.386294170568415	-0.988349735856478	0.215761394719648
LPSSYN-PWY	21	25	0.00064776925330497	0.0016339463904387	0.00111980478189505	0.00213146332572489	-0.564863319046029	-1.173114494929	0.0433878568369389
LYSINE-AMINOAD-PWY	21	25	0	0	0	0	NA	NA	NA
LYSINE-DEG1-PWY	21	25	0	0	0	0	NA	NA	NA
MET-SAM-PWY	21	25	0.00725236876144743	0.00932126412971848	0.00215875397300267	0.00477869358574039	-0.54193308628707	-1.14926251216533	0.0653963395911912
METH-ACETATE-PWY	21	25	0.00317918977575415	0.0027564016956417	0.00257066397176584	0.00279215266143467	0.156952390573147	-0.440517625522426	0.754422406668719
METHANOGENESIS-PWY	21	25	0	0	0	0	NA	NA	NA
METHGLYUT-PWY	21	25	0.00230319632704456	0.00432132298535259	0.00152546173106775	0.00295536251264175	-0.836408646465107	-1.45831585177736	-0.214501441152856
METHYLGALLATE-DEGRADATION-PWY	21	25	0	0	0	0	NA	NA	NA
METSYN-PWY	21	25	0.00701927424336712	0.00925457569738202	0.00217652603446135	0.00506829341236036	-0.555970837039462	-1.16386018565015	0.0519185115712267
NAD-BIOSYNTHESIS-II	21	25	0.00365202558205084	0.00611608789486677	0.00218104422055169	0.00388587315218316	-0.764123951121588	-1.38191096867304	-0.146336933570135
NADSYN-PWY	21	25	0	0	0	0	NA	NA	NA
NAGLIPASYN-PWY	21	25	0.00929779703145327	0.0112069094141376	0.00280480596193782	0.0034094556815106	-0.606252106312649	-1.21625984430845	0.00375563168315673
NONMEVIPP-PWY	21	25	0.00621518356132994	0.0038961308152211	0.00537555581915724	0.00353288682694827	0.519299161385224	-0.087156590947938	1.12575491371839
NONOXIPENT-PWY	21	25	0.0140545081364296	0.0151341218190829	0.00262761349891258	0.00440848762417895	-0.2912653950556	-0.890955526834966	0.308424736723766
OANTIGEN-PWY	21	25	0.0141297319688282	0.0128277059353323	0.00276104311425758	0.00388846429482012	0.380447286035818	-0.221443884899196	0.982338456970832
ORNARGDEG-PWY	21	25	0.00123175978573047	0.00396336740228521	0.0018247395948321	0.00449554661362323	-0.771471546833051	-1.38966158974782	-0.153281503918285
ORNDEG-PWY	21	25	0.00167164475078794	0.00509841947415455	0.00237545408290252	0.00494619416688485	-0.859130695941709	-1.48240387957475	-0.235857512308669
P101-PWY	21	25	0	0	0	0	NA	NA	NA
P105-PWY	21	25	0.0027441241305274	0.00572079439827342	0.00291655526007065	0.0039628364015789	-0.844216867312645	-1.46658968618319	-0.2218440484421
P108-PWY	21	25	0.00587932326052606	0.00707472579295397	0.00238288294797137	0.00231932930296764	-0.509021880828944	-1.1150928320402	0.097049070382313
P122-PWY	21	25	0.000898159465987643	0.00307215473769501	0.00106047484121061	0.0026742398082214	-1.03499706281249	-1.6699585403167	-0.400035585308279
P124-PWY	21	25	0.00360631501596538	0.00232037367928658	0.00307165359059267	0.00236338577833836	0.474800079048051	-0.130043357607631	1.07964351570373
P125-PWY	21	25	0.000370209960796472	0.000654500187253459	0.000694600975241162	0.00106461087979809	-0.310644799818138	-0.910764152188915	0.289474552552638
P161-PWY	21	25	0.00316730186278956	0.00656515254198297	0.00166564994466902	0.00552751559280522	-0.802519165972199	-1.42245176795073	-0.182586563993664
P162-PWY	21	25	0.00270557018299258	0.00254965784774973	0.00282938015261638	0.00236060277500144	0.0603318343403737	-0.536362015940325	0.657025684621072
P163-PWY	21	25	0.000572424534087024	0.00145287631634367	0.000795810060905105	0.00152836991563713	-0.704473005554775	-1.31912185406232	-0.0898241570472262
P164-PWY	21	25	0.00539285833927207	0.00591638004584941	0.00212549854991779	0.00283116514577763	-0.206527340328676	-0.804662744956263	0.391608064298911
P165-PWY	21	25	0	0.000481580661211149	0	0.00145449920678335	-0.448307771312077	-1.05225802433186	0.15564248170771
P185-PWY	21	25	0.00151471978146638	0.00343083613288238	0.00136047966334119	0.0036285496073187	-0.676478621218233	-1.28973750314173	-0.0632197392947331
P221-PWY	21	25	0.000570458054003007	0.00237304598265804	0.00101654359992233	0.00297371730250824	-0.783499822855654	-1.40235737930871	-0.164642266402599
P23-PWY	21	25	0.00117604679526624	0.00227795134050329	0.00146661689593659	0.00185570352877355	-0.65201930632262	-1.26410743119616	-0.0399311814490748
P241-PWY	21	25	0	0	0	0	NA	NA	NA
P261-PWY	21	25	0	0	0	0	NA	NA	NA
P4-PWY	21	25	0.00558109569919253	0.00775244826301251	0.00250618614093844	0.00442074019047508	-0.590644223601601	-1.1999755722817	0.018687125078495
P42-PWY	21	25	0.00494017747614907	0.00600142686671122	0.00223984370348651	0.00285707650364703	-0.408993699821772	-1.011710806175	0.193723406531461
P441-PWY	21	25	0.00640157438312321	0.00881988495741339	0.00206532835437845	0.00476062229788547	-0.63948676071022	-1.25099087631915	-0.0279826451012921
P461-PWY	21	25	0.00448830407460832	0.00817403424289749	0.00173660811670971	0.00487392059752031	-0.973707413785437	-1.60437434117631	-0.343040486394567
P562-PWY	21	25	2.6936719438616e-05	0.000329223636657901	0.000123439555801246	0.000793399800372792	-0.510753484849977	-1.1168887488441	0.0953817791441478
P621-PWY	21	25	0.000275814795795329	0.000389392402998614	0.00070111291415887	0.00110811152699152	-0.120175781130107	-0.717269124754775	0.476917562494561
PANTO-PWY	21	25	0.0187381904078042	0.0193260967394406	0.0021506814589335	0.00261486999872903	-0.243443365570721	-0.842191498567032	0.355304767425591
PANTOSYN-PWY	21	25	0.0186413994604301	0.0190783606795299	0.0019269902748435	0.00250175342841274	-0.193456786719908	-0.791399217700952	0.404485644261135
PENTOSE-P-PWY	21	25	0.0112705373725475	0.0124243043286791	0.00236420831885086	0.00307114247669236	-0.416184727323457	-1.01911912267117	0.18674966802426
PEPTIDOGLYCANSYN-PWY	21	25	0.0231736927588169	0.0218502527129196	0.00230402243654171	0.00218513216712928	0.590833157661701	-0.0185062776931446	1.20017259301655
PHOSLIPSYN-PWY	21	25	0.0124268000007795	0.0148125443291547	0.00226385644836552	0.00249652178111813	-0.996730501988571	-1.62898331290816	-0.36447769106898
PHOTOALL-PWY	21	25	0	0	0	0	NA	NA	NA
POLYAMINSYN3-PWY	21	25	0.00206622848968726	0.00345178460803107	0.00189200403150422	0.002708862071528	-0.583961148003682	-1.19300804603647	0.0250857500291111
POLYAMSYN-PWY	21	25	0.00560014227868314	0.00802211777787448	0.00297727393408844	0.00407216422518875	-0.66982691159534	-1.28276336164997	-0.0568904615407075
POLYISOPRENSYN-PWY	21	25	0.00691868063269117	0.00848158556761362	0.00264845810698053	0.00312741802711354	-0.535339277641533	-1.14241046525983	0.07173190997676
PPGPPMET-PWY	21	25	0.00286115190981014	0.00546752263370292	0.0017213599936659	0.00437584848369403	-0.759025466369909	-1.37653493909745	-0.141515993642372
PROPFERM-PWY	21	25	0.000296324213102145	0.000650933327281199	0.00060479994141341	0.00118014966436463	-0.368516096206924	-0.97007944720396	0.233047254790111
PROTOCATECHUATE-ORTHO-CLEAVAGE-PWY	21	25	0.000427859909562954	0.00145045640870401	0.00089980223726542	0.00207635396104482	-0.620084814760479	-1.23070610851734	-0.00946352100361969
PRPP-PWY	21	25	0.01024664754478	0.0113002928871549	0.00317187362315382	0.00251948268051846	-0.371695739540735	-0.973345450531196	0.229953971449726
PWY-101	21	25	2.42875216495913e-05	7.65218888552857e-05	0.000111299406402131	0.000382609444276428	-0.178658881115336	-0.776397990556211	0.419080228325538
PWY-1042	21	25	0.0239889681408194	0.0229372996878885	0.00259721648593001	0.00216580505302798	0.443433331377687	-0.160358026659127	1.0472246894145
PWY-1269	21	25	0.0104608306495176	0.0111431617700577	0.0030178130738937	0.00226673414365267	-0.258967831630459	-0.858003451666251	0.340067788405333
PWY-1361	21	25	0	0	0	0	NA	NA	NA
PWY-1501	21	25	0	0	0	0	NA	NA	NA
PWY-1541	21	25	7.99615608422818e-05	0.000313054857165807	0.000271222169512298	0.00115466085573566	-0.2672603664158	-0.866456769849389	0.331936037017789
PWY-1622	21	25	0	0	0	0	NA	NA	NA
PWY-181	21	25	0	0	0	0	NA	NA	NA
PWY-1861	21	25	0.00183539289969814	0.00319227545222858	0.00227500057227323	0.00347142425909179	-0.454172432224197	-1.05831610489555	0.149971240447157
PWY-2201	21	25	0	0	0	0	NA	NA	NA
PWY-2221	21	25	0	0.000140213294174829	0	0.000396602394829101	-0.478690245599616	-1.08366904016267	0.126288548963434
PWY-241	21	25	0.00621840287977974	0.00623337760298728	0.00341159151409756	0.00330119334046592	-0.00446763260705836	-0.601027548245099	0.592092283030982
PWY-2723	21	25	0.00406627863764511	0.00552174100396893	0.0021034521892818	0.00392150612036905	-0.451335862882585	-1.05538567782237	0.152713952057199
PWY-2941	21	25	0.00894176974957589	0.00899658857228224	0.00263777515680696	0.00311901920987965	-0.0188370850576744	-0.61540939197647	0.577735221861121
PWY-2942	21	25	0.0197785781754307	0.0196695850456979	0.00205832157447219	0.00192627088210796	0.0548425689960578	-0.541827891950607	0.651513029942723
PWY-3001	21	25	0.0184011283125268	0.018608932808697	0.00132555198600977	0.00183934245324407	-0.127796894374552	-0.72496010069141	0.469366311942306
PWY-3502	21	25	0	0	0	0	NA	NA	NA
PWY-3781	21	25	4.48763602038478e-05	0.0014158767830536	0.000205649317548236	0.00273383449603084	-0.677430167970247	-1.29073542126977	-0.0641249146707219
PWY-3801	21	25	0.000396994146624338	0.0011629977896858	0.00143019058395586	0.00286034671807318	-0.3298667890839	-0.93043884576068	0.270705267592879
PWY-3841	21	25	0.0216878429728059	0.0208384315169897	0.00268906654027616	0.00272865064178925	0.313351607908754	-0.28682986999896	0.913533085816468
PWY-4041	21	25	0.00809037694026823	0.00890705025815137	0.00191676135974258	0.00424237555669111	-0.240960654475014	-0.839664447384072	0.357743138434043
PWY-4242	21	25	0.0202259612943624	0.0196396435041238	0.0027083281601447	0.00241381558672337	0.229757174586467	-0.368752143748522	0.828266492921456
PWY-4321	21	25	0.000354595659510256	0.000490297854076684	0.000729347171873355	0.00140789899621099	-0.117980362044624	-0.715054375541074	0.479093651451825
PWY-4361	21	25	0	0.000184946725503986	0	0.000924733627519931	-0.270801280154532	-0.870067868451996	0.328465308142932
PWY-4702	21	25	0.00132224441702373	0.00331146344165468	0.00160977681820944	0.00383234843748358	-0.656220868639552	-1.26850719401009	-0.0439345432690124
PWY-4722	21	25	9.345593204786e-05	0.000142096248794143	0.000428268882751968	0.000493583062593134	-0.104595320526869	-0.701559180082039	0.492368539028301
PWY-4981	21	25	0.0106145695896074	0.0102716068703467	0.00220152946510816	0.00200281121296177	0.163668236155974	-0.4338813295112	0.761217801823147
PWY-4984	21	25	0.0122043859237626	0.0121641431597547	0.00351429864096486	0.00422267815276219	0.0102749162011356	-0.586288167407181	0.606837999809452
PWY-5004	21	25	0.00198250177702808	0.00174892367803744	0.0014165246784691	0.0017895925236859	0.143243928532094	-0.454074024420672	0.74056188148486
PWY-5005	21	25	0.00467616847970636	0.00268584884835425	0.00244785796195152	0.00234106498735808	0.83270044752543	0.211012972336488	1.45438792271437
PWY-5022	21	25	0.00447809802749766	0.00494534454229202	0.00240439933625362	0.00238679134987022	-0.195107884953527	-0.793074000147761	0.402858230240707
PWY-5028	21	25	0	0.000107260944103429	0	0.000307492013138625	-0.47231147042342	-1.07706887976596	0.132445938919119
PWY-5030	21	25	0.013656264939145	0.0139932639888903	0.00373746711034857	0.0053638370694203	-0.071779097123627	-0.668528892136262	0.524970697889008
PWY-5044	21	25	0	0	0	0	NA	NA	NA
PWY-5055	21	25	0	0.000110753383606539	0	0.000309768087107505	-0.484106648011289	-1.08927569398226	0.121062397959685
PWY-5067	21	25	0	0	0	0	NA	NA	NA
PWY-5079	21	25	0	0	0	0	NA	NA	NA
PWY-5080	21	25	0	0	0	0	NA	NA	NA
PWY-5083	21	25	0.00437414777044266	0.00703163192280478	0.00274662706088295	0.00407620738171196	-0.751889025894644	-1.36901292774072	-0.134765124048565
PWY-5088	21	25	0.000196796090614083	0.00155803509943551	0.000697301045411487	0.00204108924618977	-0.862061569926622	-1.48551339267848	-0.23860974717476
PWY-5097	21	25	0.0210304722295103	0.0203136792439001	0.00206526572788454	0.00193425546324757	0.359317699235711	-0.241999930682304	0.960635329153725
PWY-5100	21	25	0.0115797968119062	0.0111362814813321	0.00286933081570431	0.00261626206393239	0.162210358864439	-0.435321655879764	0.759742373608643
PWY-5101	21	25	0	4.88094379314993e-05	0	0.000244047189657496	-0.270801280154532	-0.870067868451996	0.328465308142932
PWY-5103	21	25	0.0207810333914538	0.0201077379486165	0.00287491512733867	0.0019906661661464	0.276760559290661	-0.322626215039798	0.876147333621119
PWY-5104	21	25	0.00977459439133363	0.0107187232899134	0.00185343023617647	0.00312112700446549	-0.360077536276395	-0.961415232505709	0.241260159952918
PWY-5109	21	25	0	0	0	0	NA	NA	NA
PWY-5121	21	25	0.00413052132718335	0.003161452277886	0.00343337102427259	0.00275035928227221	0.314668031095714	-0.285543853272546	0.914879915463973
PWY-5129	21	25	0	0	0	0	NA	NA	NA
PWY-5136	21	25	0.00469253721969118	0.00818594940097558	0.00245349441628476	0.00457187865840454	-0.929107883197211	-1.5567973641124	-0.301418402282024
PWY-5138	21	25	0.00379729708921277	0.00576786494520492	0.00267020716166131	0.00547691109196351	-0.445075601876456	-1.04892030459442	0.158769100841503
PWY-5154	21	25	0.0156709147716469	0.0156228028174138	0.00195063058325228	0.00272901855391773	0.0199914990456845	-0.576582466467348	0.616565464558718
PWY-5156	21	25	0	0	0	0	NA	NA	NA
PWY-5173	21	25	0.00196535954168736	0.00492285930282529	0.00171684413668075	0.00455103361084461	-0.831953920011969	-1.4535972682521	-0.210310571771842
PWY-5177	21	25	0.00924742937426299	0.00908849216237286	0.00334428942009679	0.00349235054891237	0.0463936010744876	-0.550245214729546	0.643032416878521
PWY-5178	21	25	0	0	0	0	NA	NA	NA
PWY-5180	21	25	0.000141069114842236	0.00031444986082234	0.000646459896984966	0.00102958192937422	-0.197821897253736	-0.795827378929437	0.400183584421964
PWY-5181	21	25	0.000262853672556525	0.00110348857477249	0.000814352888430063	0.00212210963408138	-0.506203295028253	-1.11217001492214	0.0997634248656328
PWY-5182	21	25	0.000141069114842236	0.00031444986082234	0.000646459896984966	0.00102958192937422	-0.197821897253736	-0.795827378929437	0.400183584421964
PWY-5183	21	25	0	0	0	0	NA	NA	NA
PWY-5188	21	25	0.00875049419672511	0.00947633548162651	0.00227401922818987	0.00291845061399815	-0.274413609115939	-0.873752741056344	0.324925522824466
PWY-5189	21	25	0.00180356392829242	0.00544242404698333	0.00174386306486533	0.00431220546712026	-1.07187268086379	-1.7095294115538	-0.434215950173777
PWY-5198	21	25	0	0	0	0	NA	NA	NA
PWY-5265	21	25	0.000401549803664624	0.000993544478077683	0.000881060723023615	0.00127625574532795	-0.53134821465462	-1.13826458042141	0.0755681511121727
PWY-5304	21	25	0	0	0	0	NA	NA	NA
PWY-5306	21	25	0	0	0	0	NA	NA	NA
PWY-5345	21	25	0.00544557584068161	0.00760488760121303	0.00351325263374362	0.00437171836268119	-0.53923656105819	-1.14646001213488	0.0679868900184945
PWY-5347	21	25	0.00741515176567258	0.00964817713720999	0.00225982161696554	0.00516488196218403	-0.543641636265675	-1.1510384729771	0.0637552004457546
PWY-5367	21	25	0.00132465067476333	0.00299503211733347	0.00128732356854555	0.00326355097221148	-0.652036150460281	-1.26412506750917	-0.0399472334113967
PWY-5381	21	25	0	0	0	0	NA	NA	NA
PWY-5384	21	25	0.00516976308942964	0.00563915519570938	0.00246955886634333	0.00400571266323719	-0.138269785898618	-0.735535987493664	0.458996415696429
PWY-5392	21	25	0.000592647154346407	0.00139281831332802	0.000830858281874223	0.00152614261831118	-0.635735851220296	-1.24706727362635	-0.0244044288142401
PWY-5415	21	25	4.37765536011113e-05	0.000110591062127275	0.000200609370541384	0.000319461748586779	-0.245682114466633	-0.844470617353278	0.353106388420012
PWY-5417	21	25	0.000333123286207359	0.00171520877897523	0.000833162904769165	0.00341516084482356	-0.534851418818998	-1.14190362132304	0.0722007836850488
PWY-5419	21	25	0	0	0	0	NA	NA	NA
PWY-5420	21	25	0	0	0	0	NA	NA	NA
PWY-5430	21	25	0	0	0	0	NA	NA	NA
PWY-5431	21	25	0.000333123286207359	0.00171520877897523	0.000833162904769165	0.00341516084482356	-0.534851418818998	-1.14190362132304	0.0722007836850488
PWY-5464	21	25	0.00228821742273124	0.00312975157410157	0.00202213526778163	0.00290848462810912	-0.330769526874218	-0.931363503610593	0.269824449862157
PWY-5484	21	25	0.0143408283747805	0.0152313661888537	0.0023021296917623	0.00222893250099535	-0.393608302119237	-0.995872980769201	0.208656376530727
PWY-5505	21	25	0.0078547412057821	0.00692820500708534	0.00232651773133064	0.00262711369354965	0.371361242580243	-0.230279349045507	0.973001834205994
PWY-5509	21	25	3.62644002646502e-05	0.00025462142361419	0.000166184359244936	0.000893948389856593	-0.326069528191886	-0.926550028025909	0.274410971642138
PWY-5514	21	25	0	6.3542974054932e-05	0	0.00031771487027466	-0.270801280154532	-0.870067868451996	0.328465308142932
PWY-5531	21	25	0	0	0	0	NA	NA	NA
PWY-5532	21	25	0	0	0	0	NA	NA	NA
PWY-5534	21	25	0	2.25925395423399e-05	0	0.000112962697711699	-0.270801280154532	-0.870067868451996	0.328465308142932
PWY-561	21	25	0.00234191579813386	0.00538668217585097	0.00255840456479705	0.00393022563276105	-0.901756047490603	-1.52768193304637	-0.275830161934834
PWY-5647	21	25	0	0	0	0	NA	NA	NA
PWY-5651	21	25	0	0	0	0	NA	NA	NA
PWY-5654	21	25	4.65828199801872e-05	0.000196065475268435	0.000162397727882702	0.000908880257242476	-0.219787574958972	-0.818131571379141	0.378556421461197
PWY-5656	21	25	0.00101818557055149	0.00226799401928318	0.00137452429031007	0.00222773597601732	-0.661861334950058	-1.27441563800414	-0.0493070318959792
PWY-5659	21	25	0.0106169988699562	0.0115795958548692	0.002374117572519	0.00270056304107174	-0.37640411978263	-0.978183051287091	0.225374811721831
PWY-5667	21	25	0.0190511238199396	0.0195702199010546	0.0019882451220204	0.00157781666687314	-0.292255655030764	-0.891967056534404	0.307455746472876
PWY-5675	21	25	0.00193176070909555	0.00519781673896928	0.00223516788659128	0.00482153810693103	-0.84466700895124	-1.46706679153273	-0.222267226369747
PWY-5676	21	25	0.00609776888662039	0.0069753872122896	0.00283449297882133	0.00272613100710901	-0.316155078841548	-0.916401462181277	0.284091304498181
PWY-5677	21	25	0.00134029114192458	0.0013815054832632	0.00137025055848824	0.00129731210924267	-0.0309658391248201	-0.62756049671221	0.56562881846257
PWY-5686	21	25	0.0240155117269154	0.0228214320193763	0.00242474074922421	0.00279183403582744	0.453793250626837	-0.150337842303882	1.05792434355756
PWY-5690	21	25	0.00708243096354151	0.00763602773757061	0.00153104596961677	0.00269966946711036	-0.246569809985392	-0.845374421660041	0.352234801689258
PWY-5692	21	25	0.000326438234537406	0.000814957135418239	0.000501650669267503	0.00131850386478899	-0.473902910600506	-1.07871528284317	0.13090946164216
PWY-5695	21	25	0.0213186370820899	0.021702945431404	0.00217793307337735	0.00191052263766825	-0.188716649784272	-0.786592199110096	0.409158899541552
PWY-5705	21	25	0.000769602220908123	0.00151940696742258	0.00098963485596062	0.00170518587793287	-0.526108537918043	-1.13282334519678	0.0806062693606903
PWY-5723	21	25	0.00243991374769244	0.00716278286663491	0.00280470775645767	0.00577920902240469	-1.01168043795533	-1.64498069635371	-0.378380179556943
PWY-5724	21	25	0	0	0	0	NA	NA	NA
PWY-5747	21	25	0.00126189083751463	0.0028992220950368	0.0013654906053824	0.00323012813078448	-0.640313101801736	-1.25185539242239	-0.0287708111810789
PWY-5751	21	25	0	0	0	0	NA	NA	NA
PWY-5754	21	25	8.07116878915683e-05	0	0.000260745855741375	0	0.459124380658301	-0.145184518303256	1.06343327961986
PWY-5757	21	25	0	0	0	0	NA	NA	NA
PWY-5791	21	25	0.00197206974276808	0.00452975228015767	0.00159456672693853	0.00359316018383389	-0.893290351417561	-1.51868007970933	-0.267900623125794
PWY-5837	21	25	0.00197206974276808	0.00452975228015767	0.00159456672693853	0.00359316018383389	-0.893290351417561	-1.51868007970933	-0.267900623125794
PWY-5838	21	25	0.00342771726598272	0.00697874630107224	0.00269949268205411	0.0044624048261923	-0.943207208535758	-1.57182437825938	-0.314590038812141
PWY-5840	21	25	0.00291033077790883	0.00624266746933574	0.00243768263771421	0.00425624331759598	-0.939440176911231	-1.56780825520984	-0.311072098612624
PWY-5845	21	25	0.00278424221508894	0.00615666576590768	0.00221735184078531	0.00422208463641206	-0.975238404345285	-1.60600976214468	-0.344467046545889
PWY-5850	21	25	0.0020693081649399	0.0050778176149169	0.00224927682364186	0.00479765257610746	-0.780585172869556	-1.39928009813271	-0.161890247606404
PWY-5855	21	25	0.000667387622623704	0.00305585580643859	0.000964511390560825	0.00405123805857921	-0.780064428896696	-1.39873035709818	-0.161398500695217
PWY-5856	21	25	0.000667387622623704	0.00305585580643859	0.000964511390560825	0.00405123805857921	-0.780064428896696	-1.39873035709818	-0.161398500695217
PWY-5857	21	25	0.000667387622623704	0.00305585580643859	0.000964511390560825	0.00405123805857921	-0.780064428896696	-1.39873035709818	-0.161398500695217
PWY-5860	21	25	0.00170971043746778	0.00443405502455626	0.00186316534976097	0.00443312687329425	-0.776879117619278	-1.39536806696636	-0.158390168272201
PWY-5861	21	25	0.0028532285373493	0.00609969891121211	0.00226804005204831	0.00421382990705004	-0.93626001711576	-1.56441850983587	-0.308101524395648
PWY-5862	21	25	0.00230116877753481	0.00533409311248374	0.00184570913857814	0.00395925126915253	-0.954389911925974	-1.58375181038253	-0.325028013469413
PWY-5863	21	25	0.00202782368202639	0.0045502140967365	0.00162506912335033	0.00345720070109073	-0.90784063811802	-1.5341547154255	-0.281526560810543
PWY-5870	21	25	0	0	0	0	NA	NA	NA
PWY-5871	21	25	0	0	0	0	NA	NA	NA
PWY-5872	21	25	0	0	0	0	NA	NA	NA
PWY-5873	21	25	0	0	0	0	NA	NA	NA
PWY-5896	21	25	0.0020693081649399	0.0050778176149169	0.00224927682364186	0.00479765257610746	-0.780585172869556	-1.39928009813271	-0.161890247606404
PWY-5897	21	25	0.00327556440923087	0.00674631270496611	0.00259168587551517	0.0044151619892514	-0.938176805113697	-1.56646154531533	-0.309892064912064
PWY-5898	21	25	0.00327556440923087	0.00674631270496611	0.00259168587551517	0.0044151619892514	-0.938176805113697	-1.56646154531533	-0.309892064912064
PWY-5899	21	25	0.00327556440923087	0.00674631270496611	0.00259168587551517	0.0044151619892514	-0.938176805113697	-1.56646154531533	-0.309892064912064
PWY-5910	21	25	0.000228541061118496	0.000290708753004903	0.000726894242232238	0.000851899537754401	-0.0779520800377795	-0.67473606459416	0.518831904518601
PWY-5913	21	25	0.00589607759997737	0.00763491419078542	0.00321938561480215	0.00515580678156121	-0.396724146674848	-0.999079077229144	0.205630783879448
PWY-5918	21	25	0.00211864331487394	0.00600797527072269	0.00204391613180156	0.00404548363741636	-1.18207597256265	-1.82827438265751	-0.535877562467792
PWY-5920	21	25	0.00118924403021551	0.00359593067107036	0.00154251738963208	0.0028278701720774	-1.03153179236047	-1.66624426541606	-0.396819319304878
PWY-5941	21	25	0.0061051187470086	0.00459416399341151	0.00337230975543509	0.00307437351606111	0.470229912309163	-0.13445587870226	1.07491570332059
PWY-5971	21	25	0.00544540633608607	0.00960565681466611	0.00457567648730549	0.00612939433574314	-0.759438220823904	-1.37697009805819	-0.141906343589619
PWY-5973	21	25	0.0178067732258316	0.0187787891040601	0.00225987204968607	0.00281483247775477	-0.377125488030077	-0.978924358557816	0.224673382497663
PWY-5989	21	25	0.00896762433946895	0.0124236544400323	0.0017873990164705	0.00461689172290073	-0.955633988807826	-1.58507922611986	-0.326188751495789
PWY-5994	21	25	0.002022353803765	0.00108210066973646	0.00307308256499476	0.00260954386401412	0.332283402823655	-0.268347466141043	0.932914271788353
PWY-6071	21	25	0.000311349885200709	0.000801599429044766	0.000659485105334648	0.00177884659807039	-0.353469436601258	-0.95463401812881	0.247695144926294
PWY-6107	21	25	0	2.23972666298259e-05	0	0.000111986333149129	-0.270801280154532	-0.870067868451996	0.328465308142932
PWY-6113	21	25	0.00388263984289495	0.00658605816490026	0.00345336593872338	0.00481346695148468	-0.636165725205607	-1.24751689008901	-0.0248145603222037
PWY-6121	21	25	0.0212105567320212	0.0205821428245534	0.00205357933423906	0.00189619993409041	0.319105898950523	-0.281209418017001	0.919421215918046
PWY-6122	21	25	0.0219915074145441	0.020800204896587	0.00199241712432295	0.00194687796521878	0.605426401283639	-0.00454513070863238	1.21539793327591
PWY-6123	21	25	0.0198729344599748	0.0196797182612045	0.00252891102941459	0.00262017993674307	0.0749162930548212	-0.521850525516308	0.67168311162595
PWY-6124	21	25	0.0193559035200873	0.0192782699841756	0.00259602912341186	0.00274072054412699	0.0290118854412889	-0.567578435867479	0.625602206750056
PWY-6125	21	25	0.0157232346184425	0.0163418189820566	0.00282557558906066	0.00206923774187949	-0.25328573902003	-0.852214091039009	0.345642612998949
PWY-6126	21	25	0.0196336163380595	0.0195557336601379	0.0015086853047516	0.00150661931254701	0.0516614545703086	-0.544996471904469	0.648319381045086
PWY-6138	21	25	0	0.000150414231768104	0	0.000548614568845298	-0.37122935508252	-0.972866353288502	0.230407643123462
PWY-6143	21	25	0.00148329375475739	0.000893610190505147	0.00237306503546105	0.0019618926692527	0.273188752725672	-0.326125674632625	0.872503180083968
PWY-6145	21	25	0	0	0	0	NA	NA	NA
PWY-6147	21	25	0.0150970254676334	0.0155318442525361	0.00456594594109062	0.0032942364121871	-0.110818025531951	-0.707831450241366	0.486195399177464
PWY-6148	21	25	0	0	0	0	NA	NA	NA
PWY-6151	21	25	0.0207087399353454	0.0187774311168138	0.00248214934609117	0.00313170133932812	0.676505533228205	0.0632453406591922	1.28976572579722
PWY-6163	21	25	0.0211387495278698	0.0206810450281519	0.00219155626167863	0.00210658359543399	0.213319920571341	-0.384920723634291	0.811560564776973
PWY-6165	21	25	0	0	0	0	NA	NA	NA
PWY-6167	21	25	0	0	0	0	NA	NA	NA
PWY-6168	21	25	0.0170632045710827	0.017096296230161	0.00185446508718388	0.00230249425902782	-0.0156782921214589	-0.612246564789661	0.580889980546743
PWY-6174	21	25	0	0	0	0	NA	NA	NA
PWY-6182	21	25	0.000222726282363055	0.000954851929522275	0.00057122678276722	0.00180225470485725	-0.528363268422155	-1.13516457344323	0.0784380365989171
PWY-6185	21	25	0.000207787904598933	0.00109411322567607	0.000532592277382639	0.0020061121379054	-0.581386579907061	-1.19032472558542	0.0275515657712941
PWY-6210	21	25	4.65828199801872e-05	0.000241682772384479	0.000162397727882702	0.0009270671396455	-0.281373841948482	-0.880855435866328	0.318107751969363
PWY-6215	21	25	8.07818638586617e-05	0.000474056266244862	0.000278660985541125	0.00114296864366972	-0.454761664247495	-1.05892490562819	0.149401577133202
PWY-621	21	25	0.0078357998433241	0.00881297899129283	0.00190027063762811	0.00429595494273059	-0.285584963077736	-0.885154465775764	0.313984539620293
PWY-622	21	25	0.00402831753942137	0.00200221931522572	0.00310521731184566	0.00250536736039328	0.725150837369791	0.109441232048918	1.34086044269066
PWY-6263	21	25	0.00294440665002917	0.00380640996611871	0.00191096686788943	0.0025518546309875	-0.377582179917085	-0.979393693057696	0.224229333223527
PWY-6269	21	25	0	0.000300936845482579	0	0.00150468422741289	-0.270801280154532	-0.870067868451996	0.328465308142932
PWY-6270	21	25	0.00416887646833446	0.00260723123400245	0.00373963119897652	0.00254089636203895	0.496868663263018	-0.1087568688266	1.10249419535264
PWY-6277	21	25	0.0219915074145441	0.020800204896587	0.00199241712432295	0.00194687796521878	0.605426401283639	-0.00454513070863238	1.21539793327591
PWY-6281	21	25	0	6.67251858621082e-05	0	0.000333625929310541	-0.270801280154532	-0.870067868451996	0.328465308142932
PWY-6282	21	25	0.00905822001007728	0.0126352147611887	0.00182328408444611	0.00480407620464095	-0.952606077793665	-1.58184865008456	-0.323363505502775
PWY-6284	21	25	0.00227472198484437	0.00477257139848184	0.00212879792380812	0.00408654872431288	-0.747412825935998	-1.3642966226773	-0.130529029194695
PWY-6285	21	25	0.00150604779230494	0.00564121298907566	0.00248085451110088	0.00440527422978722	-1.13036273994804	-1.77246311160044	-0.488262368295642
PWY-6305	21	25	0.0117408772285058	0.0124828843389562	0.00193771928207118	0.00291292604155713	-0.294805767966882	-0.894572271984194	0.30496073605043
PWY-6307	21	25	0	0	0	0	NA	NA	NA
PWY-6309	21	25	0	0	0	0	NA	NA	NA
PWY-6313	21	25	0	0	0	0	NA	NA	NA
PWY-6317	21	25	0.01242298711398	0.0118069122214602	0.00273758746309141	0.00232192800335013	0.24453434077783	-0.354233419234774	0.843302100790433
PWY-6318	21	25	0.00231068077951574	0.00320733034518115	0.00216294109396972	0.00364371560277194	-0.292948863983389	-0.892675197378769	0.306777469411992
PWY-6344	21	25	0	0	0	0	NA	NA	NA
PWY-6349	21	25	0	0	0	0	NA	NA	NA
PWY-6350	21	25	0	0	0	0	NA	NA	NA
PWY-6351	21	25	0	0	0	0	NA	NA	NA
PWY-6352	21	25	0	0	0	0	NA	NA	NA
PWY-6353	21	25	0.00747606415419529	0.00941180529353029	0.00182877009577424	0.00393679132215302	-0.612938137015737	-1.22324078551718	-0.00263548851429218
PWY-6385	21	25	0.0228922759447491	0.0217150197353015	0.0021306900278446	0.00215161538503125	0.549572924879695	-0.0580595189607374	1.15720536872013
PWY-6386	21	25	0.0230612897110432	0.0217105483350447	0.00224392900526472	0.00222174345157712	0.605210148235222	-0.00475190916462687	1.21517220563507
PWY-6387	21	25	0.0232687567999533	0.021994896598452	0.00229865886191588	0.00214200061334625	0.575214444307928	-0.0334648628711319	1.18389375148699
PWY-6396	21	25	0.000108385280027804	6.45440761253522e-05	0.000374092168198173	0.000322720380626761	0.126337975021843	-0.470811525690477	0.723487475734164
PWY-6415	21	25	0.000670616489850756	0.00103046560414549	0.00116205705825654	0.00148209513313693	-0.267329313049567	-0.866527074342102	0.331868448242968
PWY-6435	21	25	0.000704190122259856	0	0.00121145114627317	0	0.862174877690636	0.238716137554649	1.48563361782662
PWY-6467	21	25	0.000112904344202079	0	0.000517392703595375	0	0.323669437485075	-0.276753732723767	0.924092607693916
PWY-6470	21	25	0.00696228271585742	0.00639123997641711	0.00390657444137523	0.00356450768541173	0.153345766538881	-0.444082900110931	0.750774433188692
PWY-6471	21	25	0.00966984983491059	0.00780253422530138	0.00426357888742615	0.00362851095904259	0.475153464623891	-0.129702223680221	1.080009152928
PWY-6478	21	25	0.000415501067296324	0.000659164946793326	0.0010317596257015	0.00102331121619224	-0.237220954431231	-0.835858809873924	0.361416901011462
PWY-6507	21	25	0.00809033022983599	0.00747987477340375	0.00182766511711345	0.00211891144652365	0.306482299822355	-0.293542555958462	0.906507155603173
PWY-6519	21	25	0.00936382356071514	0.0118542998186262	0.00181209354769068	0.00360676978989559	-0.84982432670472	-1.47253397706969	-0.227114676339754
PWY-6524	21	25	0	0	0	0	NA	NA	NA
PWY-6527	21	25	0.0108859162867341	0.0106511835584516	0.0033664902918881	0.00297781624050191	0.0742726976171923	-0.522490569247453	0.671035964481837
PWY-6531	21	25	0.00281084912004985	0.00468563377126267	0.00163692427156177	0.00331677636701541	-0.697794482374807	-1.31210690158143	-0.0834820631681814
PWY-6545	21	25	0.0119180930808519	0.0116955131777753	0.00227278810337937	0.00206557498771624	0.102940170900949	-0.494010986513214	0.699891328315111
PWY-6549	21	25	0.00595984436316931	0.0055775935293161	0.00226277683178945	0.00253922198482089	0.158119076564589	-0.439364520561282	0.75560267369046
PWY-6562	21	25	0.000253002214790281	0.000378707035973891	0.000799915075700758	0.000704398476503386	-0.167757187029652	-0.765356813325173	0.429842439265869
PWY-6565	21	25	0	0	0	0	NA	NA	NA
PWY-6572	21	25	0.00253771788327937	0.00232712353414274	0.0019556329006985	0.00179555605196977	0.112616231241908	-0.484412049072476	0.709644511556292
PWY-6588	21	25	0.00338692742825919	0.00472724471719113	0.00160141740628804	0.00245322666283721	-0.635484189398422	-1.24680405983156	-0.024164318965284
PWY-6590	21	25	0.00626914720396702	0.00614818278651923	0.00225089532809069	0.00226410292206399	0.053568899880415	-0.543096452607644	0.650234252368474
PWY-6595	21	25	0.00287934694364947	0.00292084617308179	0.00177271512375434	0.00138278055189327	-0.0263979992782621	-0.622982961505375	0.570186962948851
PWY-6596	21	25	0	0	0	0	NA	NA	NA
PWY-6598	21	25	0	0	0	0	NA	NA	NA
PWY-6606	21	25	0.00543754883747604	0.00690441628663337	0.00132940540974366	0.00329596998896773	-0.565485109253505	-1.17376179187091	0.042791573363898
PWY-6608	21	25	0.00818826864975183	0.00995345525832737	0.0019565274313864	0.00445042633599753	-0.498405025923947	-1.10408628978144	0.107276237933546
PWY-6609	21	25	0.0238542189810411	0.0225439681989966	0.00281898702314975	0.00224176102776999	0.51982175761463	-0.0866537606312558	1.12629727586052
PWY-6612	21	25	0.00146698914762117	0.00366245071752225	0.00157513987219237	0.00333648009534857	-0.818210938976254	-1.43904846492756	-0.197373413024944
PWY-6628	21	25	0.00358304652968885	0.00710189903251526	0.00332707377045909	0.00438334119504799	-0.893451031380454	-1.51885089318145	-0.26805116957946
PWY-6629	21	25	0.00277849865784947	0.00643362051004925	0.00319015744624743	0.00491664457203526	-0.866068599508436	-1.48976555506907	-0.242371643947805
PWY-6630	21	25	0.00286431380286598	0.00532537666127703	0.00293730574300002	0.0036871409377723	-0.73092087968207	-1.3469316263252	-0.114910133038936
PWY-6641	21	25	0	0	0	0	NA	NA	NA
PWY-6654	21	25	0	0	0	0	NA	NA	NA
PWY-6660	21	25	0	0.000480680144298949	0	0.00143972772125737	-0.452060471223472	-1.05613420780646	0.152013265359512
PWY-6662	21	25	0	0.000474062994820655	0	0.00142378530707185	-0.450829437674645	-1.05486255611637	0.153203680767075
PWY-6690	21	25	0.00105777755612608	0.00256162421082605	0.00157704859634909	0.00316246621161408	-0.586007240767824	-1.19514089659273	0.0231264150570808
PWY-6700	21	25	0.0224453889128299	0.0207409289664115	0.00235690502159974	0.00261708150393514	0.681191228566812	0.0677020854406873	1.29468037169294
PWY-6703	21	25	0.0161064284058163	0.0160970236973915	0.00298005163886612	0.00239920143918082	0.00351068303344773	-0.59304895009252	0.600070316159415
PWY-6708	21	25	0.000667387622623704	0.00305585580643859	0.000964511390560825	0.00405123805857921	-0.780064428896696	-1.39873035709818	-0.161398500695217
PWY-6731	21	25	0.00425727024399971	0.00489162984309298	0.00221630639197667	0.00306232474730151	-0.234020254870572	-0.832602489814071	0.364561980072927
PWY-6737	21	25	0.0233438163929485	0.0216159512829835	0.00411466020911271	0.00310562788366029	0.480027032631373	-0.124998523229136	1.08505258849188
PWY-6748	21	25	0	0.000356775153159903	0	0.00106084201712437	-0.455370199536995	-1.05955367666405	0.148813277590057
PWY-6749	21	25	0.000205519282469437	0.001467791495464	0.000574008731799112	0.00180354581048892	-0.910017015339822	-1.53647051880044	-0.2835635118792
PWY-6785	21	25	2.58719443217081e-05	0.000105400428839844	0.00011856014322991	0.000527002144199219	-0.200152208244791	-0.798191922672513	0.397887506182932
PWY-6797	21	25	0.000207238498511665	0	0.000810538250643063	0	0.379234869646392	-0.222622520588278	0.981092259881063
PWY-6803	21	25	0.00205486925805499	0.00538509041202775	0.00196628171524216	0.00488691686939504	-0.8661205764523	-1.48982071857247	-0.242420434332127
PWY-6823	21	25	0.000498927588349041	0.00197137165432049	0.000876795389983148	0.00250658592391902	-0.75769265109062	-1.37512985560152	-0.140255446579715
PWY-6834	21	25	0	0	0	0	NA	NA	NA
PWY-6837	21	25	0.000559939121657531	0.00260639769056306	0.000716361840172366	0.00381155545373535	-0.716509165794397	-1.33177195070708	-0.101246380881713
PWY-6859	21	25	0.00547457209586217	0.00676913242781665	0.00268918992727707	0.002374697027829	-0.513202501121111	-1.11942908416957	0.0930240819273443
PWY-6876	21	25	0.00137484018930264	0.000742801148240179	0.00186879001776667	0.0011822082245775	0.41231612310572	-0.190500914923159	1.0151331611346
PWY-6891	21	25	0.00483820445703205	0.00635185197196229	0.00260448469991993	0.00372452434778665	-0.46382210778872	-1.06828936443031	0.140645148852866
PWY-6892	21	25	0.0117296587754187	0.0126086552225799	0.00233396754271048	0.00239697329825942	-0.371112866280028	-0.97274669166434	0.230520959104285
PWY-6895	21	25	0.00878001680476584	0.00997387168324924	0.00391720454450804	0.00378134063300635	-0.310601050216463	-0.910719402838087	0.289517302405162
PWY-6897	21	25	0.0161142104722357	0.0157564683536867	0.00257829471578975	0.00181274829810984	0.163048035091766	-0.43449404504176	0.760590115225292
PWY-6901	21	25	0.0107186131136216	0.0115031698347036	0.00191529312792003	0.0022544548857134	-0.372345045310083	-0.974012481315283	0.229322390695117
PWY-6906	21	25	0.000164905922538136	0.000255393527436799	0.00053445209461904	0.000714804949676064	-0.141571258013438	-0.738871604788215	0.455729088761339
PWY-6936	21	25	0.0133483995334063	0.0142639281362874	0.00309228770991323	0.00354651467066044	-0.27348014204623	-0.872800436617412	0.325840152524953
PWY-6953	21	25	0.000210060020620706	0.000433829265835864	0.000962615944978369	0.00163050478043276	-0.163578943080957	-0.761127429277431	0.433969543115517
PWY-6957	21	25	0	0	0	0	NA	NA	NA
PWY-6969	21	25	0.00689880661128191	0.00852448850353429	0.00230624310676225	0.00293234355613783	-0.609773395713798	-1.21993606695573	0.00038927552813206
PWY-6981	21	25	0	0	0	0	NA	NA	NA
PWY-6992	21	25	0	0	0	0	NA	NA	NA
PWY-7003	21	25	0.00166821129969794	0.00233770710713864	0.00180760906019931	0.00196445603622138	-0.353338419851645	-0.954499601004761	0.247822761301471
PWY-7007	21	25	0	0	0	0	NA	NA	NA
PWY-7013	21	25	0.00297269434858873	0.00377520238103071	0.00267412115418353	0.00351321719993899	-0.253993862247553	-0.852935453635249	0.344947729140142
PWY-7031	21	25	0	0.000238945630911202	0	0.000828817099192855	-0.390356224558474	-0.992527449977712	0.211815000860763
PWY-7039	21	25	8.71235466009493e-05	0.00100080794392524	0.000399250247111863	0.0020718685614765	-0.588080885253859	-1.19730276404651	0.0211409935387914
PWY-7046	21	25	0.00192199362469927	0.00257715516769761	0.00126973937583428	0.00212427962739771	-0.366576848203237	-0.968087886898241	0.234934190491767
PWY-7090	21	25	0	0	0	0	NA	NA	NA
PWY-7094	21	25	0.000850702301351453	0.00310379493038336	0.000951349453782156	0.00409745307288997	-0.728355803078967	-1.34423240064313	-0.112479205514807
PWY-7111	21	25	0.0245968647328437	0.0229885458147537	0.0019150888097766	0.0024448088689764	0.724548388172125	0.108870095814094	1.34022668053016
PWY-7115	21	25	0.00448291277036664	0.00448002197008503	0.00283531707256444	0.00266403141579958	0.00105380023615041	-0.595505417923298	0.597613018395599
PWY-7117	21	25	0.00638803146022815	0.00829873891093215	0.00333235963472792	0.00517801669876438	-0.43079205604159	-1.03417924461061	0.172595132527429
PWY-7118	21	25	0	0	0	0	NA	NA	NA
PWY-7124	21	25	0	0	0	0	NA	NA	NA
PWY-7159	21	25	0	0	0	0	NA	NA	NA
PWY-7165	21	25	0.000286622460411492	0.000749240155122016	0.00062729120446037	0.00179955691310794	-0.331690465541721	-0.932306865189174	0.268925934105731
PWY-7184	21	25	0.0134322323591893	0.0141046057909805	0.00297268479380504	0.00213046934566092	-0.26387852120399	-0.863008747600093	0.335251705192112
PWY-7187	21	25	0.0146732236403601	0.0148004674787548	0.00276988838562657	0.00152816316612019	-0.0583148208370616	-0.654999817787286	0.538370176113163
PWY-7196	21	25	0.00739195578533472	0.00601140387448486	0.00375351688795924	0.0029043959756369	0.416153124727246	-0.186780307582512	1.019086557037
PWY-7197	21	25	0.0112187845222276	0.0116709406231977	0.00280408036404334	0.00206934486127507	-0.185995797290185	-0.783833702534267	0.411842107953896
PWY-7198	21	25	0.00763953367563895	0.00656928614369189	0.00354553026978032	0.00273623294873016	0.341916494931211	-0.25895301840078	0.942786008263202
PWY-7199	21	25	0.0200134420549273	0.0184663847241974	0.00183601923066329	0.00218519168465875	0.760627797144793	0.143031285563816	1.37822430872577
PWY-7200	21	25	0.000607174434553498	0.000609438433873976	0.00138389628840486	0.00159474180357878	-0.00150674613933907	-0.598066007214479	0.595052514935801
PWY-7204	21	25	0.000954620443194728	0.0038415454215224	0.0014586671793072	0.00400438683564015	-0.926288208658323	-1.55379367799825	-0.298782739318398
PWY-7208	21	25	0.0137541180309706	0.0141467551571747	0.00271078825051086	0.00230181496291389	-0.157304473448014	-0.754778577467311	0.440169630571283
PWY-7209	21	25	0.00179417354536686	0.00162156548647446	0.00141758954176435	0.00130588371136584	0.127123441024109	-0.470033419118738	0.724280301166955
PWY-7210	21	25	0.00287445317468269	0.00445965362849886	0.00257738201818561	0.00347938690098553	-0.51101359457061	-1.11715853746869	0.0951313483274746
PWY-7211	21	25	0.00802739050955089	0.00882911071957537	0.00333868549139107	0.00261506906313224	-0.270307832118825	-0.869564584824808	0.328948920587158
PWY-7218	21	25	0	0	0	0	NA	NA	NA
PWY-7219	21	25	0.0249589682592166	0.0232479039505706	0.00293782644014338	0.00255811961684732	0.625103168601128	0.014256017272303	1.23595031992995
PWY-7220	21	25	0.0173901533449131	0.0181051572134574	0.00188468879076179	0.00195949075812439	-0.371266631810523	-0.972904645534688	0.230371381913642
PWY-7221	21	25	0.0233216969804903	0.0219735887390592	0.00253847547143113	0.00240839871138694	0.54615225060591	-0.0613440137184725	1.15364851493029
PWY-7222	21	25	0.0173901533449131	0.0181051572134574	0.00188468879076179	0.00195949075812439	-0.371266631810523	-0.972904645534688	0.230371381913642
PWY-7224	21	25	0	0	0	0	NA	NA	NA
PWY-7228	21	25	0.0157322959290364	0.0164277354583902	0.0030705299164422	0.0024114063486308	-0.254664974660119	-0.853619147290579	0.344289197970341
PWY-7229	21	25	0.0205457393909156	0.0203986725006393	0.00148258535315994	0.00154961198968372	0.0967856127162366	-0.500120087834728	0.693691313267201
PWY-7234	21	25	0.0133603322986556	0.0137093203086657	0.00339495572460077	0.00374996496479692	-0.0971313777866984	-0.694039557934439	0.499776802361042
PWY-7235	21	25	0	0	0	0	NA	NA	NA
PWY-7237	21	25	0.0138586168945935	0.013121197078967	0.00389164721511489	0.00365437078091723	0.195909793772514	-0.402067896696664	0.793887484241692
PWY-7238	21	25	0	0	0	0	NA	NA	NA
PWY-7242	21	25	0.00931944430666846	0.00833794213311119	0.00240378267105666	0.00259440759220929	0.391105974837584	-0.211086728272073	0.993298677947242
PWY-7245	21	25	4.67701610942656e-05	0.000916322776042301	0.000214327803479751	0.00235228884219296	-0.498802744282411	-1.10449846262685	0.106892974062028
PWY-724	21	25	0.0185114036006849	0.0182254227130791	0.00170060364214351	0.00157440130947708	0.175128701405017	-0.422564283161592	0.772821685971626
PWY-7254	21	25	0.0023833654135647	0.00528020007993819	0.00263084855608668	0.00372492177242395	-0.884997867903908	-1.50986687221571	-0.260128863592106
PWY-7268	21	25	5.37217652571663e-05	0.00145519458187313	0.000246184055757613	0.00362441277913072	-0.522557970162543	-1.12913729287902	0.08402135255393
PWY-7269	21	25	0.000768235745862846	0.0031280454940077	0.00128461769162241	0.00404410652521919	-0.758827992554167	-1.37632675033002	-0.141329234778316
PWY-7279	21	25	4.40440305106812e-05	0.00123276903913772	0.000201835103726141	0.00240422065279296	-0.667507589240895	-1.28033232313419	-0.0546828553475976
PWY-7282	21	25	0.0118532746887188	0.0127822251246716	0.00241345928253986	0.0023261029891355	-0.392589984282014	-0.994825318254444	0.209645349690416
PWY-7283	21	25	0	0	0	0	NA	NA	NA
PWY-7286	21	25	0	0	0	0	NA	NA	NA
PWY-7288	21	25	0.00296175065719981	0.00283036828403877	0.00284239823941205	0.00267854580331346	0.0477019846693749	-0.548941386066567	0.644345355405317
PWY-7290	21	25	3.53334332311353e-05	0.000102452251960572	0.000161918132344346	0.000512261259802859	-0.170454129936988	-0.768087448329281	0.427179188455305
PWY-7294	21	25	5.52302453297195e-05	0.000667439424772598	0.000253096779874421	0.00103516248565107	-0.781547343938782	-1.40029589397943	-0.162798793898135
PWY-7312	21	25	0.00185004846621306	0.00240254439465219	0.00205289517486921	0.00337465445961171	-0.193799503009295	-0.791746833614706	0.404147827596115
PWY-7315	21	25	0.00261146836663377	0.00441901330903211	0.00217189998383377	0.00440572374637867	-0.506578491282908	-1.1125590535755	0.0994020710096831
PWY-7316	21	25	0.000863308589879554	0.00150349433633596	0.00179420176691845	0.00206715324763276	-0.328665828379896	-0.92920881524703	0.271877158487237
PWY-7317	21	25	0	0	0	0	NA	NA	NA
PWY-7323	21	25	0.00878519097006369	0.0095072478876806	0.00196796623048034	0.00342076224938845	-0.253032582562135	-0.851956210360124	0.345891045235855
PWY-7328	21	25	0.00447114858806088	0.00494037060843068	0.00195777105583619	0.00263498154434691	-0.199544810604358	-0.797575563795385	0.398485942586669
PWY-7332	21	25	0.00414945682169515	0.00509532202471467	0.00345580045789457	0.00343810012961389	-0.274469561897292	-0.873809824985253	0.324870701190669
PWY-7337	21	25	0	0	0	0	NA	NA	NA
PWY-7338	21	25	0	0	0	0	NA	NA	NA
PWY-7345	21	25	0.000386930796869443	0.0011344643249961	0.00139589093548744	0.00279312360930301	-0.329688518972016	-0.930256253925982	0.27087921598195
PWY-7347	21	25	0	0	0	0	NA	NA	NA
PWY-7357	21	25	0.0164366235134941	0.015171969222946	0.00238243914482156	0.00218729947178509	0.555142259475154	-0.0527136565814499	1.16299817553176
PWY-7371	21	25	0.00200499865787852	0.0020090583593047	0.00224264123047969	0.00207379950698704	-0.00188631320275251	-0.598445621933836	0.594672995528331
PWY-7373	21	25	0	0	0	0	NA	NA	NA
PWY-7374	21	25	0.000136167804118846	0.000117648539864054	0.000623999269590534	0.000588242699320271	0.0306226120953353	-0.565971263337821	0.627216487528492
PWY-7383	21	25	0.00833965018311768	0.00810209617791193	0.00383714180617635	0.00353868488310515	0.064599216179704	-0.532114356687428	0.661312789046836
PWY-7384	21	25	0	0	0	0	NA	NA	NA
PWY-7385	21	25	0.00124952102754264	0.00280928059465926	0.00146681786123663	0.002881874479113	-0.664595189510836	-1.27728016025808	-0.05191021876359
PWY-7388	21	25	0.0086234798774193	0.0123264632578598	0.00180984779982651	0.0049322662216648	-0.963903746471778	-1.59390543906893	-0.333902053874629
PWY-7389	21	25	0	0	0	0	NA	NA	NA
PWY-7391	21	25	0	3.38383330775884e-05	0	0.000169191665387942	-0.270801280154532	-0.870067868451996	0.328465308142932
PWY-7392	21	25	0.00319478052917539	0.0025545904616918	0.00290417665749955	0.00235237010942145	0.244566596683104	-0.354201744950155	0.843334938316363
PWY-7397	21	25	0	0	0	0	NA	NA	NA
PWY-7399	21	25	9.27398569885638e-05	0.000100413587480103	0.000313152998219365	0.000349228745774874	-0.0230224528000049	-0.619601242379834	0.573556336779824
PWY-7400	21	25	0.0200310312149139	0.0180451060199047	0.00346131748924358	0.0029476892682528	0.622269951363732	0.0115505261848529	1.23298937654261
PWY-7409	21	25	0.000245676273592142	0.000970915867762884	0.000721027301484963	0.0016910879223072	-0.541134928070736	-1.14843293277986	0.0661630766383886
PWY-7411	21	25	0	0	0	0	NA	NA	NA
PWY-7413	21	25	0	0	0	0	NA	NA	NA
PWY-7420	21	25	0	0	0	0	NA	NA	NA
PWY-7431	21	25	0	0	0	0	NA	NA	NA
PWY-7446	21	25	0.000467998265902731	0.00179490657493796	0.000715563958042764	0.00210213994975542	-0.816176372901863	-1.43689565436888	-0.195457091434847
PWY-7456	21	25	0.0092250101184822	0.00851433904517512	0.00205853604381741	0.00315264836412237	0.262178749997098	-0.336918530230342	0.861276030224539
PWY-7527	21	25	0	9.45573053744933e-05	0	0.000472786526872466	-0.270801280154532	-0.870067868451996	0.328465308142932
PWY-7528	21	25	0	0	0	0	NA	NA	NA
PWY-7539	21	25	0.0148891868771195	0.0152493550001602	0.00439702516024046	0.00314554651238008	-0.0956289330818316	-0.692526402891197	0.501268536727534
PWY-7546	21	25	0	0	0	0	NA	NA	NA
PWY-7560	21	25	0.00411242761406982	0.00285059916907132	0.00354189424771033	0.00258194159865183	0.412915819496172	-0.189919340532829	1.01575097952517
PWY-7616	21	25	0.000198779208388624	0.00104286402547443	0.00045815566283633	0.00146575423960509	-0.749805755760978	-1.36681774346142	-0.132793768060536
PWY-7619	21	25	0	0	0	0	NA	NA	NA
PWY-7626	21	25	0	0	0	0	NA	NA	NA
PWY-7663	21	25	0.0169083034529152	0.018432170137073	0.00228001896296725	0.00301875282982801	-0.562714681224709	-1.17087792470161	0.0454485622521927
PWY-7664	21	25	0.00956774857011597	0.0130749016925546	0.00185360941726512	0.00471925970377917	-0.947194462245082	-1.57607626315967	-0.318312661330496
PWY-821	21	25	0.00205017577694686	0.00469761881191658	0.0021205661501643	0.00317744655594122	-0.963439347929184	-1.5934096780978	-0.333469017760572
PWY-841	21	25	0.0170400378726731	0.0173586073104058	0.00261299913305586	0.00147462991372097	-0.153813256025551	-0.751247228316232	0.443620716265131
PWY-922	21	25	0.000192616290243587	0.000251830982412844	0.000612354904158921	0.000733786919428861	-0.0869169468259612	-0.683755599808941	0.509921706157019
PWY0-1061	21	25	0.005369164408024	0.00659000207450566	0.00316379158279826	0.0046906274113787	-0.300087035508985	-0.899969162338381	0.29979509132041
PWY0-1241	21	25	0.00608487358354866	0.00686209949197094	0.00221281790682843	0.00274129067351931	-0.309050831985048	-0.909133849435336	0.291032185465241
PWY0-1261	21	25	0.0123687259626747	0.0132317182195154	0.00264490959944793	0.00247320084988059	-0.338072693953785	-0.938846177016293	0.262700789108724
PWY0-1277	21	25	0.00122311555155756	0.0029111728978884	0.00168367475055207	0.00346737570731391	-0.602633206045166	-1.21248261030886	0.00721619821852792
PWY0-1296	21	25	0.0171180113705863	0.0156220557611324	0.00381286417874407	0.00353726919377964	0.408161229094246	-0.194530962336225	1.01085342052472
PWY0-1297	21	25	0.00466138116715466	0.00748037280130901	0.00196118944583573	0.0051841618731733	-0.695937346283155	-1.31015674957871	-0.0817179429875978
PWY0-1298	21	25	0.00416994268721797	0.00656613549647816	0.00146188372742866	0.00437088854253985	-0.709935900424203	-1.32486218534418	-0.0950096155042263
PWY0-1319	21	25	0.0190511238199396	0.0195702959432878	0.0019882451220204	0.00157774049870511	-0.292304541109377	-0.892016994483979	0.307407912265225
PWY0-1338	21	25	0.000665434474293086	0.00267533222914298	0.00101421212518646	0.00346906377902419	-0.757951480811307	-1.37540271037063	-0.140500251251979
PWY0-1415	21	25	0.00172893868576333	0.00391719805364101	0.00167467243948924	0.00276672134800802	-0.937338563291057	-1.56556806481885	-0.309109061763269
PWY0-1479	21	25	0.0063916943219033	0.0081458229283888	0.00230778370975227	0.00371436719069689	-0.556201686366081	-1.16410035814713	0.0516969854149691
PWY0-1533	21	25	0.00048095704096493	0.00131578177578326	0.000770749936433515	0.00182550853972036	-0.577772486974106	-1.18655874794531	0.0310137739970939
PWY0-1586	21	25	0.0180724267412146	0.019499871994092	0.0038226884130768	0.00492791895647362	-0.320081727735342	-0.920419980031857	0.280256524561173
PWY0-162	21	25	0.015031220864324	0.0148418719034885	0.002963918558724	0.00151849801030433	0.0826321632529908	-0.514179619712425	0.679443946218407
PWY0-166	21	25	0.0149614953836899	0.0153439075098042	0.00288060644733283	0.00165348972075599	-0.166691164508782	-0.764277620960675	0.430895291943111
PWY0-321	21	25	0.000296647235648666	0.000751524859446864	0.000632699253802306	0.00167327876635016	-0.347939519775424	-0.948961659098533	0.253082619547686
PWY0-41	21	25	0.000492037592704872	0.00121073018241835	0.000766399233711991	0.0016706801577252	-0.537259672134181	-1.14440575463086	0.069886410362498
PWY0-42	21	25	0.00113360724192342	0.00268889753914855	0.00139992790297819	0.00303744909486409	-0.639045854633335	-1.25052962061548	-0.0275620886511937
PWY0-781	21	25	0.00564501478427815	0.00782687355640174	0.0025032590947194	0.00436283100734038	-0.599840557159787	-1.20956839788332	0.00988728356374857
PWY0-845	21	25	0.00998226544895493	0.0120309274435625	0.00338718066835937	0.00312815894102065	-0.6306568640183	-1.24175599026256	-0.0195577377740446
PWY0-862	21	25	0.00909085738526046	0.0126356603924306	0.00181842195181447	0.0047233626774337	-0.958678245766811	-1.58832782447341	-0.329028667060214
PWY0-881	21	25	0.00131715339867956	0.0021670637323287	0.0019900907668436	0.00372046243696045	-0.277945872949154	-0.877356861543622	0.321465115645315
PWY1F-823	21	25	0	2.06134907268524e-05	0	0.000103067453634262	-0.270801280154532	-0.870067868451996	0.328465308142932
PWY1G-0	21	25	0	0.000130384686649423	0	0.000378297462917428	-0.466674290978766	-1.07123845910122	0.137889877143685
PWY3DJ-35471	21	25	0.000904975950914765	0.00130910105030092	0.00124178106750126	0.00275199079898761	-0.183847266643305	-0.781655830749534	0.413961297462924
PWY3O-1109	21	25	8.80559345156194e-05	0	0.000284663654020222	0	0.458815362700389	-0.145483174505765	1.06311389990654
PWY3O-19	21	25	0	0	0	0	NA	NA	NA
PWY3O-355	21	25	0.00114030504138633	0.00243015711491224	0.00147903677751941	0.00263012775869089	-0.590733683689141	-1.2000688610926	0.0186014937143131
PWY490-3	21	25	0.00122218088432403	0.000699724243970051	0.00105628582890809	0.000945935198928697	0.523708869315015	-0.082914272874799	1.13033201150483
PWY4FS-7	21	25	0.0112903398415378	0.0127256145355664	0.00194236391647424	0.00280254408699846	-0.585995463422335	-1.19512861903499	0.0231376921903208
PWY4FS-8	21	25	0.0112903398415378	0.0127255936226146	0.00194236391647424	0.00280253948517704	-0.585987612204049	-1.1951204343619	0.023145209953799
PWY4LZ-257	21	25	0.00342916499598769	0.00649788790349723	0.00170394000900175	0.00499515201846074	-0.794205037436747	-1.41366475113599	-0.174745323737507
PWY5F9-12	21	25	0	0.000156004055854364	0	0.00078002027927182	-0.270801280154532	-0.870067868451996	0.328465308142932
PWY66-367	21	25	0.000395589245229088	0.00040621048351751	0.000577619233616998	0.000812406320577872	-0.0148485837757509	-0.611415919230058	0.581718751678556
PWY66-388	21	25	0.000176766524326705	0.000777053394370092	0.000810045978061379	0.00124760050603519	-0.560437231880619	-1.16850762342997	0.0476331596687301
PWY66-389	21	25	0.00134034999649697	0.00362838667399035	0.00194205080034425	0.0036916146840973	-0.75649209052933	-1.37386429947682	-0.139119881581842
PWY66-391	21	25	0.00309527463518638	0.00340910622321943	0.00287684247683382	0.00299693735143405	-0.106638206158215	-0.70361802243876	0.490341610122329
PWY66-398	21	25	0.00184803956058959	0.00219319945621363	0.00168603119093244	0.00201821152717041	-0.184131236620067	-0.781943659257807	0.413681186017673
PWY66-399	21	25	0.00888170273446281	0.00883331678305262	0.00279664247745262	0.00332022147492179	0.0156424970685345	-0.580925734115128	0.612210728252197
PWY66-400	21	25	0.0131498208256892	0.0142112046773599	0.00286300880479175	0.00343254138022811	-0.333107747832127	-0.933758775463662	0.267543279799409
PWY66-409	21	25	0.00623429194250333	0.00755998060326236	0.00318681121448299	0.00524216039406115	-0.299400677990583	-0.899267663597145	0.300466307615978
PWY66-422	21	25	0.0140401071485589	0.0128645525304681	0.0032525941005959	0.00272339090005943	0.395060998936635	-0.207245670895235	0.997367668768506
PWYG-321	21	25	0.00971299846319231	0.0124078528708045	0.00185424129955057	0.00515409749084003	-0.672607423290399	-1.28567828762893	-0.0595365589518707
PYRIDNUCSAL-PWY	21	25	0.00645299715165712	0.00666108770309222	0.00374211709061165	0.00391395295450526	-0.054235445423157	-0.650903456339926	0.542432565493612
PYRIDNUCSYN-PWY	21	25	0.0167342099654656	0.0170293877414537	0.00222611825679029	0.00223790744163772	-0.132215146222454	-0.729420817053094	0.464990524608185
PYRIDOXSYN-PWY	21	25	0.00974092207981004	0.0121233790574453	0.00389086382876916	0.00401133288628979	-0.602082277204987	-1.21190765684129	0.00774310243131082
REDCITCYC	21	25	0.00136837257972648	0.00328513422867439	0.00147313800447893	0.00224284425159646	-0.99242794207195	-1.62438187157735	-0.360474012566551
RHAMCAT-PWY	21	25	0.00954407516965432	0.0104354626425603	0.00249684279431388	0.00328379026552199	-0.30193934896259	-0.901862509422268	0.297983811497088
RIBOSYN2-PWY	21	25	0.0191290754895318	0.0180664225202469	0.00224949429759725	0.00223148647171952	0.474464352646524	-0.130367452806626	1.07929615809967
RUMP-PWY	21	25	0.000122995389846007	0.000516096691279423	0.000388645537411603	0.00101788045074923	-0.493777337601307	-1.09929123740651	0.111736562203898
SALVADEHYPOX-PWY	21	25	0.00657596604288842	0.00860304573517208	0.00207802088095462	0.00469406784555006	-0.542118154531902	-1.14945487239063	0.0652185633268285
SER-GLYSYN-PWY	21	25	0.0166609792069471	0.0176079865839935	0.0020098925997609	0.00301848983623075	-0.363000574521381	-0.964415853287999	0.238414704245237
SO4ASSIM-PWY	21	25	0.00361118230765863	0.00675338062772764	0.00251222868378377	0.00540645742523903	-0.724457303642882	-1.34013086390817	-0.108783743377594
SPHINGOLIPID-SYN-PWY	21	25	0	0	0	0	NA	NA	NA
SUCSYN-PWY	21	25	0	0	0	0	NA	NA	NA
SULFATE-CYS-PWY	21	25	0.00495676906383549	0.00827660917195278	0.00319125068084298	0.00548670860557584	-0.723596614488087	-1.33922548715322	-0.107967741822951
TCA-GLYOX-BYPASS	21	25	0.0025709514598322	0.00643697871024837	0.00276762736905207	0.00498483884995892	-0.936671808955243	-1.56485740432876	-0.308486213581723
TCA	21	25	0.00881639006465521	0.0105175463167979	0.00187663769386733	0.00356926647828708	-0.58179298516756	-1.19074826716357	0.0271622968284545
TEICHOICACID-PWY	21	25	0.00456221175985448	0.00481386145744265	0.00244003931107652	0.00214305925957725	-0.11023513865924	-0.707243799175541	0.486773521857061
THISYN-PWY	21	25	0.0152279387317602	0.0157941580063205	0.0021783175450031	0.00155776174542759	-0.303505306232062	-0.903463351537921	0.296452739073796
THISYNARA-PWY	21	25	0.0143746349254545	0.0143475822422464	0.00183762445723518	0.00264509277667473	0.0116945622401268	-0.584869675442404	0.608258799922658
THREOCAT-PWY	21	25	0.00101405267877753	0.00184949340751294	0.00166773961177911	0.00250627094581736	-0.385751463987492	-0.98779166656897	0.216288738593986
THRESYN-PWY	21	25	0.0170203247475016	0.0174683066447755	0.0015153886737354	0.00197538876010056	-0.251521629876965	-0.850417158850373	0.347373899096444
TRIGLSYN-PWY	21	25	0	0	0	0	NA	NA	NA
TRNA-CHARGING-PWY	21	25	0.0231162214839185	0.022070564366108	0.00308253090617208	0.00235752531408768	0.385678460573842	-0.216359677076313	0.987716598223997
TRPSYN-PWY	21	25	0.0120925254462339	0.0117988229279269	0.00270600304671333	0.00174231403302479	0.131555767926901	-0.465643474092455	0.728755009946257
TYRFUMCAT-PWY	21	25	0	0.000400501504429548	0	0.00116974645224462	-0.463589010657914	-1.06804837270201	0.140870351386181
UBISYN-PWY	21	25	0.000712534197468645	0.00315936720216909	0.00102301290181629	0.00411678683394317	-0.784820657521101	-1.40375209915838	-0.165889215883823
UDPNACETYLGALSYN-PWY	21	25	0.000334801643541668	0.000178523542914209	0.000805677744687098	0.00049855436098296	0.238147681137009	-0.360506418674612	0.83680178094863
UDPNAGSYN-PWY	21	25	0.0119997942511176	0.0123960582068414	0.00272363209632556	0.00326112666841381	-0.130838080455182	-0.728030361612791	0.466354200702428
UNINTEGRATED	21	25	1.07582699485248	1.06533545792401	0.0522858196866503	0.0584555273178311	0.188236801875326	-0.409632069031323	0.786105672781974
UNMAPPED	21	25	0.438249598467815	0.44343332499166	0.0578508795320218	0.0668680507035133	-0.0823732726374126	-0.679183475561465	0.514436930286639
URDEGR-PWY	21	25	0.000326438234537406	0.000814957135418239	0.000501650669267503	0.00131850386478899	-0.473902910600506	-1.07871528284317	0.13090946164216
URSIN-PWY	21	25	0.000123116948745338	0.00128955083247486	0.000420135088429207	0.00231801753046474	-0.672201551138695	-1.28525276211551	-0.0591503401618805
VALDEG-PWY	21	25	0	0.000227363481642871	0	0.000670135931499151	-0.459386812400455	-1.06370451636228	0.144930891561373
VALSYN-PWY	21	25	0.0245968647328437	0.0228959453968231	0.0019150888097766	0.00216237921188849	0.828234332196696	0.206810303932872	1.44965836046052
