len_control	len_case	mean_control	mean_case	sd_control	sd_case	cohen.d	lower	upper
1CMET2-PWY	40	40	NA	0.0202588869811415	NA	0.00143653976568121	NA	NA	NA
3-HYDROXYPHENYLACETATE-DEGRADATION-PWY	40	40	NA	0.000938365774706053	NA	0.00224603444676559	NA	NA	NA
7ALPHADEHYDROX-PWY	40	40	NA	0.000127405149874259	NA	0.00033467834220463	NA	NA	NA
AEROBACTINSYN-PWY	40	40	NA	0.000393546190667106	NA	0.000912712355605994	NA	NA	NA
ALL-CHORISMATE-PWY	40	40	NA	0	NA	0	NA	NA	NA
ALLANTOINDEG-PWY	40	40	NA	0.00122273082488062	NA	0.00117782118802298	NA	NA	NA
ANAEROFRUCAT-PWY	40	40	NA	0.0164460431578398	NA	0.00142230462511356	NA	NA	NA
ANAGLYCOLYSIS-PWY	40	40	NA	0.0195247585216665	NA	0.0015661810027937	NA	NA	NA
ARG+POLYAMINE-SYN	40	40	NA	0.00910488110455306	NA	0.00324981250205829	NA	NA	NA
ARGDEG-PWY	40	40	NA	0.00189775849346458	NA	0.00308139984439859	NA	NA	NA
ARGININE-SYN4-PWY	40	40	NA	0.0129058248058983	NA	0.00306903967995112	NA	NA	NA
ARGORNPROST-PWY	40	40	NA	0.00360792206614335	NA	0.00180581928824533	NA	NA	NA
ARGSYN-PWY	40	40	NA	0.0186862794179579	NA	0.00203656736860074	NA	NA	NA
ARGSYNBSUB-PWY	40	40	NA	0.0184949490223514	NA	0.0021579892496915	NA	NA	NA
ARO-PWY	40	40	NA	0.0206129931051374	NA	0.00178286560245475	NA	NA	NA
ASPASN-PWY	40	40	NA	0.0162547876952548	NA	0.0023830160169172	NA	NA	NA
AST-PWY	40	40	NA	0.00179227706161996	NA	0.00266614961370738	NA	NA	NA
BIOTIN-BIOSYNTHESIS-PWY	40	40	NA	0.0105018893047256	NA	0.002944884134615	NA	NA	NA
BRANCHED-CHAIN-AA-SYN-PWY	40	40	NA	0.0211869847463409	NA	0.00195181601527744	NA	NA	NA
CALVIN-PWY	40	40	NA	0.019911520872219	NA	0.00170783214445456	NA	NA	NA
CATECHOL-ORTHO-CLEAVAGE-PWY	40	40	NA	0.000633047343841942	NA	0.00150350680671449	NA	NA	NA
CENTFERM-PWY	40	40	NA	0.00529972474989892	NA	0.00141434719095069	NA	NA	NA
CITRULBIO-PWY	40	40	NA	0.0130834627791696	NA	0.00284680975640888	NA	NA	NA
COA-PWY-1	40	40	NA	0.0212101715385634	NA	0.00201195485477222	NA	NA	NA
COA-PWY	40	40	NA	0.0196917349725286	NA	0.002032207046336	NA	NA	NA
COBALSYN-PWY	40	40	NA	0.0125185442134206	NA	0.00186244666742292	NA	NA	NA
CODH-PWY	40	40	NA	2.19240344348228e-05	NA	0.000138659768628005	NA	NA	NA
COLANSYN-PWY	40	40	NA	0.0106385096144606	NA	0.00155869462823347	NA	NA	NA
COMPLETE-ARO-PWY	40	40	NA	0.0201853656899084	NA	0.00156374704793787	NA	NA	NA
CRNFORCAT-PWY	40	40	NA	0.000254785930814377	NA	0.000577138503095604	NA	NA	NA
DAPLYSINESYN-PWY	40	40	NA	0.00972985443810519	NA	0.00328683137513625	NA	NA	NA
DENITRIFICATION-PWY	40	40	NA	0.000316247364398754	NA	0.000768360696873483	NA	NA	NA
DENOVOPURINE2-PWY	40	40	NA	0.017286035617969	NA	0.00163456023094306	NA	NA	NA
DHGLUCONATE-PYR-CAT-PWY	40	40	NA	7.03584717803641e-05	NA	0.000329955434635878	NA	NA	NA
DTDPRHAMSYN-PWY	40	40	NA	0.0229840588589923	NA	0.00347556995887896	NA	NA	NA
ECASYN-PWY	40	40	NA	0.00182147851418118	NA	0.00251290747644452	NA	NA	NA
ENTBACSYN-PWY	40	40	NA	0.00347871128650122	NA	0.00417117820405799	NA	NA	NA
FAO-PWY	40	40	NA	0.00663330404384753	NA	0.00346943517824264	NA	NA	NA
FASYN-ELONG-PWY	40	40	NA	0.0109285990190591	NA	0.00354183614103894	NA	NA	NA
FASYN-INITIAL-PWY	40	40	NA	0.00972086285617898	NA	0.00371043694260181	NA	NA	NA
FERMENTATION-PWY	40	40	NA	0.00847408148766036	NA	0.00292219297109278	NA	NA	NA
FOLSYN-PWY	40	40	NA	0.00697821789819628	NA	0.00340799410207734	NA	NA	NA
FUC-RHAMCAT-PWY	40	40	NA	0.00724752178778757	NA	0.00274842183622071	NA	NA	NA
FUCCAT-PWY	40	40	NA	0.00595263019580463	NA	0.0027359418300627	NA	NA	NA
GALACT-GLUCUROCAT-PWY	40	40	NA	0.00827074218209531	NA	0.00197238875532807	NA	NA	NA
GALACTARDEG-PWY	40	40	NA	0.00472422624346171	NA	0.00358592084030931	NA	NA	NA
GALACTUROCAT-PWY	40	40	NA	0.00813173100600054	NA	0.00199526766861685	NA	NA	NA
GALLATE-DEGRADATION-I-PWY	40	40	NA	0	NA	0	NA	NA	NA
GALLATE-DEGRADATION-II-PWY	40	40	NA	0	NA	0	NA	NA	NA
GLCMANNANAUT-PWY	40	40	NA	0.0102454459336159	NA	0.00201144194186691	NA	NA	NA
GLUCARDEG-PWY	40	40	NA	0.00376051183912655	NA	0.00292726685888965	NA	NA	NA
GLUCARGALACTSUPER-PWY	40	40	NA	0.00472422624346171	NA	0.00358592084030931	NA	NA	NA
GLUCONEO-PWY	40	40	NA	0.0143486540451073	NA	0.00155512256049455	NA	NA	NA
GLUCOSE1PMETAB-PWY	40	40	NA	0.0053634575773509	NA	0.00321635573796725	NA	NA	NA
GLUCUROCAT-PWY	40	40	NA	0.00880002032800459	NA	0.0017684222506704	NA	NA	NA
GLUDEG-I-PWY	40	40	NA	0.00419086872508029	NA	0.00291128720908395	NA	NA	NA
GLUTORN-PWY	40	40	NA	0.0172588252341869	NA	0.00221095656467511	NA	NA	NA
GLYCOCAT-PWY	40	40	NA	0.0069076515239433	NA	0.00371792196145127	NA	NA	NA
GLYCOGENSYNTH-PWY	40	40	NA	0.0160322936034465	NA	0.00276046438226811	NA	NA	NA
GLYCOL-GLYOXDEG-PWY	40	40	NA	0.00104021090900202	NA	0.0016584075736068	NA	NA	NA
GLYCOLYSIS-E-D	40	40	NA	0.0107593441603879	NA	0.00204851764773012	NA	NA	NA
GLYCOLYSIS-TCA-GLYOX-BYPASS	40	40	NA	0.00467365922945454	NA	0.00498271271087893	NA	NA	NA
GLYCOLYSIS	40	40	NA	0.0148760240368568	NA	0.00228623646463242	NA	NA	NA
GLYOXYLATE-BYPASS	40	40	NA	0.00336485677032569	NA	0.00368367539253296	NA	NA	NA
GOLPDLCAT-PWY	40	40	NA	0.00523773605554244	NA	0.00203158211576535	NA	NA	NA
HCAMHPDEG-PWY	40	40	NA	0.00126723400423854	NA	0.00247270262151187	NA	NA	NA
HEME-BIOSYNTHESIS-II	40	40	NA	0.00439721270641308	NA	0.00273790503808934	NA	NA	NA
HEMESYN2-PWY	40	40	NA	0.00522946195565324	NA	0.00241836568553475	NA	NA	NA
HEXITOLDEGSUPER-PWY	40	40	NA	0.0100266980128478	NA	0.002815267802247	NA	NA	NA
HISDEG-PWY	40	40	NA	0.0132572018664735	NA	0.00235709966105435	NA	NA	NA
HISTSYN-PWY	40	40	NA	0.0188211401215878	NA	0.00190214616658126	NA	NA	NA
HOMOSER-METSYN-PWY	40	40	NA	0.00820101370541701	NA	0.00313472751836979	NA	NA	NA
HSERMETANA-PWY	40	40	NA	0.0153262553099871	NA	0.00227439404670798	NA	NA	NA
ILEUDEG-PWY	40	40	NA	1.36111300100939e-05	NA	8.6084344721135e-05	NA	NA	NA
ILEUSYN-PWY	40	40	NA	0.0233390700047504	NA	0.00184451692729345	NA	NA	NA
KDO-NAGLIPASYN-PWY	40	40	NA	0.00151071224175304	NA	0.00204425242250995	NA	NA	NA
KETOGLUCONMET-PWY	40	40	NA	0.00236552138807846	NA	0.00306050199127972	NA	NA	NA
LACTOSECAT-PWY	40	40	NA	0.0062359456247812	NA	0.00251257974100669	NA	NA	NA
LEU-DEG2-PWY	40	40	NA	0	NA	0	NA	NA	NA
LIPASYN-PWY	40	40	NA	5.24939958478817e-05	NA	0.000260196666287548	NA	NA	NA
LPSSYN-PWY	40	40	NA	0.00101962879533953	NA	0.00196901619637643	NA	NA	NA
LYSINE-AMINOAD-PWY	40	40	NA	0	NA	0	NA	NA	NA
LYSINE-DEG1-PWY	40	40	NA	0	NA	0	NA	NA	NA
MET-SAM-PWY	40	40	NA	0.0109160205371461	NA	0.00317905995548846	NA	NA	NA
METH-ACETATE-PWY	40	40	NA	0.00594614679804613	NA	0.0027131871998859	NA	NA	NA
METHANOGENESIS-PWY	40	40	NA	0.000357921295685721	NA	0.000909065883231163	NA	NA	NA
METHGLYUT-PWY	40	40	NA	0.00366892596868754	NA	0.00233707679755918	NA	NA	NA
METHYLGALLATE-DEGRADATION-PWY	40	40	NA	0	NA	0	NA	NA	NA
METSYN-PWY	40	40	NA	0.0105620926141023	NA	0.00322537427583871	NA	NA	NA
NAD-BIOSYNTHESIS-II	40	40	NA	0.00537057400932956	NA	0.00309074549657893	NA	NA	NA
NADSYN-PWY	40	40	NA	0	NA	0	NA	NA	NA
NAGLIPASYN-PWY	40	40	NA	0.00967269035640082	NA	0.00284015895388117	NA	NA	NA
NONMEVIPP-PWY	40	40	NA	0.00886026410847532	NA	0.00410119590836564	NA	NA	NA
NONOXIPENT-PWY	40	40	NA	0.0161904034712023	NA	0.00256816899283262	NA	NA	NA
OANTIGEN-PWY	40	40	NA	0.0152959321825802	NA	0.00205918221554003	NA	NA	NA
ORNARGDEG-PWY	40	40	NA	0.00189775849346458	NA	0.00308139984439859	NA	NA	NA
ORNDEG-PWY	40	40	NA	0.0031113327117408	NA	0.00403157174453619	NA	NA	NA
P101-PWY	40	40	NA	2.88371108607637e-05	NA	0.000182381902917584	NA	NA	NA
P105-PWY	40	40	NA	0.00368501636338579	NA	0.00409254767837013	NA	NA	NA
P108-PWY	40	40	NA	0.00576264955605876	NA	0.00197896406198151	NA	NA	NA
P122-PWY	40	40	NA	0.00278308193361373	NA	0.00296418857552419	NA	NA	NA
P124-PWY	40	40	NA	0.00491440049811474	NA	0.00338137414313694	NA	NA	NA
P125-PWY	40	40	NA	0.00167475852566093	NA	0.00169142736268832	NA	NA	NA
P161-PWY	40	40	NA	0.00498197698703003	NA	0.00379165388313643	NA	NA	NA
P162-PWY	40	40	NA	0.00241653905692597	NA	0.00199973856086619	NA	NA	NA
P163-PWY	40	40	NA	0.0012355257911843	NA	0.00146044561015856	NA	NA	NA
P164-PWY	40	40	NA	0.00757384113699296	NA	0.00131857726660384	NA	NA	NA
P165-PWY	40	40	NA	0	NA	0	NA	NA	NA
P185-PWY	40	40	NA	0.0036555025592852	NA	0.00237443370018247	NA	NA	NA
P221-PWY	40	40	NA	0.00112716791604725	NA	0.00156373597437987	NA	NA	NA
P23-PWY	40	40	NA	0.0018530159924196	NA	0.00160852847186728	NA	NA	NA
P241-PWY	40	40	NA	1.40550944125907e-05	NA	8.88922221449859e-05	NA	NA	NA
P261-PWY	40	40	NA	0	NA	0	NA	NA	NA
P4-PWY	40	40	NA	0.00835204758244321	NA	0.00317470111137981	NA	NA	NA
P42-PWY	40	40	NA	0.00538362570432936	NA	0.0024023263384409	NA	NA	NA
P441-PWY	40	40	NA	0.00917655008486316	NA	0.00285978607979457	NA	NA	NA
P461-PWY	40	40	NA	0.007134733670058	NA	0.00386389865873862	NA	NA	NA
P562-PWY	40	40	NA	0.00096856556158768	NA	0.00102680024100114	NA	NA	NA
P621-PWY	40	40	NA	0.000911747858932665	NA	0.00122510250057761	NA	NA	NA
PANTO-PWY	40	40	NA	0.0185885992409394	NA	0.00168325850251914	NA	NA	NA
PANTOSYN-PWY	40	40	NA	0.0186525361289637	NA	0.00165152057542761	NA	NA	NA
PENTOSE-P-PWY	40	40	NA	0.0129911329227815	NA	0.00230463112325571	NA	NA	NA
PEPTIDOGLYCANSYN-PWY	40	40	NA	0.0223700108732426	NA	0.00237189541853331	NA	NA	NA
PHOSLIPSYN-PWY	40	40	NA	0.0143357769193871	NA	0.00269896831189114	NA	NA	NA
PHOTOALL-PWY	40	40	NA	2.36517255068128e-05	NA	0.000149586646389257	NA	NA	NA
POLYAMINSYN3-PWY	40	40	NA	0.00399331097767675	NA	0.00231094443602813	NA	NA	NA
POLYAMSYN-PWY	40	40	NA	0.00726528858702062	NA	0.00311390491302338	NA	NA	NA
POLYISOPRENSYN-PWY	40	40	NA	0.00846818938693771	NA	0.00239582926736675	NA	NA	NA
PPGPPMET-PWY	40	40	NA	0.00562190243604165	NA	0.00263253361910909	NA	NA	NA
PROPFERM-PWY	40	40	NA	0.00143137224259562	NA	0.0013750467318685	NA	NA	NA
PROTOCATECHUATE-ORTHO-CLEAVAGE-PWY	40	40	NA	0.000824245721237239	NA	0.00180358019781696	NA	NA	NA
PRPP-PWY	40	40	NA	0.0111020886970756	NA	0.00222979676729402	NA	NA	NA
PWY-101	40	40	NA	0.000150042979796556	NA	0.000415059838449942	NA	NA	NA
PWY-1042	40	40	NA	0.0238949391676305	NA	0.00221281672374643	NA	NA	NA
PWY-1269	40	40	NA	0.0111466263086655	NA	0.00355321543302549	NA	NA	NA
PWY-1361	40	40	NA	6.71163469273854e-05	NA	0.000424481049041163	NA	NA	NA
PWY-1501	40	40	NA	1.91251098691399e-05	NA	0.000120957815374894	NA	NA	NA
PWY-1541	40	40	NA	0.000100592099064725	NA	0.00044435026384376	NA	NA	NA
PWY-1622	40	40	NA	0	NA	0	NA	NA	NA
PWY-181	40	40	NA	0	NA	0	NA	NA	NA
PWY-1861	40	40	NA	0.00608110598019214	NA	0.00327357067753308	NA	NA	NA
PWY-2201	40	40	NA	0	NA	0	NA	NA	NA
PWY-2221	40	40	NA	0.000217165939826168	NA	0.00068051220772073	NA	NA	NA
PWY-241	40	40	NA	0.00831952532006418	NA	0.00239311201099635	NA	NA	NA
PWY-2723	40	40	NA	0.00518251218581127	NA	0.00295821132369856	NA	NA	NA
PWY-2941	40	40	NA	0.0118473250548541	NA	0.00280371994627445	NA	NA	NA
PWY-2942	40	40	NA	0.0204201807212484	NA	0.00173231792482818	NA	NA	NA
PWY-3001	40	40	NA	0.0192545846987346	NA	0.00102579294323792	NA	NA	NA
PWY-3502	40	40	NA	0	NA	0	NA	NA	NA
PWY-3781	40	40	NA	0.00101711472602089	NA	0.000936929585868456	NA	NA	NA
PWY-3801	40	40	NA	0.000462644088822686	NA	0.00158960869181482	NA	NA	NA
PWY-3841	40	40	NA	0.0211049463465356	NA	0.00186904063131513	NA	NA	NA
PWY-4041	40	40	NA	0.00865893612943427	NA	0.00336879145515262	NA	NA	NA
PWY-4242	40	40	NA	0.0196076229330435	NA	0.00215000281907661	NA	NA	NA
PWY-4321	40	40	NA	0.000186934491894142	NA	0.00057710484915197	NA	NA	NA
PWY-4361	40	40	NA	0.000158311253908699	NA	0.00100124828317744	NA	NA	NA
PWY-4702	40	40	NA	0.00248420185494407	NA	0.00371459885088385	NA	NA	NA
PWY-4722	40	40	NA	0.000604271702569663	NA	0.00079426696476413	NA	NA	NA
PWY-4981	40	40	NA	0.011210558305766	NA	0.00259361700460927	NA	NA	NA
PWY-4984	40	40	NA	0.0114044732732266	NA	0.00359714400272013	NA	NA	NA
PWY-5004	40	40	NA	0.000475883039441481	NA	0.000969162447656968	NA	NA	NA
PWY-5005	40	40	NA	0.00444563087784036	NA	0.00249420703045655	NA	NA	NA
PWY-5022	40	40	NA	0.00451077529856534	NA	0.00229544498371728	NA	NA	NA
PWY-5028	40	40	NA	0.000230918062732707	NA	0.000770017018029291	NA	NA	NA
PWY-5030	40	40	NA	0.011277914834461	NA	0.00272332635934313	NA	NA	NA
PWY-5044	40	40	NA	0	NA	0	NA	NA	NA
PWY-5055	40	40	NA	9.29697990496406e-05	NA	0.000356865134246234	NA	NA	NA
PWY-5067	40	40	NA	0	NA	0	NA	NA	NA
PWY-5079	40	40	NA	0	NA	0	NA	NA	NA
PWY-5080	40	40	NA	0	NA	0	NA	NA	NA
PWY-5083	40	40	NA	0.00549111213232148	NA	0.00365363345237035	NA	NA	NA
PWY-5088	40	40	NA	0.00136252285094361	NA	0.00178565715028359	NA	NA	NA
PWY-5097	40	40	NA	0.0206151503533	NA	0.00189032411295591	NA	NA	NA
PWY-5100	40	40	NA	0.0139943122363919	NA	0.00228725214186175	NA	NA	NA
PWY-5101	40	40	NA	0.000540415095365715	NA	0.00122627983540632	NA	NA	NA
PWY-5103	40	40	NA	0.0205979916838988	NA	0.00206571069821839	NA	NA	NA
PWY-5104	40	40	NA	0.0103422526674425	NA	0.00244659745829577	NA	NA	NA
PWY-5109	40	40	NA	1.31185993816572e-05	NA	8.29693075146266e-05	NA	NA	NA
PWY-5121	40	40	NA	0.00658062035851132	NA	0.00263481853146076	NA	NA	NA
PWY-5129	40	40	NA	0	NA	0	NA	NA	NA
PWY-5136	40	40	NA	0.00627004471861272	NA	0.00307193117640453	NA	NA	NA
PWY-5138	40	40	NA	0.00449215820332121	NA	0.00273823692610783	NA	NA	NA
PWY-5154	40	40	NA	0.0157585401287731	NA	0.00203306859737288	NA	NA	NA
PWY-5156	40	40	NA	4.33913638350476e-05	NA	0.000274431080999618	NA	NA	NA
PWY-5173	40	40	NA	0.00386368939675115	NA	0.00337993197445651	NA	NA	NA
PWY-5177	40	40	NA	0.00850570865847649	NA	0.00278028007412642	NA	NA	NA
PWY-5178	40	40	NA	5.20193681784409e-05	NA	0.000328999371773515	NA	NA	NA
PWY-5180	40	40	NA	0.000860892118922235	NA	0.00203498470529841	NA	NA	NA
PWY-5181	40	40	NA	0.000624089389834205	NA	0.0017653948116397	NA	NA	NA
PWY-5182	40	40	NA	0.000860892118922235	NA	0.00203498470529841	NA	NA	NA
PWY-5183	40	40	NA	0	NA	0	NA	NA	NA
PWY-5188	40	40	NA	0.0101659835578385	NA	0.00190479767969734	NA	NA	NA
PWY-5189	40	40	NA	0.00339317478338498	NA	0.00313268032404751	NA	NA	NA
PWY-5198	40	40	NA	0.000272257034692105	NA	0.000703057076200439	NA	NA	NA
PWY-5265	40	40	NA	0.0028217122668894	NA	0.00322091207878184	NA	NA	NA
PWY-5304	40	40	NA	0	NA	0	NA	NA	NA
PWY-5306	40	40	NA	0	NA	0	NA	NA	NA
PWY-5345	40	40	NA	0.00704173703565077	NA	0.00427099806213075	NA	NA	NA
PWY-5347	40	40	NA	0.011021036246794	NA	0.00320884560334635	NA	NA	NA
PWY-5367	40	40	NA	0.00314688031968821	NA	0.0028782623218276	NA	NA	NA
PWY-5381	40	40	NA	0	NA	0	NA	NA	NA
PWY-5384	40	40	NA	0.00667350517727291	NA	0.00275999244118104	NA	NA	NA
PWY-5392	40	40	NA	0.0012071430869834	NA	0.00127835759662154	NA	NA	NA
PWY-5415	40	40	NA	0.000463860629106357	NA	0.00128496173325143	NA	NA	NA
PWY-5417	40	40	NA	0.000669910168921576	NA	0.00170120247736835	NA	NA	NA
PWY-5419	40	40	NA	0	NA	0	NA	NA	NA
PWY-5420	40	40	NA	0	NA	0	NA	NA	NA
PWY-5430	40	40	NA	0	NA	0	NA	NA	NA
PWY-5431	40	40	NA	0.000669910168921576	NA	0.00170120247736835	NA	NA	NA
PWY-5464	40	40	NA	0.00399945309977654	NA	0.00217610076190974	NA	NA	NA
PWY-5484	40	40	NA	0.0144607106149658	NA	0.00230418902642498	NA	NA	NA
PWY-5505	40	40	NA	0.00761728423200578	NA	0.00185679685839458	NA	NA	NA
PWY-5509	40	40	NA	0.000251504720090591	NA	0.000804660053647207	NA	NA	NA
PWY-5514	40	40	NA	3.91869860546819e-05	NA	0.000247840261140101	NA	NA	NA
PWY-5531	40	40	NA	0	NA	0	NA	NA	NA
PWY-5532	40	40	NA	0	NA	0	NA	NA	NA
PWY-5534	40	40	NA	0	NA	0	NA	NA	NA
PWY-561	40	40	NA	0.00338639131228657	NA	0.00398138825305499	NA	NA	NA
PWY-5647	40	40	NA	3.54467502121004e-05	NA	0.000224184932642588	NA	NA	NA
PWY-5651	40	40	NA	0	NA	0	NA	NA	NA
PWY-5654	40	40	NA	0.000187157954058493	NA	0.000568763594103137	NA	NA	NA
PWY-5656	40	40	NA	0.00180573347672812	NA	0.00270071254614556	NA	NA	NA
PWY-5659	40	40	NA	0.0112712039640266	NA	0.00161066663054056	NA	NA	NA
PWY-5667	40	40	NA	0.020224193895453	NA	0.00120612151513251	NA	NA	NA
PWY-5675	40	40	NA	0.00300809497128196	NA	0.0040362350482899	NA	NA	NA
PWY-5676	40	40	NA	0.00717251770040512	NA	0.00202625328703731	NA	NA	NA
PWY-5677	40	40	NA	0.00162416869488102	NA	0.00110764419920747	NA	NA	NA
PWY-5686	40	40	NA	0.022993999231022	NA	0.00257810908652745	NA	NA	NA
PWY-5690	40	40	NA	0.00715536443679952	NA	0.00231599005437646	NA	NA	NA
PWY-5692	40	40	NA	0.000429923615035579	NA	0.0011501107415266	NA	NA	NA
PWY-5695	40	40	NA	0.0215216930913063	NA	0.00158702085923474	NA	NA	NA
PWY-5705	40	40	NA	0.00113822179516786	NA	0.00185238467997218	NA	NA	NA
PWY-5723	40	40	NA	0.00428593584104782	NA	0.00506147995045352	NA	NA	NA
PWY-5724	40	40	NA	0	NA	0	NA	NA	NA
PWY-5747	40	40	NA	0.00180232099672266	NA	0.00239738768979089	NA	NA	NA
PWY-5751	40	40	NA	0	NA	0	NA	NA	NA
PWY-5754	40	40	NA	8.93729609687149e-05	NA	0.000321345016499579	NA	NA	NA
PWY-5757	40	40	NA	0	NA	0	NA	NA	NA
PWY-5791	40	40	NA	0.00410195724388005	NA	0.00285687914614722	NA	NA	NA
PWY-5837	40	40	NA	0.00410195724388005	NA	0.00285687914614722	NA	NA	NA
PWY-5838	40	40	NA	0.00642957289886955	NA	0.00374239283384931	NA	NA	NA
PWY-5840	40	40	NA	0.00547575031121385	NA	0.00319974394804364	NA	NA	NA
PWY-5845	40	40	NA	0.00548265430590762	NA	0.0034776943913413	NA	NA	NA
PWY-5850	40	40	NA	0.00368015481504169	NA	0.0039672463496758	NA	NA	NA
PWY-5855	40	40	NA	0.00131072297141952	NA	0.00220043310323755	NA	NA	NA
PWY-5856	40	40	NA	0.00131072297141952	NA	0.00220043310323755	NA	NA	NA
PWY-5857	40	40	NA	0.00131072297141952	NA	0.00220043310323755	NA	NA	NA
PWY-5860	40	40	NA	0.0031739698423736	NA	0.00355507814515434	NA	NA	NA
PWY-5861	40	40	NA	0.00557905392403497	NA	0.00348601886246953	NA	NA	NA
PWY-5862	40	40	NA	0.00470870774971044	NA	0.00317963911540364	NA	NA	NA
PWY-5863	40	40	NA	0.00415821479340426	NA	0.00276894797812529	NA	NA	NA
PWY-5870	40	40	NA	9.02716481959125e-06	NA	5.70928032873027e-05	NA	NA	NA
PWY-5871	40	40	NA	8.10162190046128e-06	NA	5.12391558939192e-05	NA	NA	NA
PWY-5872	40	40	NA	0	NA	0	NA	NA	NA
PWY-5873	40	40	NA	8.10162190046128e-06	NA	5.12391558939192e-05	NA	NA	NA
PWY-5896	40	40	NA	0.00368015481504169	NA	0.0039672463496758	NA	NA	NA
PWY-5897	40	40	NA	0.00621310723573044	NA	0.00371741216482845	NA	NA	NA
PWY-5898	40	40	NA	0.00621310723573044	NA	0.00371741216482845	NA	NA	NA
PWY-5899	40	40	NA	0.00621310723573044	NA	0.00371741216482845	NA	NA	NA
PWY-5910	40	40	NA	0.00171829414440023	NA	0.00193563473105264	NA	NA	NA
PWY-5913	40	40	NA	0.00866444358095333	NA	0.00359332516730917	NA	NA	NA
PWY-5918	40	40	NA	0.00391282706124813	NA	0.00326160186503937	NA	NA	NA
PWY-5920	40	40	NA	0.00237589493687037	NA	0.00272490669259827	NA	NA	NA
PWY-5941	40	40	NA	0.0074811478494155	NA	0.00319407661561901	NA	NA	NA
PWY-5971	40	40	NA	0.00870705753100152	NA	0.00515908208408497	NA	NA	NA
PWY-5973	40	40	NA	0.0181452675182806	NA	0.00168603541603186	NA	NA	NA
PWY-5989	40	40	NA	0.00997609582011308	NA	0.00326047829181213	NA	NA	NA
PWY-5994	40	40	NA	0.00325369993240148	NA	0.00339188862896689	NA	NA	NA
PWY-6071	40	40	NA	0.000217935499580343	NA	0.000816515452821073	NA	NA	NA
PWY-6107	40	40	NA	5.12567362160489e-05	NA	0.000213670656224759	NA	NA	NA
PWY-6113	40	40	NA	0.00682122884819432	NA	0.00468127159903152	NA	NA	NA
PWY-6121	40	40	NA	0.0205131965047829	NA	0.00149689194055538	NA	NA	NA
PWY-6122	40	40	NA	0.0213638768410613	NA	0.00222692959963576	NA	NA	NA
PWY-6123	40	40	NA	0.0184352132679391	NA	0.00180681160330343	NA	NA	NA
PWY-6124	40	40	NA	0.0179142546176353	NA	0.00201649268479822	NA	NA	NA
PWY-6125	40	40	NA	0.0165406144007743	NA	0.00208395478665861	NA	NA	NA
PWY-6126	40	40	NA	0.0194587239097716	NA	0.00159859951111749	NA	NA	NA
PWY-6138	40	40	NA	0.000176263267755411	NA	0.000451845110307114	NA	NA	NA
PWY-6143	40	40	NA	0.00189011567018517	NA	0.00256089288209193	NA	NA	NA
PWY-6145	40	40	NA	0	NA	0	NA	NA	NA
PWY-6147	40	40	NA	0.0153345715942992	NA	0.0031598884874983	NA	NA	NA
PWY-6148	40	40	NA	0	NA	0	NA	NA	NA
PWY-6151	40	40	NA	0.020754473665281	NA	0.00257155662759681	NA	NA	NA
PWY-6163	40	40	NA	0.0212526238757968	NA	0.00188821637681792	NA	NA	NA
PWY-6165	40	40	NA	0.000156335542995997	NA	0.000483307272471385	NA	NA	NA
PWY-6167	40	40	NA	0.000387606069147584	NA	0.00113181849443036	NA	NA	NA
PWY-6168	40	40	NA	0.0166487739781322	NA	0.00193836429941079	NA	NA	NA
PWY-6174	40	40	NA	0.000160760491061599	NA	0.000541358157889158	NA	NA	NA
PWY-6182	40	40	NA	0.000535860792821457	NA	0.00136201663563811	NA	NA	NA
PWY-6185	40	40	NA	0.000676613834423665	NA	0.00173972836607109	NA	NA	NA
PWY-6210	40	40	NA	0.000187157954058493	NA	0.000568763594103137	NA	NA	NA
PWY-6215	40	40	NA	0.00018301308080419	NA	0.000595223241304066	NA	NA	NA
PWY-621	40	40	NA	0.00978395829513677	NA	0.00288843180562382	NA	NA	NA
PWY-622	40	40	NA	0.00436478785442752	NA	0.00292479651592598	NA	NA	NA
PWY-6263	40	40	NA	0.00274192948384871	NA	0.00223104282771188	NA	NA	NA
PWY-6269	40	40	NA	0	NA	0	NA	NA	NA
PWY-6270	40	40	NA	0.00628536061148155	NA	0.00340313937827519	NA	NA	NA
PWY-6277	40	40	NA	0.0213638768410613	NA	0.00222692959963576	NA	NA	NA
PWY-6281	40	40	NA	0	NA	0	NA	NA	NA
PWY-6282	40	40	NA	0.0100812114785819	NA	0.00352677195107725	NA	NA	NA
PWY-6284	40	40	NA	0.00474740718763267	NA	0.00379614987961273	NA	NA	NA
PWY-6285	40	40	NA	0.00445627039838764	NA	0.00467304239826343	NA	NA	NA
PWY-6305	40	40	NA	0.0116682882538	NA	0.002866501931705	NA	NA	NA
PWY-6307	40	40	NA	0	NA	0	NA	NA	NA
PWY-6309	40	40	NA	0	NA	0	NA	NA	NA
PWY-6313	40	40	NA	0	NA	0	NA	NA	NA
PWY-6317	40	40	NA	0.0151454958067449	NA	0.00213249215462787	NA	NA	NA
PWY-6318	40	40	NA	0.00222664816452085	NA	0.00237649535920898	NA	NA	NA
PWY-6344	40	40	NA	0	NA	0	NA	NA	NA
PWY-6349	40	40	NA	0.000229627583990294	NA	0.000742344907116538	NA	NA	NA
PWY-6350	40	40	NA	0	NA	0	NA	NA	NA
PWY-6351	40	40	NA	0	NA	0	NA	NA	NA
PWY-6352	40	40	NA	0	NA	0	NA	NA	NA
PWY-6353	40	40	NA	0.0100080965318014	NA	0.00295334624344998	NA	NA	NA
PWY-6385	40	40	NA	0.0222734484352544	NA	0.00218554765941592	NA	NA	NA
PWY-6386	40	40	NA	0.0224980562861202	NA	0.00235431933994223	NA	NA	NA
PWY-6387	40	40	NA	0.0225224413599284	NA	0.00234551732714858	NA	NA	NA
PWY-6396	40	40	NA	0.000490680706860716	NA	0.00122928338827256	NA	NA	NA
PWY-6415	40	40	NA	0.000763848224191991	NA	0.00116047753252973	NA	NA	NA
PWY-6435	40	40	NA	0.000797902982868499	NA	0.00124065869042887	NA	NA	NA
PWY-6467	40	40	NA	4.47009314298646e-05	NA	0.000282713513698759	NA	NA	NA
PWY-6470	40	40	NA	0.00874295699641102	NA	0.00317959018759839	NA	NA	NA
PWY-6471	40	40	NA	0.0114729052088054	NA	0.00334706303907589	NA	NA	NA
PWY-6478	40	40	NA	0.0014318698433644	NA	0.00148774178938827	NA	NA	NA
PWY-6507	40	40	NA	0.00767681687915877	NA	0.00191695000065879	NA	NA	NA
PWY-6519	40	40	NA	0.0100524309959078	NA	0.00307982467734013	NA	NA	NA
PWY-6524	40	40	NA	0	NA	0	NA	NA	NA
PWY-6527	40	40	NA	0.0143483636874081	NA	0.00254276553873898	NA	NA	NA
PWY-6531	40	40	NA	0.00378575905009686	NA	0.00254001616380621	NA	NA	NA
PWY-6545	40	40	NA	0.0116661368467873	NA	0.00206116590453236	NA	NA	NA
PWY-6549	40	40	NA	0.00686994034238459	NA	0.00168089115283847	NA	NA	NA
PWY-6562	40	40	NA	0.000537974121422015	NA	0.00107007079620499	NA	NA	NA
PWY-6565	40	40	NA	0	NA	0	NA	NA	NA
PWY-6572	40	40	NA	0.00283748036832137	NA	0.00164979546970401	NA	NA	NA
PWY-6588	40	40	NA	0.00499667185857686	NA	0.00198259283447273	NA	NA	NA
PWY-6590	40	40	NA	0.00589138626561832	NA	0.00153509501365325	NA	NA	NA
PWY-6595	40	40	NA	0.00323023347038365	NA	0.00107799292369536	NA	NA	NA
PWY-6596	40	40	NA	0	NA	0	NA	NA	NA
PWY-6598	40	40	NA	0	NA	0	NA	NA	NA
PWY-6606	40	40	NA	0.00744123483123031	NA	0.00268868546850032	NA	NA	NA
PWY-6608	40	40	NA	0.0104503836414782	NA	0.00284745560205052	NA	NA	NA
PWY-6609	40	40	NA	0.0224549269333671	NA	0.00195186599235296	NA	NA	NA
PWY-6612	40	40	NA	0.00593107465013769	NA	0.00306547936984148	NA	NA	NA
PWY-6628	40	40	NA	0.00595014916049162	NA	0.00448565788895334	NA	NA	NA
PWY-6629	40	40	NA	0.00474851983254012	NA	0.00469589005056703	NA	NA	NA
PWY-6630	40	40	NA	0.00415374954884013	NA	0.00355155744537906	NA	NA	NA
PWY-6641	40	40	NA	0	NA	0	NA	NA	NA
PWY-6654	40	40	NA	0	NA	0	NA	NA	NA
PWY-6660	40	40	NA	0	NA	0	NA	NA	NA
PWY-6662	40	40	NA	0	NA	0	NA	NA	NA
PWY-6690	40	40	NA	0.00126723400423854	NA	0.00247270262151187	NA	NA	NA
PWY-6700	40	40	NA	0.0204860649947101	NA	0.00219608165573712	NA	NA	NA
PWY-6703	40	40	NA	0.0158989831867631	NA	0.00173882657622777	NA	NA	NA
PWY-6708	40	40	NA	0.00131072297141952	NA	0.00220043310323755	NA	NA	NA
PWY-6731	40	40	NA	0.00523056069890233	NA	0.00255962247817558	NA	NA	NA
PWY-6737	40	40	NA	0.0227250860899552	NA	0.00229408727326849	NA	NA	NA
PWY-6748	40	40	NA	4.18013391670255e-05	NA	0.000184883605628207	NA	NA	NA
PWY-6749	40	40	NA	0.00209955959360375	NA	0.00223442559880755	NA	NA	NA
PWY-6785	40	40	NA	0.000196020465517387	NA	0.000544853223411905	NA	NA	NA
PWY-6797	40	40	NA	3.16878316012783e-05	NA	0.0002004114439438	NA	NA	NA
PWY-6803	40	40	NA	0.00304893257545749	NA	0.00358106323668391	NA	NA	NA
PWY-6823	40	40	NA	0.00146622348871878	NA	0.00205204116350918	NA	NA	NA
PWY-6834	40	40	NA	0	NA	0	NA	NA	NA
PWY-6837	40	40	NA	0.00122626857559186	NA	0.00200856909784065	NA	NA	NA
PWY-6859	40	40	NA	0.00727337584428491	NA	0.00247303592364103	NA	NA	NA
PWY-6876	40	40	NA	0.0016971455876905	NA	0.0018092972942893	NA	NA	NA
PWY-6891	40	40	NA	0.00590525537580267	NA	0.00335577458531195	NA	NA	NA
PWY-6892	40	40	NA	0.0136087777115025	NA	0.00196820529534817	NA	NA	NA
PWY-6895	40	40	NA	0.00960263389007963	NA	0.00359987206129439	NA	NA	NA
PWY-6897	40	40	NA	0.0160607210867318	NA	0.00176489195847073	NA	NA	NA
PWY-6901	40	40	NA	0.0124558356121598	NA	0.00191136172966659	NA	NA	NA
PWY-6906	40	40	NA	0.000265975186360957	NA	0.000598060785205501	NA	NA	NA
PWY-6936	40	40	NA	0.0157787755628926	NA	0.00241809836156879	NA	NA	NA
PWY-6953	40	40	NA	0.000509221835390479	NA	0.0010011813799476	NA	NA	NA
PWY-6957	40	40	NA	0	NA	0	NA	NA	NA
PWY-6969	40	40	NA	0.00706594224498438	NA	0.00309838180078052	NA	NA	NA
PWY-6981	40	40	NA	0	NA	0	NA	NA	NA
PWY-6992	40	40	NA	0	NA	0	NA	NA	NA
PWY-7003	40	40	NA	0.00451415809816949	NA	0.00207162274749533	NA	NA	NA
PWY-7007	40	40	NA	1.7398844325085e-05	NA	0.000110039953443927	NA	NA	NA
PWY-7013	40	40	NA	0.00511406760940274	NA	0.00374717504727343	NA	NA	NA
PWY-7031	40	40	NA	0.000184647735954307	NA	0.000562401605960657	NA	NA	NA
PWY-7039	40	40	NA	0.000403108717515827	NA	0.00127134456172081	NA	NA	NA
PWY-7046	40	40	NA	0.00225972901738784	NA	0.00169599774412748	NA	NA	NA
PWY-7090	40	40	NA	3.22042905774403e-05	NA	0.000203677817309221	NA	NA	NA
PWY-7094	40	40	NA	0.00186891702539448	NA	0.00282767035705551	NA	NA	NA
PWY-7111	40	40	NA	0.0233757027120439	NA	0.0018407379246912	NA	NA	NA
PWY-7115	40	40	NA	0.00633187798893376	NA	0.00265535470379794	NA	NA	NA
PWY-7117	40	40	NA	0.00927546584933105	NA	0.00342009700025159	NA	NA	NA
PWY-7118	40	40	NA	0	NA	0	NA	NA	NA
PWY-7124	40	40	NA	0	NA	0	NA	NA	NA
PWY-7159	40	40	NA	0	NA	0	NA	NA	NA
PWY-7165	40	40	NA	0.000545638922375348	NA	0.00189122191064815	NA	NA	NA
PWY-7184	40	40	NA	0.0138556252621786	NA	0.00173001690787365	NA	NA	NA
PWY-7187	40	40	NA	0.0146838833785147	NA	0.00164616327346926	NA	NA	NA
PWY-7196	40	40	NA	0.00781270459034866	NA	0.00239262235556028	NA	NA	NA
PWY-7197	40	40	NA	0.0113495266457243	NA	0.00158919020847377	NA	NA	NA
PWY-7198	40	40	NA	0.00789531668775894	NA	0.00258736672408346	NA	NA	NA
PWY-7199	40	40	NA	0.0187078078337029	NA	0.00176726635594095	NA	NA	NA
PWY-7200	40	40	NA	0.000434197530015361	NA	0.000927733713025317	NA	NA	NA
PWY-7204	40	40	NA	0.00212562176782368	NA	0.00304053267101007	NA	NA	NA
PWY-7208	40	40	NA	0.0146050978085153	NA	0.00209905308391078	NA	NA	NA
PWY-7209	40	40	NA	0.00273416381596962	NA	0.00194033357249564	NA	NA	NA
PWY-7210	40	40	NA	0.0031704810779977	NA	0.00313215000173523	NA	NA	NA
PWY-7211	40	40	NA	0.00890966946734813	NA	0.00237679954869247	NA	NA	NA
PWY-7218	40	40	NA	3.19526450960955e-05	NA	0.000202086271541343	NA	NA	NA
PWY-7219	40	40	NA	0.0233356424230692	NA	0.002457403981853	NA	NA	NA
PWY-7220	40	40	NA	0.0177554162850309	NA	0.00246415634713803	NA	NA	NA
PWY-7221	40	40	NA	0.0227845362481436	NA	0.00226246601487712	NA	NA	NA
PWY-7222	40	40	NA	0.0177554162850309	NA	0.00246415634713803	NA	NA	NA
PWY-7224	40	40	NA	0	NA	0	NA	NA	NA
PWY-7228	40	40	NA	0.0166430992294453	NA	0.0021919313338783	NA	NA	NA
PWY-7229	40	40	NA	0.0203409552734936	NA	0.00140743814631176	NA	NA	NA
PWY-7234	40	40	NA	0.0101544861943211	NA	0.00288450137454662	NA	NA	NA
PWY-7235	40	40	NA	8.10704373417401e-06	NA	5.1273446581173e-05	NA	NA	NA
PWY-7237	40	40	NA	0.0151586099246759	NA	0.00309240061265206	NA	NA	NA
PWY-7238	40	40	NA	0	NA	0	NA	NA	NA
PWY-7242	40	40	NA	0.00798101091534864	NA	0.00185758591381866	NA	NA	NA
PWY-7245	40	40	NA	0.000381585332215229	NA	0.00164074897565921	NA	NA	NA
PWY-724	40	40	NA	0.0189244384931123	NA	0.0013332311510954	NA	NA	NA
PWY-7254	40	40	NA	0.00357355982593857	NA	0.00380529934029001	NA	NA	NA
PWY-7268	40	40	NA	0.000435518310371897	NA	0.00171888875807808	NA	NA	NA
PWY-7269	40	40	NA	0.00113560764368439	NA	0.00238191947095154	NA	NA	NA
PWY-7279	40	40	NA	0.00027195569441479	NA	0.000640460468524261	NA	NA	NA
PWY-7282	40	40	NA	0.0135333779151829	NA	0.00213164030063176	NA	NA	NA
PWY-7283	40	40	NA	0	NA	0	NA	NA	NA
PWY-7286	40	40	NA	0.000277170029105063	NA	0.000822951842431607	NA	NA	NA
PWY-7288	40	40	NA	0.00286208965085436	NA	0.00158159589298999	NA	NA	NA
PWY-7290	40	40	NA	0	NA	0	NA	NA	NA
PWY-7294	40	40	NA	0.000255236570461409	NA	0.00071125829471423	NA	NA	NA
PWY-7312	40	40	NA	0.00236449292412314	NA	0.00276194595778427	NA	NA	NA
PWY-7315	40	40	NA	0.00400155028914036	NA	0.00312975182249742	NA	NA	NA
PWY-7316	40	40	NA	0.00129240367999231	NA	0.00215160107891886	NA	NA	NA
PWY-7317	40	40	NA	4.54368342728166e-05	NA	0.000210177424103763	NA	NA	NA
PWY-7323	40	40	NA	0.00993315467447419	NA	0.0017276827447592	NA	NA	NA
PWY-7328	40	40	NA	0.00540174770560284	NA	0.00273219539039923	NA	NA	NA
PWY-7332	40	40	NA	0.00489730241862653	NA	0.00378255088161205	NA	NA	NA
PWY-7337	40	40	NA	0	NA	0	NA	NA	NA
PWY-7338	40	40	NA	0	NA	0	NA	NA	NA
PWY-7345	40	40	NA	0.000450460695779958	NA	0.00154948261410089	NA	NA	NA
PWY-7347	40	40	NA	0	NA	0	NA	NA	NA
PWY-7357	40	40	NA	0.0162902539601733	NA	0.00189798624580246	NA	NA	NA
PWY-7371	40	40	NA	0.00177575122173736	NA	0.00201471795633179	NA	NA	NA
PWY-7373	40	40	NA	0	NA	0	NA	NA	NA
PWY-7374	40	40	NA	7.27746391174444e-05	NA	0.000342345111870343	NA	NA	NA
PWY-7383	40	40	NA	0.00782772505463377	NA	0.0031822652838439	NA	NA	NA
PWY-7384	40	40	NA	2.05244286242156e-05	NA	0.000129807884252155	NA	NA	NA
PWY-7385	40	40	NA	0.00232924163052282	NA	0.00286040555534147	NA	NA	NA
PWY-7388	40	40	NA	0.00980433722192487	NA	0.0038883860844865	NA	NA	NA
PWY-7389	40	40	NA	2.6637600755812e-05	NA	0.000168470979581177	NA	NA	NA
PWY-7391	40	40	NA	0.000126113495066916	NA	0.000460780904234185	NA	NA	NA
PWY-7392	40	40	NA	0.00538510921615937	NA	0.00250641439824158	NA	NA	NA
PWY-7397	40	40	NA	0	NA	0	NA	NA	NA
PWY-7399	40	40	NA	0.000157547614859528	NA	0.000450472927184807	NA	NA	NA
PWY-7400	40	40	NA	0.0186939950841421	NA	0.00203422815411237	NA	NA	NA
PWY-7409	40	40	NA	0.000518505827488899	NA	0.00153087562703487	NA	NA	NA
PWY-7411	40	40	NA	0	NA	0	NA	NA	NA
PWY-7413	40	40	NA	0	NA	0	NA	NA	NA
PWY-7420	40	40	NA	0	NA	0	NA	NA	NA
PWY-7431	40	40	NA	0	NA	0	NA	NA	NA
PWY-7446	40	40	NA	0.00112581745740604	NA	0.00177269732023322	NA	NA	NA
PWY-7456	40	40	NA	0.00887742898413097	NA	0.00168646827534937	NA	NA	NA
PWY-7527	40	40	NA	0.000101057399539061	NA	0.000639143113914167	NA	NA	NA
PWY-7528	40	40	NA	0	NA	0	NA	NA	NA
PWY-7539	40	40	NA	0.0151835000424736	NA	0.00314104685525282	NA	NA	NA
PWY-7546	40	40	NA	0	NA	0	NA	NA	NA
PWY-7560	40	40	NA	0.00633323336035058	NA	0.00310153930129684	NA	NA	NA
PWY-7616	40	40	NA	0.000614198100095452	NA	0.000852838353486587	NA	NA	NA
PWY-7619	40	40	NA	0	NA	0	NA	NA	NA
PWY-7626	40	40	NA	0	NA	0	NA	NA	NA
PWY-7663	40	40	NA	0.0175297277912261	NA	0.00190759206704683	NA	NA	NA
PWY-7664	40	40	NA	0.0105294148094863	NA	0.00354265363495094	NA	NA	NA
PWY-821	40	40	NA	0.00388384726780708	NA	0.00324198549212624	NA	NA	NA
PWY-841	40	40	NA	0.0174884019406462	NA	0.0016893890033494	NA	NA	NA
PWY-922	40	40	NA	0.00153346555304887	NA	0.00184573138148912	NA	NA	NA
PWY0-1061	40	40	NA	0.00739503283611237	NA	0.003532834236075	NA	NA	NA
PWY0-1241	40	40	NA	0.00614215086713741	NA	0.00201313089842313	NA	NA	NA
PWY0-1261	40	40	NA	0.0125993119317992	NA	0.0023984959454065	NA	NA	NA
PWY0-1277	40	40	NA	0.00152344316515405	NA	0.00279987879177702	NA	NA	NA
PWY0-1296	40	40	NA	0.0172626759055474	NA	0.00215688670983362	NA	NA	NA
PWY0-1297	40	40	NA	0.00789876974393121	NA	0.00348442772612231	NA	NA	NA
PWY0-1298	40	40	NA	0.00616044204211377	NA	0.00321157010857944	NA	NA	NA
PWY0-1319	40	40	NA	0.0202319291529514	NA	0.00120428088261481	NA	NA	NA
PWY0-1338	40	40	NA	0.00141724284825542	NA	0.002788355745926	NA	NA	NA
PWY0-1415	40	40	NA	0.00320629777144594	NA	0.00272132853204348	NA	NA	NA
PWY0-1479	40	40	NA	0.00740760020440246	NA	0.00286412354657011	NA	NA	NA
PWY0-1533	40	40	NA	0.000599170182092669	NA	0.00120996964942125	NA	NA	NA
PWY0-1586	40	40	NA	0.0208437229265157	NA	0.00298313361948331	NA	NA	NA
PWY0-162	40	40	NA	0.0130250858898671	NA	0.00178188430453782	NA	NA	NA
PWY0-166	40	40	NA	0.0149846559644934	NA	0.00160977051947334	NA	NA	NA
PWY0-321	40	40	NA	0.000201749541925453	NA	0.000753694140257096	NA	NA	NA
PWY0-41	40	40	NA	0.00077664535568188	NA	0.00155247399162757	NA	NA	NA
PWY0-42	40	40	NA	0.00164071914323216	NA	0.00249887025109864	NA	NA	NA
PWY0-781	40	40	NA	0.00825755692805867	NA	0.0033564928223429	NA	NA	NA
PWY0-845	40	40	NA	0.0121101938076297	NA	0.00283315521074113	NA	NA	NA
PWY0-862	40	40	NA	0.0100677530577559	NA	0.00353303501160919	NA	NA	NA
PWY0-881	40	40	NA	0.00181123126872431	NA	0.00269922282418493	NA	NA	NA
PWY1F-823	40	40	NA	6.04168821215686e-05	NA	0.00018931902379889	NA	NA	NA
PWY1G-0	40	40	NA	0.000523306651379782	NA	0.000938689730199879	NA	NA	NA
PWY3DJ-35471	40	40	NA	0.00128470888100151	NA	0.00256873289910295	NA	NA	NA
PWY3O-1109	40	40	NA	9.90885791380006e-05	NA	0.000356196839577365	NA	NA	NA
PWY3O-19	40	40	NA	0	NA	0	NA	NA	NA
PWY3O-355	40	40	NA	0.00166570688573247	NA	0.00213262500584004	NA	NA	NA
PWY490-3	40	40	NA	0.000935606566200739	NA	0.000842762100568797	NA	NA	NA
PWY4FS-7	40	40	NA	0.0126068131429173	NA	0.00293274474905143	NA	NA	NA
PWY4FS-8	40	40	NA	0.0126056720077147	NA	0.0029315293401051	NA	NA	NA
PWY4LZ-257	40	40	NA	0.00502875497659118	NA	0.00319197491631372	NA	NA	NA
PWY5F9-12	40	40	NA	0.000283708780581366	NA	0.00115638549102079	NA	NA	NA
PWY66-367	40	40	NA	0.000982495029108436	NA	0.000961820349085035	NA	NA	NA
PWY66-388	40	40	NA	0.000436987387477645	NA	0.000875403013996797	NA	NA	NA
PWY66-389	40	40	NA	0.00218128561347945	NA	0.00243469001432321	NA	NA	NA
PWY66-391	40	40	NA	0.00344319059297439	NA	0.00174603785496531	NA	NA	NA
PWY66-398	40	40	NA	0.00273386649295832	NA	0.00181405273932594	NA	NA	NA
PWY66-399	40	40	NA	0.008838606116069	NA	0.00275642668390018	NA	NA	NA
PWY66-400	40	40	NA	0.0144240119904221	NA	0.00278289819103443	NA	NA	NA
PWY66-409	40	40	NA	0.0105045380605937	NA	0.00354450229176134	NA	NA	NA
PWY66-422	40	40	NA	0.0160499812593232	NA	0.00218789531819585	NA	NA	NA
PWYG-321	40	40	NA	0.0107392488230449	NA	0.0037097795350618	NA	NA	NA
PYRIDNUCSAL-PWY	40	40	NA	0.00793437109713588	NA	0.00378630602926228	NA	NA	NA
PYRIDNUCSYN-PWY	40	40	NA	0.017806186574423	NA	0.0014855226255196	NA	NA	NA
PYRIDOXSYN-PWY	40	40	NA	0.0113600431639992	NA	0.00292829603739176	NA	NA	NA
REDCITCYC	40	40	NA	0.00234453529735219	NA	0.00221278781830962	NA	NA	NA
RHAMCAT-PWY	40	40	NA	0.0117606174576677	NA	0.00211177418658446	NA	NA	NA
RIBOSYN2-PWY	40	40	NA	0.0191887211909245	NA	0.00249057407603832	NA	NA	NA
RUMP-PWY	40	40	NA	0.00137950140336617	NA	0.00152017233866351	NA	NA	NA
SALVADEHYPOX-PWY	40	40	NA	0.00861375524427611	NA	0.00347065093377279	NA	NA	NA
SER-GLYSYN-PWY	40	40	NA	0.016713771381505	NA	0.00115399567650425	NA	NA	NA
SO4ASSIM-PWY	40	40	NA	0.00549458067360178	NA	0.00437428324337472	NA	NA	NA
SPHINGOLIPID-SYN-PWY	40	40	NA	0	NA	0	NA	NA	NA
SUCSYN-PWY	40	40	NA	0	NA	0	NA	NA	NA
SULFATE-CYS-PWY	40	40	NA	0.00676469290462837	NA	0.00441398784553581	NA	NA	NA
TCA-GLYOX-BYPASS	40	40	NA	0.00386638947383267	NA	0.00446512698123516	NA	NA	NA
TCA	40	40	NA	0.00904069470524896	NA	0.00316973968009766	NA	NA	NA
TEICHOICACID-PWY	40	40	NA	0.00780261837701217	NA	0.00171549195691783	NA	NA	NA
THISYN-PWY	40	40	NA	0.0156463411771371	NA	0.00131258517670433	NA	NA	NA
THISYNARA-PWY	40	40	NA	0.0156755050759492	NA	0.00209053585234792	NA	NA	NA
THREOCAT-PWY	40	40	NA	0.00105067243783011	NA	0.00245803153800063	NA	NA	NA
THRESYN-PWY	40	40	NA	0.0182573837396136	NA	0.00136215360769497	NA	NA	NA
TRIGLSYN-PWY	40	40	NA	0	NA	0	NA	NA	NA
TRNA-CHARGING-PWY	40	40	NA	0.0222261983932687	NA	0.00194061723276519	NA	NA	NA
TRPSYN-PWY	40	40	NA	0.0148523220532345	NA	0.00194978079445743	NA	NA	NA
TYRFUMCAT-PWY	40	40	NA	0	NA	0	NA	NA	NA
UBISYN-PWY	40	40	NA	0.00136217564352282	NA	0.00227614847064256	NA	NA	NA
UDPNACETYLGALSYN-PWY	40	40	NA	0.000222590996576154	NA	0.000474272609284235	NA	NA	NA
UDPNAGSYN-PWY	40	40	NA	0.0133170235422366	NA	0.00246913226627436	NA	NA	NA
UNINTEGRATED	40	40	NA	1.08336291003901	NA	0.0575300986048022	NA	NA	NA
UNMAPPED	40	40	NA	0.424685875880219	NA	0.0599963549174922	NA	NA	NA
URDEGR-PWY	40	40	NA	0.000429923615035579	NA	0.0011501107415266	NA	NA	NA
URSIN-PWY	40	40	NA	0.000331631829243284	NA	0.00125055156394028	NA	NA	NA
VALDEG-PWY	40	40	NA	0	NA	0	NA	NA	NA
VALSYN-PWY	40	40	NA	0.0233390700047504	NA	0.00184451692729345	NA	NA	NA
