len_control	len_case	mean_control	mean_case	sd_control	sd_case	cohen.d	lower	upper
1CMET2-PWY	28	32	0.0215019133148058	0.0217047560816465	0.00127791425152436	0.00134333708657799	-0.154454239488079	-0.673216179932789	0.364307700956631
3-HYDROXYPHENYLACETATE-DEGRADATION-PWY	28	32	0.000156050302378453	0.000536479395747891	0.000490817690148122	0.00093399756047941	-0.50021794051569	-1.02621443421115	0.0257785531797704
7ALPHADEHYDROX-PWY	28	32	0.000100191213486171	0	0.000375722582361584	0	0.390835903635306	-0.132057858359706	0.913729665630318
AEROBACTINSYN-PWY	28	32	0.000157500738075586	0.000208713594155592	0.000398472413337273	0.000575695476163441	-0.102210061952176	-0.620540274277744	0.416120150373392
ALL-CHORISMATE-PWY	28	32	0	0	0	0	NA	NA	NA
ALLANTOINDEG-PWY	28	32	0.00116915787805528	0.00137863780429562	0.00137912648028415	0.00132323070940561	-0.155223298842155	-0.673992903941206	0.363546306256897
ANAEROFRUCAT-PWY	28	32	0.0179213338604049	0.0177274066404817	0.00132244732355874	0.0013148299541468	0.147094924972852	-0.371595590248147	0.665785440193851
ANAGLYCOLYSIS-PWY	28	32	0.0208385221239967	0.0202639705200767	0.00143211805400968	0.0011769240538666	0.441297782667968	-0.0829349827238048	0.965530548059741
ARG+POLYAMINE-SYN	28	32	0.00808792189475818	0.00933237446938415	0.00204498493919184	0.00288985642523501	-0.491514416610191	-1.0172368701341	0.0342080369137187
ARGDEG-PWY	28	32	0.000730031218396445	0.00148298871849559	0.00134159296329429	0.00180918603941464	-0.468107660005572	-0.993116317385649	0.0569009973745047
ARGININE-SYN4-PWY	28	32	0.0109406017871312	0.00887289597139164	0.00264978681911515	0.00301177296718108	0.725768083560088	0.191066740459604	1.26046942666057
ARGORNPROST-PWY	28	32	0.00486246927505746	0.00520123074173687	0.00168262372211336	0.00157735984723998	-0.208185545087691	-0.727574195792904	0.311203105617521
ARGSYN-PWY	28	32	0.0232085120817472	0.0236557396279481	0.00219008341557924	0.00195537698381624	-0.216265764739704	-0.735764647227175	0.303233117747767
ARGSYNBSUB-PWY	28	32	0.0232246109774829	0.0236174169473329	0.00229217124838391	0.00206349792274971	-0.180771230555574	-0.699817015616531	0.338274554505383
ARO-PWY	28	32	0.0235608068191554	0.0237217057826994	0.00160182760223209	0.00152974623362228	-0.102895340548913	-0.621230080079588	0.415439398981761
ASPASN-PWY	28	32	0.0150293129535905	0.0143009890622935	0.00225556909716558	0.00149646085937919	0.385724961594064	-0.137042061494827	0.908491984682955
AST-PWY	28	32	0.000725583866743145	0.00125603621107947	0.00155309412010652	0.00163708835962753	-0.331836191376742	-0.853366819552323	0.189694436798839
BIOTIN-BIOSYNTHESIS-PWY	28	32	0.00821874402507445	0.00850957875866011	0.00248374160415058	0.00253203639532555	-0.115885649711491	-0.634311921617609	0.402540622194627
BRANCHED-CHAIN-AA-SYN-PWY	28	32	0.0241453073597759	0.0240716933211502	0.00136941898463127	0.0015120308230057	0.0508597903749895	-0.4672171854458	0.568936766195779
CALVIN-PWY	28	32	0.022488299659881	0.02258885696254	0.00148911508620951	0.00154283866884158	-0.0662404041459405	-0.584375417238575	0.451894608946695
CATECHOL-ORTHO-CLEAVAGE-PWY	28	32	6.23235157200488e-05	0.000193327518114646	0.000329785046852947	0.000652681559478485	-0.248322678868735	-0.768299970967635	0.271654613230165
CENTFERM-PWY	28	32	0.00624494711588083	0.00695908974739902	0.00167635127328982	0.00107417310255618	-0.514733424178731	-1.04119732496925	0.0117304766117901
CITRULBIO-PWY	28	32	0.0120608235851014	0.0102410446072674	0.00257219051218547	0.00320696029757316	0.621375403451096	0.091083275358643	1.15166753154355
COA-PWY-1	28	32	0.0231078088168729	0.0235918760016369	0.0013752974959291	0.00155663822608924	-0.328181771552541	-0.849635181318861	0.193271638213779
COA-PWY	28	32	0.0207378892005909	0.0211229220106488	0.00130055371537821	0.00136158917575825	-0.288733383499093	-0.809407037947658	0.231940270949472
COBALSYN-PWY	28	32	0.0147894934891634	0.0142651331125904	0.00197688186278774	0.00171470581041786	0.284761336964709	-0.235839270390836	0.805361944320254
CODH-PWY	28	32	0	0	0	0	NA	NA	NA
COLANSYN-PWY	28	32	0.0111726896392567	0.010795738541695	0.00147101269152463	0.00145882922775597	0.257389986893705	-0.262734512955168	0.777514486742579
COMPLETE-ARO-PWY	28	32	0.0230021460888891	0.0230552019772491	0.00150788297983648	0.00155087201585612	-0.0346541737176051	-0.552686489267669	0.483378141832459
CRNFORCAT-PWY	28	32	0.000173533536898985	0.000435364462516928	0.00044593500291544	0.000869435620314257	-0.371551342832243	-0.893975468901416	0.150872783236931
DAPLYSINESYN-PWY	28	32	0.0106281915315327	0.0106942352647189	0.00287318522220735	0.00282402635047018	-0.0231975258780744	-0.541208480500384	0.494813428744235
DENITRIFICATION-PWY	28	32	4.86103562128385e-05	2.02146589309832e-05	0.000257221827362869	0.000114351379275771	0.146072821930365	-0.372608048319658	0.664753692180388
DENOVOPURINE2-PWY	28	32	0.0158618286497748	0.0162492762355435	0.00178242059054402	0.00173697420561949	-0.220356470157533	-0.739912749721073	0.299199809406007
DHGLUCONATE-PYR-CAT-PWY	28	32	4.71849939443779e-05	0	0.000249679519181825	0	0.276982989946272	-0.243477473534175	0.797443453426719
DTDPRHAMSYN-PWY	28	32	0.0254019026401727	0.0245926474839244	0.00220763237057192	0.00199756303777887	0.385732043643622	-0.13703515392973	0.908499241216973
ECASYN-PWY	28	32	0.000459624341244073	0.00109995254289319	0.00078344505712187	0.00148669272042653	-0.528660680035422	-1.05558520816234	-0.00173615190850385
ENTBACSYN-PWY	28	32	0.00199114955044377	0.00309029714048224	0.00315205333080998	0.00335010628575641	-0.337223209109126	-0.858869203741662	0.18442278552341
FAO-PWY	28	32	0.00521812783873852	0.00623466640210557	0.00228124095365235	0.00239289770531633	-0.434124686838705	-0.958157430424139	0.0899080567467289
FASYN-ELONG-PWY	28	32	0.00837709393794786	0.0090308958088098	0.00313641218038975	0.00313034995831706	-0.208670816887209	-0.728065969946837	0.31072433617242
FASYN-INITIAL-PWY	28	32	0.00735237068301029	0.00819868121456678	0.00332239495501564	0.00356987758732802	-0.244819533379208	-0.764741354801326	0.27510228804291
FERMENTATION-PWY	28	32	0.00948945982882427	0.00978486189280688	0.00293715358995856	0.00223558393748117	-0.114232822524975	-0.632646845692058	0.404181200642108
FOLSYN-PWY	28	32	0.00592976161703125	0.00594298657576387	0.00247216406854845	0.00218906101970977	-0.00568780551320081	-0.523682458965475	0.512306847939074
FUC-RHAMCAT-PWY	28	32	0.00704564144320516	0.00648018213666127	0.00154350272095162	0.0018780206037632	0.326786930242816	-0.194637228818289	0.84821108930392
FUCCAT-PWY	28	32	0.00564930382333834	0.00580037657769102	0.00170917413352223	0.00197254300057955	-0.0814584493869416	-0.599665882230715	0.436748983456831
GALACT-GLUCUROCAT-PWY	28	32	0.00835413285309152	0.00788640216428587	0.00185270743592471	0.00171812268727752	0.262469368688015	-0.257739882848065	0.782678620224096
GALACTARDEG-PWY	28	32	0.00253932029600735	0.00304847739758316	0.00275541799875534	0.00259708083579751	-0.190555870347447	-0.709718508783337	0.328606768088443
GALACTUROCAT-PWY	28	32	0.00774717193057385	0.00735827363785801	0.00189224143663754	0.00164095771163878	0.220664347637002	-0.298896295044093	0.740224990318097
GALLATE-DEGRADATION-I-PWY	28	32	0	0	0	0	NA	NA	NA
GALLATE-DEGRADATION-II-PWY	28	32	0	0	0	0	NA	NA	NA
GLCMANNANAUT-PWY	28	32	0.0108522575884626	0.00993141557125444	0.001796979820878	0.00139324707986678	0.577705432802067	0.0490644570940562	1.10634640851008
GLUCARDEG-PWY	28	32	0.00204802856314366	0.00256102469796716	0.00189227078030587	0.00198399195542724	-0.264181357587633	-0.784419544411468	0.256056829236201
GLUCARGALACTSUPER-PWY	28	32	0.00253932029600735	0.00304847739758316	0.00275541799875534	0.00259708083579751	-0.190555870347447	-0.709718508783337	0.328606768088443
GLUCONEO-PWY	28	32	0.0153836078869953	0.015059810322667	0.00113773962628656	0.00154502808847959	0.236250453948772	-0.283538977831786	0.75603988572933
GLUCOSE1PMETAB-PWY	28	32	0.00558865668709482	0.00562603332120275	0.00288700231185708	0.00261133190584431	-0.01362564229952	-0.531625236912172	0.504373952313132
GLUCUROCAT-PWY	28	32	0.00905105501423734	0.00850240099206083	0.00204064737314289	0.00175675462696997	0.289647598548904	-0.231043010361921	0.810338207459729
GLUDEG-I-PWY	28	32	0.00443886734204957	0.00481554101540295	0.00195807251464498	0.00134080218778894	-0.227321305897311	-0.746977768976861	0.292335157182239
GLUTORN-PWY	28	32	0.021722662891116	0.0216324724000113	0.00208715276696183	0.00201392080478264	0.0440310741976103	-0.474025019615549	0.562087168010769
GLYCOCAT-PWY	28	32	0.00761858576948904	0.00729335686651018	0.00383090625086752	0.00346925415395969	0.0892975784096082	-0.428952978179378	0.607548134998595
GLYCOGENSYNTH-PWY	28	32	0.0212461646706698	0.0211099034753672	0.00227961537159	0.00253230026874121	0.05635382044156	-0.461742136988533	0.574449777871653
GLYCOL-GLYOXDEG-PWY	28	32	0.000563383691690843	0.00115616882401426	0.001064779832907	0.00113288784440552	-0.538060934309767	-1.06530308089445	-0.0108187877250867
GLYCOLYSIS-E-D	28	32	0.00980189917381489	0.00988748071010703	0.00204192817659698	0.00188667374146743	-0.0436534139125167	-0.561708440534878	0.474401612709844
GLYCOLYSIS-TCA-GLYOX-BYPASS	28	32	0.00265181711560498	0.00436248064016977	0.0035164275680898	0.003510078813424	-0.486947379081455	-1.01252790238454	0.0386331442216316
GLYCOLYSIS	28	32	0.0155979669439501	0.0156724474190767	0.00191138448788971	0.00195731471563136	-0.0384699494527101	-0.556511257435864	0.479571358530444
GLYOXYLATE-BYPASS	28	32	0.00190970890777791	0.00316930120743688	0.00261136935818598	0.00256523968822943	-0.486927639949918	-1.01250755261113	0.0386522727112978
GOLPDLCAT-PWY	28	32	0.0059264156833987	0.00588444674831412	0.00123097012641648	0.00123983928278364	0.0339631854258473	-0.4840676020558	0.551993972907494
HCAMHPDEG-PWY	28	32	0.000490581882766924	0.00085144414075428	0.000788514000021453	0.00114300645570438	-0.363098622645686	-0.885324262402573	0.159127017111202
HEME-BIOSYNTHESIS-II	28	32	0.00224741275624954	0.00294585483082577	0.00219139683566023	0.00178434210748713	-0.351993186800073	-0.87396488185884	0.169978508258693
HEMESYN2-PWY	28	32	0.00417941591822891	0.00450980401131464	0.00178870480848419	0.001462215174534	-0.203642056506742	-0.72297055772774	0.315686444714256
HEXITOLDEGSUPER-PWY	28	32	0.0110621146775504	0.0112264762034893	0.00225669933384964	0.0015913828292996	-0.0851681223373562	-0.603395469351721	0.433059224677009
HISDEG-PWY	28	32	0.00975098038923514	0.0100838167431675	0.00255901132962458	0.00236128176681768	-0.135557769543313	-0.654143310741777	0.38302777165515
HISTSYN-PWY	28	32	0.0204914042672895	0.0202569959152862	0.00118723206125595	0.00146217069589311	0.174773528821937	-0.344203660601086	0.693750718244959
HOMOSER-METSYN-PWY	28	32	0.00884440001043152	0.00865449894111523	0.0018817486879267	0.00181700789277057	0.102792129007374	-0.415541926737004	0.621126184751753
HSERMETANA-PWY	28	32	0.0183870411727618	0.0181942895515827	0.00147589577995604	0.0020030256150694	0.108458274115104	-0.409914334228858	0.626830882459066
ILEUDEG-PWY	28	32	0	0	0	0	NA	NA	NA
ILEUSYN-PWY	28	32	0.0267969760024248	0.0264824052033278	0.00163385313132569	0.00162598210765442	0.193029557726636	-0.326163593718738	0.712222709172009
KDO-NAGLIPASYN-PWY	28	32	0.000527881596449478	0.0010143717157858	0.000994259029750077	0.00117745645728043	-0.443881463457072	-0.968187058809327	0.080424131895183
KETOGLUCONMET-PWY	28	32	0.00160140995056444	0.00202863742179697	0.00284290769933811	0.00199681165299394	-0.175983910147311	-0.694974757014827	0.343006936720206
LACTOSECAT-PWY	28	32	0.00811771021460015	0.00849635273541498	0.00214216697790049	0.00169485318163114	-0.197608902324777	-0.716859573870709	0.321641769221155
LEU-DEG2-PWY	28	32	0	0	0	0	NA	NA	NA
LIPASYN-PWY	28	32	4.09372522111116e-05	8.32456595057868e-05	0.000216619577417861	0.000279214833347472	-0.167878980050881	-0.686780165268992	0.35102220516723
LPSSYN-PWY	28	32	0.0004561666784473	0.000917752091083073	0.0010923449784907	0.00127103321481544	-0.387499372311073	-0.910310210883098	0.135311466260952
LYSINE-AMINOAD-PWY	28	32	0	0	0	0	NA	NA	NA
LYSINE-DEG1-PWY	28	32	0	0	0	0	NA	NA	NA
MET-SAM-PWY	28	32	0.01209414613253	0.0119089892308123	0.00202502524419684	0.00209722232090316	0.0897109504490983	-0.428541989931946	0.607963890830142
METH-ACETATE-PWY	28	32	0.0108403119728471	0.0101394337049124	0.00202245045788793	0.00205912798420973	0.343208433095989	-0.178567886948986	0.864984753140963
METHANOGENESIS-PWY	28	32	0.000534083806760992	0.00216066768305913	0.00116933880436645	0.00213014007695805	-0.929591809633417	-1.47472626220987	-0.38445735705696
METHGLYUT-PWY	28	32	0.00309065073836407	0.0032210115840119	0.00191901290685164	0.00175763278954443	-0.0710597281479254	-0.589216061845739	0.447096605549888
METHYLGALLATE-DEGRADATION-PWY	28	32	0	0	0	0	NA	NA	NA
METSYN-PWY	28	32	0.011566141035599	0.0113725063008931	0.00203671895112955	0.0020923487695437	0.0936955066848221	-0.424580975366193	0.611971988735837
NAD-BIOSYNTHESIS-II	28	32	0.0041490497447704	0.00461855505894976	0.00221776756126783	0.00151961474663647	-0.250109141643453	-0.77011502266161	0.269896739374705
NADSYN-PWY	28	32	0	0	0	0	NA	NA	NA
NAGLIPASYN-PWY	28	32	0.00673100860533598	0.006582270274457	0.00248258988958969	0.00213259247563876	0.0646084024479355	-0.453519729754327	0.582736534650198
NONMEVIPP-PWY	28	32	0.0114147794307933	0.00979982730861043	0.00449351646369588	0.00461759280766751	0.354136508721944	-0.167883592327718	0.876156609771606
NONOXIPENT-PWY	28	32	0.0186375524990993	0.0188013531575487	0.0016689212569913	0.00251497537353329	-0.0757390411632136	-0.5939175072732	0.442439424946773
OANTIGEN-PWY	28	32	0.0176592810912707	0.018458767005528	0.00137208266367707	0.00219968095135671	-0.429648982167884	-0.953558543447561	0.0942605791117934
ORNARGDEG-PWY	28	32	0.000730031218396445	0.00148298871849559	0.00134159296329429	0.00180918603941464	-0.468107660005572	-0.993116317385649	0.0569009973745047
ORNDEG-PWY	28	32	0.00155348429182511	0.00263901948737914	0.00303161572673671	0.002926192245679	-0.364795853382064	-0.887060986948072	0.157469280183944
P101-PWY	28	32	0	0	0	0	NA	NA	NA
P105-PWY	28	32	0.00226575185693525	0.00355989028790289	0.00295217303087063	0.0030402118309301	-0.431444232123749	-0.955403053206827	0.0925145889593279
P108-PWY	28	32	0.00525266120568665	0.00543490156328835	0.00140705493751188	0.00149306936927889	-0.125366435619463	-0.643866360770971	0.393133489532045
P122-PWY	28	32	0.000945292532449305	0.00150987806544557	0.00165883028030538	0.00176084058459504	-0.3293756210603	-0.850854164246988	0.192102922126387
P124-PWY	28	32	0.00637754390779229	0.00573518259782103	0.00331059016199417	0.00319671909631278	0.197635988535551	-0.321615027226838	0.716887004297941
P125-PWY	28	32	0.0021428486250037	0.00239412172321392	0.00222846748309933	0.00158783447700389	-0.131354437944062	-0.649903858860369	0.387194982972244
P161-PWY	28	32	0.00339616498687987	0.00391215869568028	0.00155505365561989	0.00196093253249251	-0.289312453460907	-0.809996840821235	0.231371933899422
P162-PWY	28	32	0.00154682738664116	0.0026318933964112	0.00200742844747565	0.00236869487297965	-0.491450348697441	-1.01717080228051	0.0342701048856263
P163-PWY	28	32	0.000304751772551697	0.000666875251682932	0.000813254045018704	0.000983713093603399	-0.39866086513133	-0.921751838309475	0.124430108046815
P164-PWY	28	32	0.00873626408830213	0.00885900225789412	0.000982021620696416	0.00127588193564906	-0.106870345726608	-0.625231941478261	0.411491250025045
P165-PWY	28	32	0	0	0	0	NA	NA	NA
P185-PWY	28	32	0.00510672812791469	0.0053413115128074	0.00187927393872416	0.00160430927745598	-0.134994058472233	-0.653574689653509	0.383586572709043
P221-PWY	28	32	0.000372000552242724	0.000739678111853844	0.000567234129246597	0.000878739048705443	-0.490236559545529	-1.01591917136823	0.0354460522771719
P23-PWY	28	32	0.00119314307558437	0.00191618257700755	0.00116062499843821	0.00162305889233412	-0.506841226611109	-1.03304938703766	0.0193669338154407
P241-PWY	28	32	0	0.000167181869532456	0	0.000507407199988474	-0.450677318753651	-0.975176459431036	0.0738218219237334
P261-PWY	28	32	0	0.000128015258094647	0	0.000424199514429502	-0.412785771470431	-0.936242432775413	0.11067088983455
P4-PWY	28	32	0.00926076415723854	0.0088407943664158	0.00275574421922287	0.00238043883838906	0.163922717564333	-0.354936230850788	0.682781665979453
P42-PWY	28	32	0.00437837848241581	0.00598112416978203	0.00248511293893891	0.00260185160495665	-0.628978324432964	-1.15956965832679	-0.0983869905391425
P441-PWY	28	32	0.00938991366093918	0.00894099977577295	0.00175024410130121	0.00193151521046611	0.242742472087017	-0.277146829448136	0.76263177362217
P461-PWY	28	32	0.0077745960156337	0.00804937627857361	0.00281206364585737	0.00225629046906646	-0.108598269455006	-0.6269718564736	0.409775317563588
P562-PWY	28	32	0.000137366166946526	0.000613928636772496	0.000587374461347557	0.00108138694883492	-0.537663659370906	-1.06489227333067	-0.0104350454111429
P621-PWY	28	32	0.0031279847175358	0.00272509214305957	0.00281440200478134	0.00251381693229736	0.151578670886156	-0.367154947165975	0.670312288938286
PANTO-PWY	28	32	0.0192814159761201	0.0192740238253942	0.00124478474599474	0.00165558270215154	0.00499937003916146	-0.512995046278293	0.522993786356616
PANTOSYN-PWY	28	32	0.0197801266381674	0.0198711139172544	0.00126327676268607	0.00151066959647968	-0.0649468682322643	-0.583076413383299	0.45318267691877
PENTOSE-P-PWY	28	32	0.0119389925889556	0.0108579375185306	0.00228019224703665	0.00224134487494721	0.478446243436251	-0.0468735179404189	1.00376600481292
PEPTIDOGLYCANSYN-PWY	28	32	0.0236208674738238	0.0240107477189375	0.0015666569346635	0.00149906148436597	-0.254673934803739	-0.774753790156651	0.265405920549174
PHOSLIPSYN-PWY	28	32	0.0134375593375149	0.0126652837261604	0.00323074344505449	0.00296788500977179	0.24968251078477	-0.270316524339072	0.769681545908613
PHOTOALL-PWY	28	32	5.15528421520008e-05	3.04554612419368e-05	0.000196328301973921	0.000172282105346701	0.114742201675519	-0.403675577661979	0.633159981013018
POLYAMINSYN3-PWY	28	32	0.00324929329319478	0.00433815269341336	0.00225299460655687	0.00229658632888612	-0.47832569188466	-1.00364178759161	0.0469904038222848
POLYAMSYN-PWY	28	32	0.00611288473025557	0.00733569069763874	0.0019254938147415	0.00261708118574846	-0.526863531783893	-1.05372795322485	8.89657064684357e-07
POLYISOPRENSYN-PWY	28	32	0.00803166823263097	0.00661077758171574	0.00220850235797733	0.00157514276755699	0.749224436080579	0.21344390947027	1.28500496269089
PPGPPMET-PWY	28	32	0.00654309386281841	0.00697514485845121	0.00146253503515422	0.00174434637772604	-0.266818151021531	-0.787101268585233	0.253464966542171
PROPFERM-PWY	28	32	0.000921100131048577	0.00136471182308587	0.0011168904713129	0.00136758412953642	-0.352880251031717	-0.874871944951559	0.169111442888125
PROTOCATECHUATE-ORTHO-CLEAVAGE-PWY	28	32	0.000205743581389798	0.000387153734283869	0.000478637341017641	0.000976969642585598	-0.230988994018547	-0.750699458799318	0.288721470762224
PRPP-PWY	28	32	0.0120655780464331	0.0119493775226853	0.00157727187675789	0.00122732793501215	0.0829323420680431	-0.435282896815564	0.60114758095165
PWY-101	28	32	0.000148527312026648	0.000122533443545816	0.000375058589109053	0.000333852142360459	0.073505358306009	-0.44466236694493	0.591673083556948
PWY-1042	28	32	0.0269221024798212	0.0264322935529559	0.00178641054578405	0.00141153185936327	0.306699995139803	-0.214316573207569	0.827716563487174
PWY-1269	28	32	0.00939118957793434	0.00888544013155044	0.00261287936901927	0.00283761211323988	0.184897712469105	-0.334196605506469	0.703992030444679
PWY-1361	28	32	0	0	0	0	NA	NA	NA
PWY-1501	28	32	0	3.43351928765967e-05	0	0.000194229181731117	-0.241801037912338	-0.761675690301671	0.278073614476995
PWY-1541	28	32	2.64568631662357e-05	7.83518590391762e-05	0.000139996560817449	0.000443225046761392	-0.153617539385643	-0.672371184161103	0.365136105389818
PWY-1622	28	32	0	0	0	0	NA	NA	NA
PWY-181	28	32	0	0	0	0	NA	NA	NA
PWY-1861	28	32	0.00804846988661409	0.00848295341409883	0.00345574249372954	0.0021319063076499	-0.153723490906171	-0.672478183679647	0.365031201867305
PWY-2201	28	32	0	0	0	0	NA	NA	NA
PWY-2221	28	32	2.41460376584112e-05	7.31284878863342e-05	0.000127768821583513	0.000287927579569817	-0.214989718793858	-0.734470915752904	0.304491478165189
PWY-241	28	32	0.00948494415594888	0.00920257394133705	0.00289385172275268	0.00244349959676332	0.106048990664576	-0.412306972474159	0.624404953803312
PWY-2723	28	32	0.00562024842502293	0.00535446895479536	0.0029723397565669	0.002682308645189	0.0942134570337003	-0.42406616023092	0.61249307429832
PWY-2941	28	32	0.0112106976790286	0.0109056122255945	0.00256311039916379	0.00257942833984394	0.118625135207089	-0.399821825269438	0.637072095683616
PWY-2942	28	32	0.0218279103988179	0.0219626690351311	0.00105899731220043	0.00131111284053554	-0.112265696484085	-0.6306653706673	0.406133977699129
PWY-3001	28	32	0.0206198155260836	0.0203207772526455	0.000775927003474651	0.00108153148966455	0.314262093236491	-0.206904923479674	0.835429109952656
PWY-3502	28	32	0	0	0	0	NA	NA	NA
PWY-3781	28	32	0.000834933591140234	0.000995033492707223	0.00123795587316034	0.00141299406067805	-0.119981613992102	-0.638438997195451	0.398475769211247
PWY-3801	28	32	0	0.000303729875395643	0	0.00126800466159094	-0.327642183616407	-0.849084263301136	0.193799896068323
PWY-3841	28	32	0.0222771507150113	0.0229256245048023	0.0013621557657781	0.00151264345209095	-0.448913538942631	-0.973362171656974	0.0755350937717118
PWY-4041	28	32	0.00961305962037658	0.00935631413992877	0.00218144149034611	0.00168151917640143	0.133000105681295	-0.385563321658036	0.651563533020627
PWY-4242	28	32	0.0209571669639296	0.0213327462364027	0.00147313921729015	0.00144241006578761	-0.257811911270116	-0.777943388559958	0.262319566019725
PWY-4321	28	32	0	0.000251092605069573	0	0.000745458395517648	-0.460726998041511	-0.985517607585546	0.0640636115025242
PWY-4361	28	32	0	5.2648477795918e-05	0	0.000297824765349144	-0.241801037912338	-0.761675690301671	0.278073614476995
PWY-4702	28	32	0.00138986263705264	0.00205578503165612	0.00247655883883407	0.00222290543284187	-0.284047851276343	-0.80463544354862	0.236539740995934
PWY-4722	28	32	0.000259728484899948	0.000666369721737961	0.000539816580805481	0.000876154101635154	-0.55034686895026	-1.07801227800644	-0.0226814598940794
PWY-4981	28	32	0.0109959025169012	0.0117119805188552	0.00255202590150192	0.00222939948602581	-0.300239431432826	-0.821130335765718	0.220651472900065
PWY-4984	28	32	0.0108417460930276	0.00944606142730979	0.00294631224532085	0.00306501817563741	0.463630103768856	-0.0612458699374087	0.98850607747512
PWY-5004	28	32	0.0009914247227695	0.00155703744690776	0.00121140808616601	0.00129739346015725	-0.449577959050174	-0.974045595555128	0.07488967745478
PWY-5005	28	32	0.00406631177166957	0.00445789362867881	0.00197536359712138	0.00203862638032788	-0.194872663352481	-0.714088804230017	0.324343477525055
PWY-5022	28	32	0.00440012386975946	0.00463733195905028	0.00178653493779741	0.00130059938073465	-0.153440250128928	-0.672192142894981	0.365311642637124
PWY-5028	28	32	4.30070825919073e-05	0.000118753165125049	0.000227572090305204	0.000467354598472671	-0.201827729730434	-0.721132580683626	0.317477121222759
PWY-5030	28	32	0.00891302488911963	0.00815008021679165	0.00270012180363416	0.00228234862154865	0.306948316502275	-0.21407313470631	0.827969767710859
PWY-5044	28	32	0	0	0	0	NA	NA	NA
PWY-5055	28	32	0	0	0	0	NA	NA	NA
PWY-5067	28	32	0	0	0	0	NA	NA	NA
PWY-5079	28	32	0	0	0	0	NA	NA	NA
PWY-5080	28	32	0	0	0	0	NA	NA	NA
PWY-5083	28	32	0.00341162144655661	0.00374088205437114	0.00241385867916679	0.00305378665437341	-0.118681834546727	-0.637129228312893	0.399765559219439
PWY-5088	28	32	8.40500040123442e-05	0.000708391159292879	0.000444750816621288	0.00107953596538671	-0.738378923085583	-1.27365647220694	-0.203101373964228
PWY-5097	28	32	0.0228562597025593	0.0230378978643242	0.00145216752903497	0.00146220433575285	-0.124619621809585	-0.643113535552187	0.393874291933015
PWY-5100	28	32	0.017822072853681	0.0177889866549031	0.00149184866434294	0.00225159213203414	0.0170954195116989	-0.500907610690526	0.535098449713924
PWY-5101	28	32	0.00085429903786883	0.00290814084558488	0.00151044227209877	0.00279131677693243	-0.89838786707159	-1.44177259759816	-0.355003136545024
PWY-5103	28	32	0.0235569699088805	0.0235779565981447	0.00143892847521971	0.00155628744497883	-0.0139651005285682	-0.531964997007437	0.504034795950301
PWY-5104	28	32	0.0129451364836248	0.0140135559101017	0.00354174604627642	0.00355971204682427	-0.300847975236588	-0.821750603470306	0.22005465299713
PWY-5109	28	32	0	0	0	0	NA	NA	NA
PWY-5121	28	32	0.00766135618683445	0.00635558961946386	0.00268522464407517	0.00264411994162717	0.490275218733133	-0.0354085969489239	1.01595903441519
PWY-5129	28	32	0	0	0	0	NA	NA	NA
PWY-5136	28	32	0.00492066373858053	0.0059566755752981	0.0019896443057546	0.00222786598681526	-0.488615224118134	-1.01424743004444	0.0370169818081681
PWY-5138	28	32	0.00215677161021447	0.00252028724316645	0.00169583601358053	0.00202300562053983	-0.193585152338998	-0.712785210934241	0.325614906256246
PWY-5154	28	32	0.0150524266697577	0.0133017257477433	0.00284477925630551	0.00246590651863164	0.660884228041923	0.128999533443194	1.19276892264065
PWY-5156	28	32	0	0	0	0	NA	NA	NA
PWY-5173	28	32	0.00275993985748031	0.00331583778021584	0.00219537133316897	0.00188460678506592	-0.273143684271068	-0.793536391363913	0.247249022821776
PWY-5177	28	32	0.0101068051137918	0.0103470988425255	0.0023922232713719	0.00186250283040551	-0.113048341250909	-0.631453694542555	0.405357012040736
PWY-5178	28	32	0	2.48060517787938e-05	0	0.000140324219417998	-0.241801037912338	-0.761675690301671	0.278073614476995
PWY-5180	28	32	0.00031474914252816	0.000218342102350722	0.000816639773514174	0.000726820309194044	0.125214117369274	-0.393284578800451	0.643712813538999
PWY-5181	28	32	0	0.000228237135693624	0	0.000798462993050414	-0.390989114054881	-0.913886700571683	0.131908472461921
PWY-5182	28	32	0.000374069674375933	0.000218342102350722	0.000852470068175555	0.000726820309194044	0.197671608083837	-0.321579860409672	0.716923076577346
PWY-5183	28	32	0	0	0	0	NA	NA	NA
PWY-5188	28	32	0.012871014149937	0.0135494510834043	0.00182041314024794	0.00189414023433605	-0.364715241592196	-0.886978495259115	0.157548012074724
PWY-5189	28	32	0.00242152290483757	0.00333859693287835	0.00183692755507684	0.0023129521145357	-0.435707941185605	-0.959784558455019	0.0883686760838088
PWY-5198	28	32	0.000402366994759116	0.00172050751919808	0.000934934599661222	0.00172551038227883	-0.932469155786173	-1.47776767162887	-0.387170639943481
PWY-5265	28	32	0.00165069137752091	0.00187608487195828	0.00221270243965066	0.00257102816323489	-0.0934910618850718	-0.611766311160319	0.424784187390175
PWY-5304	28	32	0	0	0	0	NA	NA	NA
PWY-5306	28	32	0	0	0	0	NA	NA	NA
PWY-5345	28	32	0.00470739349350635	0.00679420838525183	0.00361011565723359	0.00369003553473782	-0.571252919026284	-1.09965970765305	-0.0428461303995209
PWY-5347	28	32	0.0119954297931775	0.0116910062463416	0.0020237751469043	0.00202544649308603	0.150357220528811	-0.368364527667063	0.669078968724686
PWY-5367	28	32	0.00327473996015959	0.00344025097553572	0.0018397851389283	0.00182139845275458	-0.0904441289490479	-0.608701324402925	0.427813066504829
PWY-5381	28	32	0	0	0	0	NA	NA	NA
PWY-5384	28	32	0.00738260176604724	0.00705638503133248	0.00280144494198803	0.0021923984632406	0.130774992040516	-0.387769538582597	0.649319522663628
PWY-5392	28	32	0.00050938023113883	0.00105022826257171	0.000763715225207231	0.00109118014294041	-0.567614109439938	-1.09588994607669	-0.0393382728031858
PWY-5415	28	32	0.000346186860796879	0.000159629005473275	0.000613668931815806	0.000523443105233016	0.328891036049858	-0.192577294592233	0.85035936669195
PWY-5417	28	32	6.58119961065131e-05	0.000196555442970025	0.000348244349965169	0.000695962594521545	-0.232825655162635	-0.752563484910338	0.286912174585068
PWY-5419	28	32	0	0	0	0	NA	NA	NA
PWY-5420	28	32	0	0	0	0	NA	NA	NA
PWY-5430	28	32	0	0	0	0	NA	NA	NA
PWY-5431	28	32	6.58119961065131e-05	0.000196555442970025	0.000348244349965169	0.000695962594521545	-0.232825655162635	-0.752563484910338	0.286912174585068
PWY-5464	28	32	0.0033399829941718	0.00366227318526263	0.00145692385200274	0.00212373571532864	-0.174817964788479	-0.693795653948302	0.344159724371345
PWY-5484	28	32	0.0148412130382536	0.0147219521244425	0.00192074681159283	0.00195488232204369	0.0615042955733259	-0.45661122248102	0.579619813627672
PWY-5505	28	32	0.00939009356013131	0.00827948116566277	0.00150675608328952	0.00190614773939746	0.641334284400622	0.110249300337286	1.17241926846396
PWY-5509	28	32	0.000108613277442154	0.000377534089045307	0.000574727442383201	0.000888464171025256	-0.354435932092789	-0.876462818523268	0.16759095433769
PWY-5514	28	32	3.96946424252055e-05	8.21299775547648e-05	0.000210044304477455	0.000261531193074904	-0.177592839660732	-0.696601986384818	0.341416307063354
PWY-5531	28	32	0	0	0	0	NA	NA	NA
PWY-5532	28	32	0	3.69288986612079e-05	0	0.000208901397320727	-0.241801037912338	-0.761675690301671	0.278073614476995
PWY-5534	28	32	0	4.59277310027279e-05	0	0.000259806480292324	-0.241801037912338	-0.761675690301671	0.278073614476995
PWY-561	28	32	0.00183250430315963	0.00314152940483013	0.00272065791221696	0.00286724377103459	-0.467515576918656	-0.992506617832343	0.0574754639950303
PWY-5647	28	32	0	0	0	0	NA	NA	NA
PWY-5651	28	32	0	0	0	0	NA	NA	NA
PWY-5654	28	32	2.08563544360207e-05	6.61136492597658e-05	0.000110361454186259	0.000210287641045505	-0.264372743926647	-0.784614177068955	0.255868689215662
PWY-5656	28	32	0.000881381537627044	0.00138763327328489	0.00163997356334543	0.00175470050879277	-0.29740058524864	-0.818237108010266	0.223435937512986
PWY-5659	28	32	0.0120261383027173	0.0118282339049968	0.00173507985947011	0.0020400543535637	0.103932116730894	-0.414409529559022	0.62227376302081
PWY-5667	28	32	0.0220819475935083	0.0217544094699474	0.00136065140787805	0.00172660752395276	0.209033372497696	-0.31036664841944	0.728433393414831
PWY-5675	28	32	0.00153732565312163	0.00276881137807834	0.0026398300319537	0.00236916194540261	-0.492828355312122	-1.01859188049968	0.0329351698754364
PWY-5676	28	32	0.00853155044419167	0.00834813100263486	0.00178464378590326	0.00198022810807543	0.0969602342252371	-0.421336298143109	0.615256766593584
PWY-5677	28	32	0.000663958952278312	0.000956900671337527	0.0011697348800618	0.00139394212959325	-0.226312899550711	-0.745954665738477	0.293328866637056
PWY-5686	28	32	0.0252360829865076	0.0256123112540467	0.00204321239461202	0.00184322211676324	-0.194043219290638	-0.71324898743376	0.325162548852484
PWY-5690	28	32	0.00721624183416426	0.00777353001894699	0.00172536056945305	0.00141215943417229	-0.355918796773949	-0.877979370351809	0.16614177680391
PWY-5692	28	32	0.000199728751259671	0.000505009521102255	0.000382926514342551	0.000590342334734453	-0.605104534317088	-1.13476801396849	-0.0754410546656828
PWY-5695	28	32	0.021464553494094	0.021040075049637	0.001243908183223	0.00139266497091744	0.320241537649753	-0.201047002970912	0.841530078270417
PWY-5705	28	32	0.00045267233345533	0.000883703476024957	0.000973575471430798	0.00103681928214466	-0.42766455572363	-0.951519900043789	0.0961907885965282
PWY-5723	28	32	0.0023311590191233	0.00373316469809267	0.00342461723046415	0.00311532826724841	-0.429673376496286	-0.953583605785558	0.0942368527929854
PWY-5724	28	32	0	0	0	0	NA	NA	NA
PWY-5747	28	32	0.0011201345136473	0.00137347755459695	0.00216209397275835	0.00141044846361856	-0.140758916636966	-0.65939072371202	0.377872890438089
PWY-5751	28	32	0	0.000158729901562053	0	0.000503343581138396	-0.431347576295696	-0.955303740129314	0.0926085875379223
PWY-5754	28	32	0	8.12047274975271e-05	0	0.000258239594745873	-0.430121975368703	-0.954044495612777	0.0938005448753717
PWY-5757	28	32	0	0	0	0	NA	NA	NA
PWY-5791	28	32	0.00243768957155588	0.00271852662215304	0.00206088813407885	0.00169659464881021	-0.149779318558773	-0.668495484170874	0.368936847053329
PWY-5837	28	32	0.00243768957155588	0.00271852662215304	0.00206088813407885	0.00169659464881021	-0.149779318558773	-0.668495484170874	0.368936847053329
PWY-5838	28	32	0.00399761732018632	0.00449653432082834	0.00287807287841576	0.00253097476883734	-0.184913126882372	-0.704007628196839	0.334181374432096
PWY-5840	28	32	0.00318898585441545	0.00407626953284799	0.00268915631915449	0.00235455867525215	-0.352675844431101	-0.874662925609479	0.169311236747278
PWY-5845	28	32	0.00282515091674971	0.00344419366987427	0.00272757071879235	0.00250393889601144	-0.237142257979516	-0.756945249526601	0.282660733567569
PWY-5850	28	32	0.00163714149403486	0.00287102357764513	0.00258764007303519	0.00261262096894389	-0.474383603213552	-0.999580324918247	0.0508131184911425
PWY-5855	28	32	0.000463643853906956	0.000921020519108944	0.000905514562997125	0.00108721954568912	-0.454323122798335	-0.978927277712725	0.0702810321160549
PWY-5856	28	32	0.000463643853906956	0.000921020519108944	0.000905514562997125	0.00108721954568912	-0.454323122798335	-0.978927277712725	0.0702810321160549
PWY-5857	28	32	0.000463643853906956	0.000921020519108944	0.000905514562997125	0.00108721954568912	-0.454323122798335	-0.978927277712725	0.0702810321160549
PWY-5860	28	32	0.00138763596773392	0.00241476406447863	0.00226805709251992	0.00224891521800904	-0.454914980700139	-0.979536261403427	0.0697063000031498
PWY-5861	28	32	0.00339322314179931	0.00380629235839053	0.00257876839533371	0.00222759108351596	-0.172293216572904	-0.691242712549772	0.346656279403965
PWY-5862	28	32	0.00237954612267839	0.00289480307835348	0.002373615045119	0.00216103290689001	-0.227739912247671	-0.747402495322264	0.291922670826923
PWY-5863	28	32	0.00247136052516351	0.00278842189404537	0.00188357438387534	0.00164874319326898	-0.179948199415344	-0.698984435024229	0.339088036193541
PWY-5870	28	32	0	0	0	0	NA	NA	NA
PWY-5871	28	32	0	0	0	0	NA	NA	NA
PWY-5872	28	32	0	0	0	0	NA	NA	NA
PWY-5873	28	32	0	0	0	0	NA	NA	NA
PWY-5896	28	32	0.00163714149403486	0.00287102357764513	0.00258764007303519	0.00261262096894389	-0.474383603213552	-0.999580324918247	0.0508131184911425
PWY-5897	28	32	0.00383575285144422	0.00432713744670444	0.00282563096173221	0.00247973270798921	-0.185681461440699	-0.704785120604721	0.333422197723323
PWY-5898	28	32	0.00383575285144422	0.00432713744670444	0.00282563096173221	0.00247973270798921	-0.185681461440699	-0.704785120604721	0.333422197723323
PWY-5899	28	32	0.00383575285144422	0.00432713744670444	0.00282563096173221	0.00247973270798921	-0.185681461440699	-0.704785120604721	0.333422197723323
PWY-5910	28	32	0.00136829635619549	0.00168072677840074	0.00167387373500263	0.00170337503580585	-0.184902265970801	-0.703996638104099	0.334192106162498
PWY-5913	28	32	0.00946905534707963	0.00901181803324866	0.00347196863010537	0.00269966342186989	0.148292622252104	-0.370409280261892	0.666994524766101
PWY-5918	28	32	0.00223321768231819	0.00340434796021337	0.00243440458337714	0.00231785903912421	-0.493559430887039	-1.01934585443429	0.0322269926602098
PWY-5920	28	32	0.00105019628315491	0.00190287946034428	0.00186107199060666	0.00183441928890047	-0.461689848764064	-0.986508712491778	0.0631290149636495
PWY-5941	28	32	0.00482318498484994	0.00439043331394773	0.00258960381736757	0.00212619752865726	0.183891337580376	-0.335191043514563	0.702973718675315
PWY-5971	28	32	0.00782606267943353	0.00836530765109775	0.0031718940995991	0.00352413845538745	-0.160262857913876	-0.67908362780722	0.358557911979469
PWY-5973	28	32	0.0167504715883934	0.0158899813941553	0.00251037822985324	0.00232826941175452	0.356347031836353	-0.165723295987464	0.878417359660169
PWY-5989	28	32	0.00773225901203565	0.00848384931480666	0.00276967879608792	0.00279503859189337	-0.270039373045847	-0.79037798015085	0.250299234059156
PWY-5994	28	32	0.00464359321879641	0.00239881642900631	0.0028915799014848	0.00258207538529366	0.822105066012354	0.282767835866671	1.36144229615804
PWY-6071	28	32	3.07551292198431e-05	0.000206794118446088	0.000114437502585379	0.000596018970548848	-0.397666747360322	-0.920732453333731	0.125398958613086
PWY-6107	28	32	0	0	0	0	NA	NA	NA
PWY-6113	28	32	0.00648360004980943	0.00709375281722894	0.0029151381662328	0.00303584480110943	-0.204731247876248	-0.724074048164952	0.314611552412455
PWY-6121	28	32	0.0226077374921138	0.0233698160670054	0.00163019623637231	0.00163283677325165	-0.467072074369851	-0.992049933807578	0.0579057850678762
PWY-6122	28	32	0.0229538425027307	0.0236259790665478	0.00165506863135735	0.00183088173219432	-0.383807199097252	-0.906527088943999	0.138912690749495
PWY-6123	28	32	0.019281107276193	0.019213539156316	0.00130635738481409	0.00138944695000938	0.0499984969826042	-0.468075679444946	0.568072673410154
PWY-6124	28	32	0.0187292181489647	0.018600072403065	0.00137125083410885	0.00142493190703397	0.0922338841547787	-0.426033843629718	0.610501611939275
PWY-6125	28	32	0.0142448793774204	0.014665759538088	0.00222899366848759	0.00205784693431894	-0.196744426862477	-0.715984137159936	0.322495283434981
PWY-6126	28	32	0.0203108197673687	0.020132695995072	0.00103918178083718	0.00106951317793165	0.168757426444885	-0.350153273186808	0.687668126076578
PWY-6138	28	32	0.000103107575096047	3.41289546003873e-05	0.000380544025146313	0.000193062521861933	0.233410275797029	-0.286336309556799	0.753156861150857
PWY-6143	28	32	0.00165555941138827	0.00165306875648104	0.00197982527382306	0.00192096129965014	0.00127818661200298	-0.516715476798547	0.519271850022553
PWY-6145	28	32	0	0	0	0	NA	NA	NA
PWY-6147	28	32	0.0137339606289801	0.0114780471775508	0.00281671447742103	0.00289682469149319	0.788833002423743	0.251157508424319	1.32650849642317
PWY-6148	28	32	0	0	0	0	NA	NA	NA
PWY-6151	28	32	0.0238882347293628	0.0236777018271058	0.00178080888004255	0.00185533179004909	0.115612654370254	-0.402811582316512	0.634036891057019
PWY-6163	28	32	0.024016055872639	0.0242478871532253	0.00176604313481704	0.00157077607999869	-0.139277451517534	-0.65789590350827	0.379341000473203
PWY-6165	28	32	0.000370644379074777	0.00146594440259908	0.000886728225013568	0.00205579289465467	-0.676045918816293	-1.20856649120404	-0.143525346428542
PWY-6167	28	32	0.000426655624104285	0.00224829407493462	0.00113662534795295	0.00242147134267408	-0.942531430019065	-1.48840728064141	-0.39665557939672
PWY-6168	28	32	0.0183311620836786	0.0179975465465679	0.00186640754711332	0.00160657835020991	0.192575506771434	-0.326612014587718	0.711763028130586
PWY-6174	28	32	0.000177308696981624	0.000557763438116326	0.000446048192047999	0.00095682492209394	-0.498725915308703	-1.02467509951639	0.0272232688989845
PWY-6182	28	32	3.42416077687474e-05	9.88162474420191e-05	0.000181189557294246	0.000558989109261277	-0.151244023559066	-0.669974380038415	0.367486332920284
PWY-6185	28	32	1.38453541338424e-05	0.000152763182876897	7.32627277035343e-05	0.000633818950708772	-0.298066784568881	-0.818916023307824	0.222782454170061
PWY-6210	28	32	6.45349219425924e-05	6.61136492597658e-05	0.000252406621908588	0.000210287641045505	-0.00683867680961785	-0.524833794910607	0.511156441291371
PWY-6215	28	32	3.92585222088946e-05	0.000154639002228536	0.000207736573209282	0.000501869925690142	-0.293340159125291	-0.814099787703075	0.227419469452493
PWY-621	28	32	0.0120140561443536	0.011240608019337	0.001770008395062	0.00275778644908199	0.329100625808337	-0.192372120080651	0.850573371697325
PWY-622	28	32	0.00662591472167235	0.00566433668814939	0.0039571396479221	0.00377715831526319	0.248985352799506	-0.27100252040103	0.768973226000042
PWY-6263	28	32	0.00184594512920816	0.00289833457259578	0.0015420794197241	0.00245383148943793	-0.506022006530004	-1.03220384010014	0.0201598270401316
PWY-6269	28	32	0	0	0	0	NA	NA	NA
PWY-6270	28	32	0.00834153625729115	0.0070077982903979	0.00380035779050677	0.00387104170865311	0.347481513122011	-0.174389233625276	0.869352259869299
PWY-6277	28	32	0.0229538425027307	0.0236259790665478	0.00165506863135735	0.00183088173219432	-0.383807199097252	-0.906527088943999	0.138912690749495
PWY-6281	28	32	0	3.5710972909726e-05	0	0.000202011768857891	-0.241801037912338	-0.761675690301671	0.278073614476995
PWY-6282	28	32	0.00762907397624554	0.00832152726125898	0.00303765251681607	0.0030290625669467	-0.228301546585695	-0.74797235828804	0.291369265116649
PWY-6284	28	32	0.00464242396287708	0.00494365787354562	0.00237978095480981	0.00221887942032772	-0.131245994152105	-0.649794498204909	0.387302509900698
PWY-6285	28	32	0.00184702924454458	0.00330126611593505	0.0031357146626511	0.00350078050461052	-0.43594714668397	-0.960030406163591	0.0881361127956507
PWY-6305	28	32	0.0123689344554119	0.0122802800459492	0.00208129093778337	0.00284404311497695	0.0352099365666147	-0.482823630338617	0.553243503471846
PWY-6307	28	32	0	0	0	0	NA	NA	NA
PWY-6309	28	32	0	0	0	0	NA	NA	NA
PWY-6313	28	32	0	0	0	0	NA	NA	NA
PWY-6317	28	32	0.0185089128814585	0.018269028658689	0.00225715693941216	0.00271700394296313	0.0954411477590303	-0.422845969819121	0.613728265337181
PWY-6318	28	32	0.000804736718229596	0.00096948443791678	0.000903280284416543	0.00128940813463215	-0.146279864220695	-0.66496268278686	0.37240295434547
PWY-6344	28	32	0	0	0	0	NA	NA	NA
PWY-6349	28	32	0.000403518692402743	0.00182788080377652	0.000936129145732404	0.00185164221711262	-0.951592850767696	-1.4979933838464	-0.405192317688991
PWY-6350	28	32	0	0	0	0	NA	NA	NA
PWY-6351	28	32	0	0	0	0	NA	NA	NA
PWY-6352	28	32	0	0	0	0	NA	NA	NA
PWY-6353	28	32	0.0109420248036672	0.0106630360202289	0.00218733734660044	0.00178766005797044	0.140636367512481	-0.377994329461129	0.65926706448609
PWY-6385	28	32	0.0233917451094924	0.0235708566145111	0.00147549015370294	0.00151815764944343	-0.119531476992044	-0.637985388379541	0.398922434395453
PWY-6386	28	32	0.0241640242709639	0.0244463439791893	0.00164517699660761	0.00150367332817762	-0.179691907585764	-0.698725178358037	0.33934136318651
PWY-6387	28	32	0.0239767917921888	0.0242886308124962	0.00162071638262242	0.00149785138534801	-0.200377923964324	-0.719664027658621	0.318908179729973
PWY-6396	28	32	0.00018238045154023	0.000207878384107883	0.000568376952529718	0.000589006642854493	-0.0440002983848033	-0.562056304887844	0.474055708118237
PWY-6415	28	32	0.000527898821972781	0.00151372671171413	0.000886025518622932	0.00113850232806824	-0.958316551396248	-1.50510932141442	-0.411523781378077
PWY-6435	28	32	0.000832232208727653	0.000734834290494241	0.00112772111756521	0.00132718855833069	0.0786522166874818	-0.439540740418878	0.596845173793841
PWY-6467	28	32	0	0	0	0	NA	NA	NA
PWY-6470	28	32	0.0108038572777722	0.0102860541829266	0.00233507325084639	0.00213258371492813	0.232288744487107	-0.287441063398887	0.752018552373101
PWY-6471	28	32	0.0142391628572442	0.0140464456222296	0.00225679446850224	0.0025284282990613	0.0801053744137159	-0.43809501539871	0.598305764226142
PWY-6478	28	32	0.000295936877180963	0.000340604447480542	0.000667047741834187	0.000726086898488896	-0.0638816696761628	-0.582006793013242	0.454243453660916
PWY-6507	28	32	0.00738835834874606	0.00724444422082025	0.00190195420577524	0.00161456316110618	0.0820390086861064	-0.436171482224657	0.60024949959687
PWY-6519	28	32	0.00777655662724753	0.00812116954852363	0.00265960044005085	0.00269106718178272	-0.128756749961985	-0.647284415867771	0.389770915943801
PWY-6524	28	32	0	0	0	0	NA	NA	NA
PWY-6527	28	32	0.0181983199627646	0.0180183655387869	0.00249756765885786	0.00314840194150855	0.0628357248528739	-0.455285127711371	0.580956577417119
PWY-6531	28	32	0.00295960154849286	0.0031241974512131	0.00204340218881948	0.00209860764652325	-0.0793963540339617	-0.597593100317417	0.438800392249494
PWY-6545	28	32	0.0114458354483407	0.0120778152413515	0.0016162273509661	0.00179912377767111	-0.368198921875232	-0.890543789102905	0.154145945352441
PWY-6549	28	32	0.00872214791882679	0.00900547267386898	0.0018894698638745	0.0016492283992739	-0.160511443762385	-0.679334779627447	0.358311892102677
PWY-6562	28	32	0.0003792195696968	0.000720056707729171	0.000873388177831702	0.00116819456190475	-0.327290009947691	-0.848724704733693	0.19414468483831
PWY-6565	28	32	6.71094551253283e-05	2.80309640201719e-05	0.000355109857765335	0.000158567077934877	0.145493633488512	-0.373181801082384	0.664169068059409
PWY-6572	28	32	0.00143662217238813	0.00140919188059506	0.00129182342096994	0.00131880331916507	0.020998253135027	-0.497009568803364	0.539006075073418
PWY-6588	28	32	0.00416561900652957	0.00477912592366539	0.00188642334316194	0.00192429595737293	-0.321753749115322	-0.84307338165732	0.199565883426677
PWY-6590	28	32	0.00694529736250962	0.00771165195711975	0.00181181267605126	0.00115045715727962	-0.512551255030566	-1.03894406160442	0.0138415515432929
PWY-6595	28	32	0.00284764259868491	0.00303871936384827	0.00120820474121008	0.00148617174522856	-0.140102083816253	-0.658727952293058	0.378523784660552
PWY-6596	28	32	0	0	0	0	NA	NA	NA
PWY-6598	28	32	0	0	0	0	NA	NA	NA
PWY-6606	28	32	0.00811658212367184	0.0078524041199621	0.00183493630801014	0.00159096762077501	0.154591509035503	-0.364171796692014	0.67335481476302
PWY-6608	28	32	0.0111697572143778	0.0105959140130433	0.00201705753264775	0.00213350454866618	0.27587188426652	-0.244568873992866	0.796312642525907
PWY-6609	28	32	0.0243188139006229	0.024674859435807	0.00173554676630913	0.001583044941618	-0.215031199715041	-0.734512969948061	0.30445057051798
PWY-6612	28	32	0.0049357010628591	0.00492881710068339	0.00210570236082805	0.00184425913727508	0.00349388973938965	-0.514500114462608	0.521487893941388
PWY-6628	28	32	0.0039481606597092	0.00574900285875209	0.00398217939483044	0.00393324415650551	-0.455206479801121	-0.979836203207187	0.0694232436049451
PWY-6629	28	32	0.00287716079697359	0.00448805101055823	0.00396235499260795	0.00413469125800597	-0.397223299871912	-0.920277754822492	0.125831155078669
PWY-6630	28	32	0.00268974893811347	0.0040546801214446	0.00316239840566874	0.00323948170891037	-0.426031243948707	-0.949842148314563	0.0977796604171484
PWY-6641	28	32	0	0	0	0	NA	NA	NA
PWY-6654	28	32	0	0	0	0	NA	NA	NA
PWY-6660	28	32	0	0	0	0	NA	NA	NA
PWY-6662	28	32	0	0	0	0	NA	NA	NA
PWY-6690	28	32	0.000490581882766924	0.00085144414075428	0.000788514000021453	0.00114300645570438	-0.363098622645686	-0.885324262402573	0.159127017111202
PWY-6700	28	32	0.0218864957005982	0.0225664796829406	0.00176509528518574	0.00168660982229079	-0.394515896886272	-0.917501927456187	0.128470133683644
PWY-6703	28	32	0.015816295915566	0.0157288294244843	0.0014984804887825	0.00221399548177708	0.0456869765083167	-0.472373905039479	0.563747858056112
PWY-6708	28	32	0.000463643853906956	0.000921020519108944	0.000905514562997125	0.00108721954568912	-0.454323122798335	-0.978927277712725	0.0702810321160549
PWY-6731	28	32	0.00571414622627638	0.00564608608321097	0.00268958005294895	0.00262341801427602	0.0256402802014439	-0.49237451936208	0.543655079764968
PWY-6737	28	32	0.0264980335525738	0.025806483834099	0.00230128672451172	0.00178409818865425	0.338791321660678	-0.182888599356848	0.860471242678203
PWY-6748	28	32	0	0	0	0	NA	NA	NA
PWY-6749	28	32	0.00103728251854617	0.0011058415435953	0.00181258655018138	0.00166881292497591	-0.0394647248598224	-0.557508531373444	0.478579081653799
PWY-6785	28	32	0.000197502538013942	0.000163323662216911	0.000496459185489455	0.0004455018373392	0.0727347377071569	-0.445429356490989	0.590898831905303
PWY-6797	28	32	7.24284134080334e-05	6.84713777233098e-05	0.000383255139465265	0.000387332604042703	0.0102662861289568	-0.507730721621794	0.528263293879707
PWY-6803	28	32	0.00167867178531358	0.00271136905327086	0.00256670654779269	0.00266891694197265	-0.39388384535117	-0.916853968132743	0.129086277430403
PWY-6823	28	32	0.000740225132602495	0.00108944940536428	0.00129277211796935	0.00145051519358694	-0.253184144847175	-0.773239711635991	0.266871421941642
PWY-6834	28	32	0	0	0	0	NA	NA	NA
PWY-6837	28	32	0.000329100156406406	0.000698913950588117	0.000466348237332789	0.000953837883687332	-0.482472857121275	-1.00791557359995	0.0429698593573974
PWY-6859	28	32	0.00685700527563889	0.00487707407537815	0.00219828878345737	0.00199605170094705	0.946145155537375	0.400060601196559	1.49222970987819
PWY-6876	28	32	0.000706360174000827	0.000609334003063536	0.00127613958905662	0.000849095842669399	0.0907360400903605	-0.427522859128156	0.608994939308877
PWY-6891	28	32	0.00576838873862048	0.00635907665955272	0.00250920704123464	0.00247556320888578	-0.237102036415492	-0.75690441530632	0.282700342475335
PWY-6892	28	32	0.0153815799237747	0.0144863548000054	0.00155608193530133	0.00207789909640892	0.483030067426014	-0.0424297426951251	1.00848987754715
PWY-6895	28	32	0.00961417582146207	0.0101376447166168	0.00204179796054675	0.00257094528510976	-0.223747248778829	-0.743351914969377	0.295857417411718
PWY-6897	28	32	0.0166029538251075	0.0157813368999845	0.00196885775830858	0.00160976368857901	0.460049070059249	-0.0647216806360107	0.984819820754508
PWY-6901	28	32	0.0127859431133359	0.0120013840668945	0.00184098754911898	0.00194841848602634	0.413107644864935	-0.110357494942686	0.936572784672556
PWY-6906	28	32	6.07626413596309e-05	0.000171097211989838	0.000321525676081982	0.000466126346394939	-0.272241328507716	-0.792618246743027	0.248135589727595
PWY-6936	28	32	0.0180599467250179	0.0174223879738275	0.00161129621323865	0.00192123906233315	0.357442467537849	-0.164652864428082	0.87953779950378
PWY-6953	28	32	0.0003630898688922	0.000715142878760949	0.000932551530479525	0.0012462982045739	-0.316788628043197	-0.838006717089765	0.20442946100337
PWY-6957	28	32	0	0	0	0	NA	NA	NA
PWY-6969	28	32	0.00621803614800626	0.00770075817843263	0.00256103662945721	0.00157205927578013	-0.708942355361864	-1.24288942713222	-0.17499528359151
PWY-6981	28	32	0	0	0	0	NA	NA	NA
PWY-6992	28	32	0	0	0	0	NA	NA	NA
PWY-7003	28	32	0.00529012952423424	0.00584913210190413	0.00130363515801964	0.00149917994679105	-0.396027509469883	-0.919051686532667	0.1269966675929
PWY-7007	28	32	0	0	0	0	NA	NA	NA
PWY-7013	28	32	0.00542204747427779	0.00659212513967349	0.00193703049960475	0.00187005622910512	-0.615335687653926	-1.14539260333799	-0.0852787719698572
PWY-7031	28	32	0.000174234648687208	5.30075435895397e-05	0.000543878287139316	0.00029985594820964	0.281270948577633	-0.239266296462193	0.801808193617459
PWY-7039	28	32	0	0.000121092076558997	0	0.000593367154655335	-0.279142120974962	-0.799641100529538	0.241356858579613
PWY-7046	28	32	0.00200730613311519	0.00236330798105785	0.000752172758809052	0.00113885544065598	-0.363989417536951	-0.886235763104667	0.158256928030765
PWY-7090	28	32	0	0	0	0	NA	NA	NA
PWY-7094	28	32	0.000647771434965309	0.00127313423234208	0.00151315828790345	0.00138268504536171	-0.432810256564781	-0.956806694434284	0.091186181304721
PWY-7111	28	32	0.0268150148301816	0.0264824052033278	0.00160952983656349	0.00162598210765442	0.205524663738561	-0.313828600401448	0.724877927878571
PWY-7115	28	32	0.00773983423114965	0.00735168120588324	0.00284817688067796	0.00241377999383906	0.147870203536437	-0.370827672253541	0.666568079326415
PWY-7117	28	32	0.0101105763724734	0.00954918111493715	0.00322463777332431	0.00252123420753278	0.195594004628133	-0.323631192889316	0.714819202145583
PWY-7118	28	32	0	0	0	0	NA	NA	NA
PWY-7124	28	32	0	0	0	0	NA	NA	NA
PWY-7159	28	32	0	0	0	0	NA	NA	NA
PWY-7165	28	32	0	0.00025149496273654	0	0.000870726123816459	-0.395076198484379	-0.918076351926329	0.127923954957571
PWY-7184	28	32	0.0119552371482609	0.0125026805983996	0.00198619470497661	0.00199433950240332	-0.27502090944115	-0.795446628903399	0.245404810021099
PWY-7187	28	32	0.0143578926885833	0.0150779071802519	0.00143297604597136	0.00158590274585835	-0.47474559142359	-0.999953234760792	0.050462051913613
PWY-7196	28	32	0.00982317241235866	0.00990691696957618	0.00174643291907791	0.00165791927102125	-0.0492702732668063	-0.567342120097268	0.468801573563656
PWY-7197	28	32	0.00988686643948448	0.0104754738494678	0.00174141934668611	0.00184877298372144	-0.327077727774414	-0.848507974899647	0.194352519350818
PWY-7198	28	32	0.00871999239294946	0.00933856372520004	0.00240981855609029	0.00224176371996586	-0.266452139484054	-0.786728993803221	0.253824714835114
PWY-7199	28	32	0.0189689122405621	0.0189205782729237	0.00117448439307704	0.00110366481384655	0.04250330635257	-0.475548526913428	0.560555139618568
PWY-7200	28	32	5.08392472752046e-05	0.000152464344250834	0.000269016010263819	0.000611925017951699	-0.210161481735074	-0.729576702985273	0.309253739515124
PWY-7204	28	32	0.000929429733716537	0.00189536449450483	0.00187621429594858	0.00198053208994807	-0.499792657964247	-1.02577565273377	0.0261903368052721
PWY-7208	28	32	0.0122321957061105	0.012843409261282	0.00220984288760626	0.0020021411395558	-0.290862188214193	-0.811575404194963	0.229851027766577
PWY-7209	28	32	0.00401073214829924	0.00318212925242173	0.00232954483716741	0.00229992575367762	0.358119465932128	-0.163991356801382	0.880230288665638
PWY-7210	28	32	0.00304487734066153	0.0026423474336156	0.00266440578517999	0.00215796570058114	0.167231980525947	-0.351662228713005	0.686126189764898
PWY-7211	28	32	0.0102435024540449	0.0102093857380581	0.00149833816153309	0.00127651045140795	0.0246471610558876	-0.493366028923352	0.542660351035127
PWY-7218	28	32	6.97014658632979e-05	4.11690603469968e-05	0.000265412796536993	0.000232887373971517	0.114791476316339	-0.403626667258248	0.633209619890927
PWY-7219	28	32	0.0253507114028129	0.0258450402054209	0.00172712198845442	0.00169870489073348	-0.288744771362425	-0.809418636676932	0.231929093952081
PWY-7220	28	32	0.0179843544358457	0.0177968256717587	0.0018111688405683	0.00154203247476454	0.1121103438753	-0.406288207707744	0.630508895458343
PWY-7221	28	32	0.0248271751491626	0.0251945446914008	0.00151930003884216	0.00157160854506314	-0.237398876200496	-0.757205778994812	0.282408026593819
PWY-7222	28	32	0.0179843544358457	0.0177968256717587	0.0018111688405683	0.00154203247476454	0.1121103438753	-0.406288207707744	0.630508895458343
PWY-7224	28	32	0	0	0	0	NA	NA	NA
PWY-7228	28	32	0.0137913299011458	0.0142656321564894	0.00236520872457918	0.00221887774360602	-0.207285275657077	-0.726661903166313	0.312091351852159
PWY-7229	28	32	0.0212083644132229	0.0211148606145794	0.000997943901178163	0.000936113510732095	0.0968560442489735	-0.421439837641569	0.615151926139516
PWY-7234	28	32	0.0105631606989813	0.010456569799218	0.00246075335845765	0.00231093252223926	0.044751318371329	-0.473306836182164	0.562809472924822
PWY-7235	28	32	0	0	0	0	NA	NA	NA
PWY-7237	28	32	0.0172754613223669	0.01638619511312	0.00264505659691879	0.00258651072245041	0.340203027147891	-0.181507569090347	0.86191362338613
PWY-7238	28	32	0	0	0	0	NA	NA	NA
PWY-7242	28	32	0.00830205420762957	0.00773423455278722	0.00214878674285077	0.00175466663463751	0.291476376320701	-0.229248307137517	0.812201059778918
PWY-7245	28	32	0	0	0	0	NA	NA	NA
PWY-724	28	32	0.0210251416997011	0.0210807356909573	0.00100985044230317	0.00113660231918704	-0.0515021305431705	-0.569581225225859	0.466576964139518
PWY-7254	28	32	0.00198921959460039	0.00317591631049998	0.00285226309168409	0.0028069047569874	-0.419607642649604	-0.943245384014957	0.10403009871575
PWY-7268	28	32	0	0	0	0	NA	NA	NA
PWY-7269	28	32	0.000414434062317763	0.000853307425535517	0.000787323731811661	0.0011555240369089	-0.438385991770367	-0.962537175843384	0.0857651923026497
PWY-7279	28	32	7.91606038164719e-05	0.000313110361718151	0.000269738523771623	0.000729648037318673	-0.414592282705086	-0.938096613277983	0.108912047867811
PWY-7282	28	32	0.0123941653310052	0.0116943222486915	0.00298254779602292	0.00235607138750865	0.262498516707623	-0.257711225914778	0.782708259330024
PWY-7283	28	32	0	0	0	0	NA	NA	NA
PWY-7286	28	32	0.000456883229864686	0.00182739709545157	0.00107199302501587	0.00188970286643714	-0.876738004787229	-1.41894066361047	-0.33453534596399
PWY-7288	28	32	0.0014846965643861	0.00138006782870148	0.00133941993543046	0.00177592575274152	0.0658985211999954	-0.452235036231793	0.584032078631784
PWY-7290	28	32	0	0	0	0	NA	NA	NA
PWY-7294	28	32	5.77433616865827e-05	0.00025213894443664	0.000305549149775106	0.000558508405983984	-0.424021323771223	-0.947777769476125	0.0997351219336789
PWY-7312	28	32	0.0017476262380134	0.00177423556705415	0.00216540446810359	0.00279119545445328	-0.0105622245606293	-0.528559430978765	0.507434981857506
PWY-7315	28	32	0.00419693931807441	0.00447507342130366	0.00216171097824287	0.00246834522855177	-0.119338796541375	-0.63779122580484	0.39911363272209
PWY-7316	28	32	0.00107179030924637	0.000821430195529723	0.00138312054698506	0.00149196797479059	0.173581543410096	-0.345382287911961	0.692545374732153
PWY-7317	28	32	3.7688503003283e-05	4.07257713137822e-05	0.000199428812465996	0.000230379752520224	-0.0140274844579391	-0.532027437220212	0.503972468304334
PWY-7323	28	32	0.0103961399940052	0.00969821261582066	0.00188294996365599	0.00165739458604515	0.395206376694727	-0.127797060812996	0.918209814202451
PWY-7328	28	32	0.00598455194313628	0.0057980586604084	0.00281453260791193	0.00257357672644112	0.0693687448705703	-0.448779937598165	0.587517427339305
PWY-7332	28	32	0.00363666102439171	0.00383094675606091	0.00272495601083736	0.00365586122744076	-0.0596738852015785	-0.577782255929533	0.458434485526376
PWY-7337	28	32	0	0	0	0	NA	NA	NA
PWY-7338	28	32	0	0	0	0	NA	NA	NA
PWY-7345	28	32	0	0.00029530983293748	0	0.00123358123839913	-0.327448723864406	-0.848886745828568	0.193989298099757
PWY-7347	28	32	0	0	0	0	NA	NA	NA
PWY-7357	28	32	0.0193705239950064	0.0187888276527535	0.00189938648600606	0.00190694105959546	0.305604593703256	-0.215390481865394	0.826599669271906
PWY-7371	28	32	0.00101370026896739	0.001850935317855	0.00127878760424314	0.00216685635619017	-0.462935537981862	-0.987791040847452	0.061919964883729
PWY-7373	28	32	0	0	0	0	NA	NA	NA
PWY-7374	28	32	2.07226901228071e-05	3.39571452067481e-05	0.000109654169122404	0.000192090621163423	-0.0831727978319598	-0.601389323488353	0.435043727824434
PWY-7383	28	32	0.00886267042289397	0.00993310258406635	0.00213209001138878	0.00135506205879956	-0.608203477330828	-1.1379854602617	-0.078421494399958
PWY-7384	28	32	8.33174024637965e-05	0	0.000440874253606171	0	0.276982989946272	-0.243477473534175	0.797443453426719
PWY-7385	28	32	0.00132577178551519	0.0025053767622837	0.00154219728899325	0.00214646381474237	-0.624339434820049	-1.15474779685873	-0.0939310727813677
PWY-7388	28	32	0.00755038809886892	0.00814882167932508	0.00334292757678719	0.00354555611755312	-0.173322925775364	-0.692283870897102	0.345638019346375
PWY-7389	28	32	0.000107213609761489	0	0.000567321097180856	0	0.276982989946272	-0.243477473534175	0.797443453426719
PWY-7391	28	32	0.000195351114912647	0.000596875714012291	0.000488886541244585	0.00114079016236231	-0.447011150790963	-0.971405522920467	0.0773832213385408
PWY-7392	28	32	0.00637950343905412	0.00473678746756761	0.00244476857372543	0.002293187109756	0.694606276176849	0.161288725173525	1.22792382718017
PWY-7397	28	32	0	0	0	0	NA	NA	NA
PWY-7399	28	32	9.44298807190134e-05	0.000162759376816786	0.00025483093365918	0.000510176173854523	-0.16604347851279	-0.684924943213942	0.352837986188363
PWY-7400	28	32	0.02319664341589	0.023639038803046	0.00217778619334814	0.00194760592719454	-0.214967488091336	-0.734448377863236	0.304513401680564
PWY-7409	28	32	0	0.000195138311678433	0	0.000590324129687749	-0.452152730188868	-0.976694269429486	0.0723888090517507
PWY-7411	28	32	0	0	0	0	NA	NA	NA
PWY-7413	28	32	0	0	0	0	NA	NA	NA
PWY-7420	28	32	0	0	0	0	NA	NA	NA
PWY-7431	28	32	0	0	0	0	NA	NA	NA
PWY-7446	28	32	0.00049812520586516	0.000871835865092737	0.0012426424479834	0.0012000799328773	-0.306300566999939	-0.82730928939634	0.214708155396461
PWY-7456	28	32	0.0105113541392031	0.0101729476000626	0.00176522965071664	0.00180039055740693	0.189678200807375	-0.329473705708255	0.708830107323006
PWY-7527	28	32	0	0	0	0	NA	NA	NA
PWY-7528	28	32	0	0	0	0	NA	NA	NA
PWY-7539	28	32	0.0135400949806126	0.011350713079374	0.00274095948302486	0.00279601505011682	0.79024170316949	0.252497142644442	1.32798626369454
PWY-7546	28	32	0	0	0	0	NA	NA	NA
PWY-7560	28	32	0.00808139050396084	0.00678808877766965	0.00363407106229954	0.00358108212672901	0.358668016204664	-0.163455379364714	0.880791411774042
PWY-7616	28	32	0.000756697506366208	0.00131421464777145	0.000882976592493276	0.00111816384169064	-0.549018750534291	-1.07663796047499	-0.0213995405935917
PWY-7619	28	32	0	0	0	0	NA	NA	NA
PWY-7626	28	32	0	0	0	0	NA	NA	NA
PWY-7663	28	32	0.0159003927498655	0.0150787255285145	0.00265553891328197	0.00249611860110974	0.319520759778832	-0.201753012137887	0.840794531695551
PWY-7664	28	32	0.00801841184183403	0.00870178223413626	0.00308572837985937	0.00312620988858359	-0.219914929055654	-0.739464961842994	0.299635103731686
PWY-821	28	32	0.00242337420159692	0.00375751964914218	0.00250123168045916	0.00234858205476862	-0.551108283457544	-1.07880022712593	-0.0234163397891629
PWY-841	28	32	0.0157899687155882	0.0162411690084426	0.00185956294335015	0.00186389177490068	-0.242336136756169	-0.762219108596144	0.277546835083806
PWY-922	28	32	0.00121877914368919	0.00159226948617809	0.00156194490538065	0.00178563183824409	-0.221629744262354	-0.741204107421969	0.297944618897262
PWY0-1061	28	32	0.00945342097546335	0.00917359346956344	0.00371577933818037	0.00354713246374314	0.0771593917804761	-0.441026071309452	0.595344854870404
PWY0-1241	28	32	0.00435681873127426	0.00573747287425813	0.00135407331443308	0.00295786631259376	-0.587129368028223	-1.11611691120604	-0.0581418248504042
PWY0-1261	28	32	0.0119829628242237	0.0124439917166456	0.00293332598810689	0.00193084244487267	-0.188243587206954	-0.707378057835912	0.330890883422004
PWY0-1277	28	32	0.000650328521437508	0.00117279825089212	0.00102658045386771	0.00146533646008518	-0.408199322868464	-0.931535875263983	0.115137229527055
PWY0-1296	28	32	0.020205120273156	0.0202239669003789	0.00197549787403988	0.00188725342690217	-0.0097709895896308	-0.527767677472102	0.50822569829284
PWY0-1297	28	32	0.00749815283372517	0.00801928445342439	0.00240904520526252	0.00249769272112688	-0.212115999028841	-0.731557748370143	0.307325750312461
PWY0-1298	28	32	0.00477367828072129	0.0056228416603675	0.00207103610035696	0.0019661481038858	-0.421284214606413	-0.944966903631889	0.102398474419064
PWY0-1319	28	32	0.0220840112889453	0.0217568404585499	0.0013600887235608	0.00172706652390393	0.208793243967123	-0.310603551921384	0.72819003985563
PWY0-1338	28	32	0.000343115149443773	0.000710084327175155	0.000610794873066064	0.00116644020198073	-0.386630780888524	-0.909420146685225	0.136158584908176
PWY0-1415	28	32	0.00138989392085818	0.00226243971088949	0.00214909296069565	0.00200074342704344	-0.421290735661651	-0.944973599854193	0.102392128530892
PWY0-1479	28	32	0.00716881959008415	0.00813618109903425	0.00249118146183261	0.00293259227126445	-0.353570144526691	-0.875577426359386	0.168437137306004
PWY0-1533	28	32	0.000245902076999098	0.000420129334589476	0.000633828244458541	0.00084938521652842	-0.230240800908851	-0.749940179850995	0.289458578033293
PWY0-1586	28	32	0.0199076846193632	0.0195769791907815	0.00254609301330925	0.0023141492764037	0.136379857726475	-0.382212880589859	0.654972596042809
PWY0-162	28	32	0.0122896238893789	0.0130562772719348	0.00161354963977421	0.00177969759393671	-0.449816547748178	-0.974291015074038	0.0746579195776823
PWY0-166	28	32	0.0143135384382269	0.0150310158749553	0.0015160493079702	0.00166885528914693	-0.44855276542728	-0.97299109075815	0.0758855599035902
PWY0-321	28	32	2.86347822452977e-05	0.000193185589397411	0.000106768341925822	0.000556550155278552	-0.398086735231639	-0.921163108368374	0.124989637905096
PWY0-41	28	32	0.000299744478832422	0.000601530004250088	0.000820145736362784	0.000863665914047601	-0.357698930667989	-0.879800127511236	0.164402266175257
PWY0-42	28	32	0.000956217586427869	0.00132369440516741	0.00207705262582284	0.00145265495294579	-0.207505457848845	-0.726885021127418	0.311874105429727
PWY0-781	28	32	0.00934384008147968	0.00902205354182247	0.00266022289336374	0.00237659858932481	0.1280682981236	-0.390453674853853	0.646590271101054
PWY0-845	28	32	0.00976693457382137	0.00920579795432438	0.0031442778565403	0.0029011564657708	0.18600563545645	-0.333101898909146	0.705113169822046
PWY0-862	28	32	0.00760943193460137	0.00832164848592278	0.00301786093701448	0.00311077201123722	-0.232153403848235	-0.751881192543288	0.287574384846818
PWY0-881	28	32	0.00128343656879664	0.00139273696529773	0.00177365594999909	0.00191789460607173	-0.0590128094878074	-0.577118651919212	0.459093032943598
PWY1F-823	28	32	5.22228133865743e-05	2.19736733800283e-05	0.000276337153970021	0.000124301867636771	0.144525753276597	-0.374140645817657	0.663192152370851
PWY1G-0	28	32	8.20331766006291e-05	0	0.000308119002488778	0	0.390214282020504	-0.132663977809777	0.913092541850785
PWY3DJ-35471	28	32	0.000590388897428087	0.000540001614442098	0.00111883266835728	0.00108072014746796	0.045863880710684	-0.472197522769045	0.563925284190413
PWY3O-1109	28	32	0	6.25118525690343e-05	0	0.000247174352205068	-0.345933096932777	-0.867769493710674	0.17590329984512
PWY3O-19	28	32	0	0	0	0	NA	NA	NA
PWY3O-355	28	32	0.000638062522961479	0.00129017338155392	0.000946424827071877	0.00133160480896369	-0.558216181403369	-1.08615753343589	-0.030274829370853
PWY490-3	28	32	0.000560995677491436	0.000478075323007576	0.000630506654966207	0.000612139170855383	0.133579375352801	-0.384989023605845	0.652147774311448
PWY4FS-7	28	32	0.0116858699394004	0.0108974955041911	0.00353846676331321	0.00327152277756796	0.231984044165488	-0.287741219444102	0.751709307775077
PWY4FS-8	28	32	0.0116854613278188	0.0108974030234319	0.0035376577608478	0.00327153096921974	0.231917491493697	-0.287806780343044	0.751641763330438
PWY4LZ-257	28	32	0.00375174973895683	0.00427894700060879	0.00167867127930053	0.00205384539026741	-0.279163295102755	-0.799662653842771	0.241336063637262
PWY5F9-12	28	32	0	0	0	0	NA	NA	NA
PWY66-367	28	32	0.000521190877299229	0.000497445302503074	0.000820758822637322	0.000730792209194799	0.0306800159664305	-0.487343931488866	0.548703963421727
PWY66-388	28	32	0.000274665420949393	0.000543212968237464	0.00064790606172799	0.0010349898086968	-0.306445359812903	-0.827456925200945	0.21456620557514
PWY66-389	28	32	0.00102395790574853	0.00181604660962747	0.00108490226784952	0.00201462204422303	-0.480519410394268	-1.00590235208797	0.0448635312994372
PWY66-391	28	32	0.00188622925966305	0.00174537933528426	0.0016617321674139	0.00224082203010613	0.0706972539651968	-0.447457424131372	0.588851932061765
PWY66-398	28	32	0.00197374281944424	0.00229469279428839	0.00134391315229413	0.00190636774381991	-0.192381985743883	-0.711567111515648	0.326803140027881
PWY66-399	28	32	0.00987596118305675	0.0106272402411679	0.0019498944566796	0.00102016585516233	-0.492581706111043	-1.01833751331658	0.0331741010944911
PWY66-400	28	32	0.0161128929640904	0.0159239074521543	0.00214575452688419	0.00247004386443782	0.0812940154539315	-0.436912555185777	0.59950058609364
PWY66-409	28	32	0.0105823929728725	0.0110359619671411	0.00261297686787116	0.00265330683949188	-0.17215796901646	-0.69110596625102	0.3467900282181
PWY66-422	28	32	0.0202579063411033	0.0198796540082802	0.00189613821018576	0.0020651021365758	0.190245414230726	-0.328913422389039	0.709404250850492
PWYG-321	28	32	0.00820255025220578	0.00890588360808235	0.00321267589286469	0.0032420823801155	-0.217856395726588	-0.737377469467037	0.30166467801386
PYRIDNUCSAL-PWY	28	32	0.0101533013810866	0.0101683732515029	0.00356158258903854	0.0034408368359672	-0.00430924708136779	-0.522303456346086	0.51368496218335
PYRIDNUCSYN-PWY	28	32	0.0182048530840005	0.0179324869230051	0.00124042932782788	0.00104446875735954	0.238940640889548	-0.280889849145229	0.758771130924324
PYRIDOXSYN-PWY	28	32	0.00875294741101305	0.00838629148144531	0.00283671572002107	0.00290260763117729	0.127660296141828	-0.39085831737056	0.646178909654215
REDCITCYC	28	32	0.00150004609973912	0.00237980480728295	0.00132230798480217	0.00152487756374259	-0.613439086837668	-1.14342259338568	-0.0834555802896583
RHAMCAT-PWY	28	32	0.0107554126605498	0.0099141978896995	0.00177418490732152	0.00130597888730375	0.545630900029449	0.0181290504421293	1.07313274961677
RIBOSYN2-PWY	28	32	0.0197859823469282	0.0195218310546073	0.00220607807958585	0.0017755941256826	0.132897963655624	-0.385664589279062	0.65146051659031
RUMP-PWY	28	32	0.00313107066223498	0.00397139224331539	0.00222336475361229	0.00141445296549236	-0.457715493173016	-0.982418103214025	0.0669871168679942
SALVADEHYPOX-PWY	28	32	0.00920769746244395	0.0090672882724878	0.00259659316366923	0.00217338661266514	0.059000964032106	-0.459104833352875	0.577106761417087
SER-GLYSYN-PWY	28	32	0.0184733792720538	0.0181968024933703	0.00100596776512088	0.00143663522911269	0.220436237155709	-0.299121172252921	0.739993646564338
SO4ASSIM-PWY	28	32	0.0030846419489565	0.00455549487310991	0.00267869786126474	0.00284068469165792	-0.531673828651197	-1.058699577084	-0.00464808021839702
SPHINGOLIPID-SYN-PWY	28	32	0	0	0	0	NA	NA	NA
SUCSYN-PWY	28	32	0	0	0	0	NA	NA	NA
SULFATE-CYS-PWY	28	32	0.00436846921726427	0.0063076722514362	0.00350458479108796	0.00356837804513137	-0.547979468868376	-1.07556260202968	-0.0203963357070717
TCA-GLYOX-BYPASS	28	32	0.00204832333458895	0.0033542767390622	0.00296968544720234	0.00289368174428278	-0.445823161395671	-0.970183763318271	0.07853744052693
TCA	28	32	0.00845833551492559	0.00917704688613423	0.00218741776629207	0.00152177632480085	-0.386093718720478	-0.908869831269135	0.136682393828179
TEICHOICACID-PWY	28	32	0.00882717679645447	0.00851738790887485	0.00150862183047914	0.00129810909800678	0.221269913920075	-0.298299328273726	0.740839156113875
THISYN-PWY	28	32	0.0151802619685652	0.0145278532371601	0.00166763357386842	0.00170489283270386	0.386578140334198	-0.136209925635878	0.909366206304274
THISYNARA-PWY	28	32	0.0161052734293986	0.0149314743178118	0.00174232745216577	0.00164827671510558	0.693444050681862	0.160177003544282	1.22671109781944
THREOCAT-PWY	28	32	0.000391311510282895	0.000964261878126791	0.000904334355935131	0.00160974629544613	-0.431179232932718	-0.955130770081801	0.0927723042163643
THRESYN-PWY	28	32	0.0188460989188504	0.0184664446589107	0.000967201636150681	0.00117834294058916	0.34985504899701	-0.172068645508373	0.871778743502394
TRIGLSYN-PWY	28	32	0	0	0	0	NA	NA	NA
TRNA-CHARGING-PWY	28	32	0.0238156015487671	0.0246083733714055	0.00151503286509491	0.00166614818084844	-0.49623274263913	-1.0221031786815	0.0296376934032386
TRPSYN-PWY	28	32	0.0174787050233404	0.0173112372675558	0.00151514801456141	0.00199005668330077	0.0938315996932731	-0.424445704472309	0.612108903858855
TYRFUMCAT-PWY	28	32	0	0	0	0	NA	NA	NA
UBISYN-PWY	28	32	0.000498674260325515	0.000933135687972714	0.000971918045001486	0.00118233349407439	-0.398790042650517	-0.921884303638038	0.124304218337003
UDPNACETYLGALSYN-PWY	28	32	0.000172349890134622	0.000180245549830371	0.000539970066234462	0.000462922863265852	-0.0157828576653898	-0.533784496981939	0.502218781651159
UDPNAGSYN-PWY	28	32	0.0150598997809303	0.0164594774349097	0.0016630894305037	0.00261468752575595	-0.62959790350695	-1.16021377321052	-0.098982033803379
UNINTEGRATED	28	32	1.04858831485893	1.03957799886176	0.0370383254079599	0.0336107014432889	0.25562768244012	-0.264467796407599	0.775723161287838
UNMAPPED	28	32	0.457564528333063	0.467287705715823	0.0390467582163413	0.0363602723066689	-0.258356420498563	-0.778496919190089	0.261784078192964
URDEGR-PWY	28	32	0.000199728751259671	0.000505009521102255	0.000382926514342551	0.000590342334734453	-0.605104534317088	-1.13476801396849	-0.0754410546656828
URSIN-PWY	28	32	4.31024246680601e-05	0.000259864608177808	0.000228076593151166	0.000911097389278839	-0.316892594267538	-0.838112793579489	0.204327605044412
VALDEG-PWY	28	32	0	0	0	0	NA	NA	NA
VALSYN-PWY	28	32	0.0267969760024248	0.0264824052033278	0.00163385313132569	0.00162598210765442	0.193029557726636	-0.326163593718738	0.712222709172009
