len_control	len_case	mean_control	mean_case	sd_control	sd_case	cohen.d	lower	upper
1CMET2-PWY	52	52	0.0212221094827833	0.0207908441447965	0.00128426667121409	0.00165969153686505	0.290629701041073	-0.100413877427196	0.681673279509342
3-HYDROXYPHENYLACETATE-DEGRADATION-PWY	52	52	0.000301614780444854	0.000627253936344834	0.00101437706767127	0.00128919093313923	-0.280735193127074	-0.671642021530318	0.11017163527617
7ALPHADEHYDROX-PWY	52	52	4.00037351054618e-05	5.86328633815126e-05	0.00020212490239066	0.000251585976772081	-0.0816352892386758	-0.470792704068783	0.307522125591431
AEROBACTINSYN-PWY	52	52	3.49594947922379e-05	9.81315633549927e-05	0.00025209650207546	0.000360286165776651	-0.20316933597958	-0.593167023166462	0.186828351207302
ALL-CHORISMATE-PWY	52	52	0	0	0	0	NA	NA	NA
ALLANTOINDEG-PWY	52	52	0.000924590306714296	0.000675323431821371	0.00100634754438631	0.00101063609316804	0.247167410592752	-0.143310463979868	0.637645285165373
ANAEROFRUCAT-PWY	52	52	0.0162474580764424	0.016305560165192	0.00107965972012725	0.00153144257824722	-0.0438523098247701	-0.432894484186993	0.345189864537452
ANAGLYCOLYSIS-PWY	52	52	0.0202217065670771	0.0203488540286515	0.00125527411517363	0.00123562512559003	-0.102086430292781	-0.491335145126936	0.287162284541374
ARG+POLYAMINE-SYN	52	52	0.00821521960951177	0.00899092069351384	0.00260624225348923	0.00261909168680296	-0.296899202058558	-0.688031855683908	0.0942334515667927
ARGDEG-PWY	52	52	0.00086296259131367	0.00184911438113215	0.00188201421377915	0.00287791048161285	-0.405574083988397	-0.798548284322154	-0.0125998836546401
ARGININE-SYN4-PWY	52	52	0.0133543849250874	0.0136568126698344	0.00325871195352279	0.00316434362898492	-0.0941592690109226	-0.483370184807276	0.295051646785431
ARGORNPROST-PWY	52	52	0.00365698024641908	0.00376052411060708	0.00129011375157242	0.00156645880788988	-0.0721583096593408	-0.46128030260489	0.316963683286209
ARGSYN-PWY	52	52	0.020429562512661	0.0194006971604186	0.00262614552915403	0.00234927350951864	0.412940494914953	0.0198212147088125	0.806059775121093
ARGSYNBSUB-PWY	52	52	0.0204642163974822	0.0192057594502868	0.00288441827423561	0.00248651878929008	0.46733656294389	0.0730670210768497	0.861606104810931
ARO-PWY	52	52	0.0219256876587395	0.021128703190589	0.00163507954664029	0.00178719517956129	0.4653035778409	0.071079518976235	0.859527636705566
ASPASN-PWY	52	52	0.015126741465138	0.0156928956199538	0.0022808240968322	0.00222749989066762	-0.251141913482698	-0.641667753417657	0.13938392645226
AST-PWY	52	52	0.000691401826483387	0.00128967525809471	0.00159357581160719	0.00211721135001451	-0.319287713332788	-0.710753791487312	0.0721783648217358
BIOTIN-BIOSYNTHESIS-PWY	52	52	0.00878545787730903	0.00967373257110312	0.0030952281053503	0.00342209462847022	-0.272246645443309	-0.663039893522183	0.118546602635565
BRANCHED-CHAIN-AA-SYN-PWY	52	52	0.0209333383396761	0.0206912799891368	0.0016592554813412	0.00160745762096223	0.148178257112184	-0.241350619604941	0.53770713382931
CALVIN-PWY	52	52	0.0209730160869764	0.0206293089036987	0.00146566963558155	0.00157889052512989	0.225628496596343	-0.164602656299665	0.615859649492351
CATECHOL-ORTHO-CLEAVAGE-PWY	52	52	0.000318419741319531	0.000276883177652842	0.00111659567447404	0.000902624849289877	0.0409121259138219	-0.348123989965695	0.429948241793338
CENTFERM-PWY	52	52	0.00563453291957211	0.00510531217951597	0.0015033764291006	0.00163112544777434	0.337394444954899	-0.0543587845710156	0.729147674480814
CITRULBIO-PWY	52	52	0.0121574991011513	0.012716052717959	0.00330922971386037	0.00307629333104615	-0.174827449029081	-0.564565258787831	0.21491036072967
COA-PWY-1	52	52	0.0230204865067001	0.0220704879373199	0.00174100312315048	0.00200415262407625	0.506073550837927	0.110900567164849	0.901246534511004
COA-PWY	52	52	0.0209985983149477	0.0204116465228783	0.00165715090188131	0.0017621801516076	0.343151971254028	-0.0486958379163382	0.734999780424395
COBALSYN-PWY	52	52	0.0126503759431792	0.0126128430643304	0.00181133594067215	0.00179096110708776	0.0208379697768441	-0.368168011127675	0.409843950681364
CODH-PWY	52	52	2.09003928840781e-05	0	0.000150714876441773	0	0.196116135138184	-0.193813252983513	0.586045523259881
COLANSYN-PWY	52	52	0.0108909517306992	0.0108887311436428	0.00139277692510983	0.00121037727703933	0.00170190142527476	-0.387293593168545	0.390697396019094
COMPLETE-ARO-PWY	52	52	0.0213568328571124	0.0206209335618958	0.0014365108906102	0.00162249470137916	0.480249485966314	0.0856865459073445	0.874812426025284
CRNFORCAT-PWY	52	52	0.000199998794880851	0.00020624075335112	0.000497660974471762	0.000514364568167511	-0.0123338950805811	-0.401333017732039	0.376665227570877
DAPLYSINESYN-PWY	52	52	0.00629505845450753	0.00663178322641726	0.00306405490511106	0.00297581319833943	-0.11148880578653	-0.500786307505284	0.277808695932224
DENITRIFICATION-PWY	52	52	0.000154347235831103	0.000103890548965113	0.00034809527583075	0.00028944193846632	0.15762060528002	-0.231978369520631	0.547219580080671
DENOVOPURINE2-PWY	52	52	0.017154704117274	0.0175746044201672	0.00158357206844215	0.0016663645380718	-0.258321417533816	-0.648935825575034	0.132292990507402
DHGLUCONATE-PYR-CAT-PWY	52	52	0	0	0	0	NA	NA	NA
DTDPRHAMSYN-PWY	52	52	0.0250593034310214	0.0248383537238377	0.0022719022552995	0.00246400803033427	0.0932315612200897	-0.295975130362506	0.482438252802686
ECASYN-PWY	52	52	0.000741368126959546	0.00109079323517993	0.00179493649871219	0.00183813646879311	-0.192344283398173	-0.582238132600879	0.197549565804534
ENTBACSYN-PWY	52	52	0.00117025728453197	0.00240800071143007	0.00269660360036305	0.00351881898618765	-0.394841528079892	-0.787608934402022	-0.00207412175776145
FAO-PWY	52	52	0.00443505294520384	0.00569335448184076	0.00237370774384038	0.0031499655834001	-0.451169763703248	-0.845082954326005	-0.0572565730804916
FASYN-ELONG-PWY	52	52	0.00902988914535513	0.00989788012512444	0.00345015516021045	0.00381057436613707	-0.238797919130031	-0.629177272042563	0.151581433782501
FASYN-INITIAL-PWY	52	52	0.00774250498251649	0.00875821557441914	0.00355039221203778	0.00396099169399119	-0.270042503095334	-0.66080682382903	0.120721817638363
FERMENTATION-PWY	52	52	0.00531301421077261	0.00602102490165747	0.00282194403684217	0.00304046842924062	-0.241374802442287	-0.631784130253726	0.149034525369153
FOLSYN-PWY	52	52	0.00480404038157656	0.00572253989723917	0.00259348318347621	0.00302155234271581	-0.326210563516714	-0.717784584803467	0.0653634577700394
FUC-RHAMCAT-PWY	52	52	0.00664661659083854	0.00690405066564159	0.00240386382197046	0.00271428654964672	-0.100412008942156	-0.489652485566574	0.288828467682263
FUCCAT-PWY	52	52	0.00580956281759368	0.00579930449369405	0.00222955524973402	0.00244389700457294	0.00438543126348761	-0.384610460483175	0.39338132301015
GALACT-GLUCUROCAT-PWY	52	52	0.00848154093990365	0.00881637556448015	0.00217010496558707	0.0017106545125491	-0.171364591134684	-0.561073309507002	0.218344127237634
GALACTARDEG-PWY	52	52	0.0028890857782032	0.00392667417363735	0.00208036555700902	0.00274088325079545	-0.426439687406297	-0.819831463948741	-0.0330479108638534
GALACTUROCAT-PWY	52	52	0.00797771568763101	0.00843841880621697	0.00218143888627982	0.00198105973287146	-0.22110288798146	-0.611285040684546	0.169079264721627
GALLATE-DEGRADATION-I-PWY	52	52	0	0	0	0	NA	NA	NA
GALLATE-DEGRADATION-II-PWY	52	52	0	0	0	0	NA	NA	NA
GLCMANNANAUT-PWY	52	52	0.00954047540158134	0.00979988062044003	0.00204100847133582	0.00180892830742986	-0.134513989482196	-0.523949070723373	0.254921091758981
GLUCARDEG-PWY	52	52	0.00244626970412603	0.00332924547003734	0.00176774413017736	0.00251596846102649	-0.406099667563486	-0.799084134401161	-0.0131152007258101
GLUCARGALACTSUPER-PWY	52	52	0.0028890857782032	0.00392667417363735	0.00208036555700902	0.00274088325079545	-0.426439687406297	-0.819831463948741	-0.0330479108638534
GLUCONEO-PWY	52	52	0.0138535644882455	0.0139955126446889	0.00148999786568552	0.00192295256744578	-0.0825207443780222	-0.471681691569567	0.306640202813522
GLUCOSE1PMETAB-PWY	52	52	0.00324136403088669	0.00393226930370027	0.00234932505535851	0.00305550275961663	-0.253507585903062	-0.644062335805714	0.137047163999589
GLUCUROCAT-PWY	52	52	0.0090879662863715	0.00935708332895584	0.00216303123391312	0.00163817342689362	-0.140264886188672	-0.529738340932673	0.24920856855533
GLUDEG-I-PWY	52	52	0.00460318843474847	0.00426609808892376	0.0028672783794404	0.00304941834056046	0.11389150126724	-0.275419155569452	0.503202158103933
GLUTORN-PWY	52	52	0.0186089009778156	0.0176262860734024	0.00264106659494869	0.00242691028617011	0.387428279648387	-0.00519946542992744	0.780056024726702
GLYCOCAT-PWY	52	52	0.00450016509093727	0.00496395550066055	0.00292485936822722	0.00339494792213591	-0.146369228887044	-0.5358851684957	0.243146710721611
GLYCOGENSYNTH-PWY	52	52	0.0167678389121116	0.0164921660789076	0.00195176004150041	0.00211847749664769	0.135344371727534	-0.25409615134189	0.524784894796958
GLYCOL-GLYOXDEG-PWY	52	52	0.000520472103171022	0.000982222270193405	0.00103162876216246	0.00116879094380476	-0.418879802042259	-0.812117917234495	-0.0256416868500237
GLYCOLYSIS-E-D	52	52	0.00966360066339152	0.0102301103885042	0.00141305158352427	0.0018248379058023	-0.347129310150663	-0.739043376594143	0.0447847562928163
GLYCOLYSIS-TCA-GLYOX-BYPASS	52	52	0.00208562458155002	0.00369483848160354	0.00310945782285232	0.00438690535880677	-0.423230725419439	-0.816556948598429	-0.0299045022404497
GLYCOLYSIS	52	52	0.013812350712636	0.0141534139874134	0.00207495761462841	0.0026481313435705	-0.143371944705638	-0.532866798340619	0.246122908929342
GLYOXYLATE-BYPASS	52	52	0.00158854604020711	0.00289511884660836	0.00220897685855208	0.00333979890495564	-0.46145557924553	-0.855594077317473	-0.067317081173587
GOLPDLCAT-PWY	52	52	0.00397930739054034	0.00451015624965843	0.00108582547603606	0.0015577265101221	-0.3953678936632	-0.788145315141213	-0.00259047218518749
HCAMHPDEG-PWY	52	52	0.000410234128781813	0.00124885571935379	0.00113814288730067	0.00225035876237868	-0.470294721909081	-0.864630789978711	-0.0759586538394504
HEME-BIOSYNTHESIS-II	52	52	0.00258558101628528	0.00321482351972084	0.00142272571645772	0.001765920673608	-0.392410527193693	-0.785131848688817	0.000310794301431772
HEMESYN2-PWY	52	52	0.00355077576034275	0.00387902053456691	0.00141261642436682	0.00189731047511543	-0.196246630585398	-0.586177260546654	0.193683999375857
HEXITOLDEGSUPER-PWY	52	52	0.00884100186678544	0.00963170394684416	0.00171078336183904	0.00227344296014763	-0.393016513747979	-0.785749296889927	-0.000283730606030985
HISDEG-PWY	52	52	0.0133412496030926	0.0136219750760481	0.00251913241320738	0.0029981541229823	-0.101380761550316	-0.490625987882012	0.28786446478138
HISTSYN-PWY	52	52	0.0201446343351791	0.0196078371358365	0.0014389530474585	0.00177627612068975	0.332086504305478	-0.0595809289799586	0.723753937590915
HOMOSER-METSYN-PWY	52	52	0.00601158267273789	0.00651685831049809	0.00163200213921029	0.0024371039431116	-0.243624383148767	-0.634060139715249	0.146811373417715
HSERMETANA-PWY	52	52	0.016032761580181	0.0157308699406943	0.00167420315275831	0.00213442973520289	0.157385298797102	-0.23221187669855	0.546982474292755
ILEUDEG-PWY	52	52	0	0	0	0	NA	NA	NA
ILEUSYN-PWY	52	52	0.0239800939218587	0.0233634773623848	0.00177827780658754	0.00152427563454743	0.372318505967277	-0.0200326291236722	0.764669641058226
KDO-NAGLIPASYN-PWY	52	52	0.000565443946921999	0.0010075452605544	0.0011687228447537	0.001606692268561	-0.31468983354906	-0.706085483692298	0.0767058165941776
KETOGLUCONMET-PWY	52	52	0.000781165839863777	0.00177589444807847	0.00115349485331059	0.00268898295546302	-0.480787092013412	-0.875362415759167	-0.0862117682676559
LACTOSECAT-PWY	52	52	0.00510024874708792	0.00531077905787017	0.00151968544880815	0.00243092491826278	-0.103854273291207	-0.49311183363308	0.285403287050666
LEU-DEG2-PWY	52	52	0	0	0	0	NA	NA	NA
LIPASYN-PWY	52	52	0	1.47094320904221e-05	0	0.000106071223269945	-0.196116135138184	-0.586045523259881	0.193813252983513
LPSSYN-PWY	52	52	0.000283777121619817	0.000940016627398984	0.000882836341909165	0.00173947074731476	-0.47576336175384	-0.870223489691305	-0.0813032338163761
LYSINE-AMINOAD-PWY	52	52	0	0	0	0	NA	NA	NA
LYSINE-DEG1-PWY	52	52	0	0	0	0	NA	NA	NA
MET-SAM-PWY	52	52	0.00856909140938448	0.00903933053957959	0.00202330101462759	0.00264579917591748	-0.19965936111343	-0.589622759643608	0.190304037416748
METH-ACETATE-PWY	52	52	0.00636586702457358	0.00648679157132477	0.00161195995868557	0.00155728844294428	-0.076299830644244	-0.465436766623241	0.312837105334753
METHANOGENESIS-PWY	52	52	0.000566184813223372	0.000759369083471436	0.00102194082797824	0.00151429095188812	-0.149547795994938	-0.539086572252469	0.239990980262593
METHGLYUT-PWY	52	52	0.00306221806365292	0.00419509428185088	0.00157822795518888	0.00211776401285148	-0.606600399687708	-1.00444127515256	-0.208759524222854
METHYLGALLATE-DEGRADATION-PWY	52	52	0	0	0	0	NA	NA	NA
METSYN-PWY	52	52	0.00815110869853945	0.00866277732323723	0.00200445591695254	0.00268767621605122	-0.215820491333311	-0.605946698037621	0.174305715371
NAD-BIOSYNTHESIS-II	52	52	0.00509079470447431	0.00607476553235326	0.00304856782255132	0.00245164287478973	-0.355705206762644	-0.747764695236431	0.0363542817111443
NADSYN-PWY	52	52	0	0	0	0	NA	NA	NA
NAGLIPASYN-PWY	52	52	0.00816981868653046	0.00853550406603914	0.00294643534069074	0.00307400686170791	-0.121453972205047	-0.510807862319715	0.26789991790962
NONMEVIPP-PWY	52	52	0.00436635348597285	0.00430887048093947	0.00440403735368459	0.00342361127283047	0.0145733025119076	-0.374427285083964	0.40357389010778
NONOXIPENT-PWY	52	52	0.0167106658408096	0.0166718097455145	0.00186600456407611	0.00226018791461327	0.0187485157867839	-0.370255454203232	0.4077524857768
OANTIGEN-PWY	52	52	0.015864572716595	0.01466950512684	0.00187743167937511	0.00210140179701195	0.599763088145732	0.20211833644249	0.997407839848974
ORNARGDEG-PWY	52	52	0.00086296259131367	0.00184911438113215	0.00188201421377915	0.00287791048161285	-0.405574083988397	-0.798548284322154	-0.0125998836546401
ORNDEG-PWY	52	52	0.00126086077649604	0.0025605289459283	0.00212565778143542	0.00356598639417492	-0.442737051827699	-0.836469221938263	-0.0490048817171345
P101-PWY	52	52	0	0	0	0	NA	NA	NA
P105-PWY	52	52	0.00176171860463138	0.00305087485162426	0.0025940597674884	0.00356371898613026	-0.413611551120611	-0.806744174723226	-0.0204789275179969
P108-PWY	52	52	0.00621656789694955	0.00672468517859173	0.00151935246179121	0.00182362839787558	-0.30273910417957	-0.693956420651224	0.0884782122920829
P122-PWY	52	52	0.000869399087957042	0.00139759979134621	0.00149585318482666	0.00169206383774875	-0.330750814555371	-0.722396869404379	0.0608952402936376
P124-PWY	52	52	0.00239253850429758	0.0022049578596998	0.00263763055617707	0.00221252925133398	0.0770548938611272	-0.312084856256264	0.466194643978518
P125-PWY	52	52	0.000832156948185727	0.00116479259611145	0.00102076618342882	0.00197290058149672	-0.211773199951143	-0.601857451726304	0.178311051824017
P161-PWY	52	52	0.00319548788005231	0.00432097335840858	0.00218406615859223	0.00288265464667267	-0.440102293208724	-0.833778587817938	-0.0464259985995111
P162-PWY	52	52	0.00230165584346315	0.00307251911781038	0.00206689222810661	0.00231077148733609	-0.351634971628823	-0.743625005132247	0.0403550618746009
P163-PWY	52	52	0.000765583347503766	0.00122571464841515	0.00115213163317825	0.00136527558210706	-0.364256403354956	-0.756464372880061	0.0279515661701484
P164-PWY	52	52	0.00684092410362075	0.00733177213425001	0.00133066464793876	0.00186377378763099	-0.303121967885154	-0.694344891802393	0.0881009560320847
P165-PWY	52	52	0	0	0	0	NA	NA	NA
P185-PWY	52	52	0.00330842680715523	0.00306837779519708	0.00119105298093374	0.00144487257916563	0.181297834152315	-0.208495886733983	0.571091555038613
P221-PWY	52	52	0.000518866377826699	0.000914194535339336	0.00128978210999937	0.00140990102158317	-0.292580576841708	-0.68365167118672	0.0984905175033047
P23-PWY	52	52	0.00104427866519422	0.00140754134699852	0.00164700777837564	0.00139845475114653	-0.237769379391796	-0.628136857291644	0.152598098508053
P241-PWY	52	52	8.69227992788039e-05	0.000139805963753269	0.000304648232693572	0.000529129622261591	-0.122490120368443	-0.511850149986275	0.266869909249389
P261-PWY	52	52	0	0	0	0	NA	NA	NA
P4-PWY	52	52	0.00525015822041499	0.00572554500519439	0.00267823026773574	0.00303115315982833	-0.166210992868622	-0.555877489708059	0.223455503970815
P42-PWY	52	52	0.00582068611813124	0.00581976604209658	0.00250552959247937	0.00250960088603646	0.00036691995768446	-0.38862850748974	0.389362347405109
P441-PWY	52	52	0.00750491319001455	0.00848571757639613	0.00194022299627898	0.00231585261077947	-0.459111508554892	-0.853198225103395	-0.0650247920063877
P461-PWY	52	52	0.00522804935042715	0.00588681211838953	0.00213003021406719	0.00299872584317883	-0.253282398068126	-0.643834384457448	0.137269588321197
P562-PWY	52	52	0.000235051968479763	5.14075244199622e-05	0.00063957134956902	0.000262258129127667	0.375712552135372	-0.0166997753714203	0.768124879642165
P621-PWY	52	52	0.000520852776639692	0.000547968320945228	0.000950287722352168	0.000996107635280016	-0.0278546020482325	-0.416868889097931	0.361159685001466
PANTO-PWY	52	52	0.019163562952642	0.0189975874629322	0.00135268882269579	0.00158888604623383	0.112486004318203	-0.276816923217864	0.501788931854269
PANTOSYN-PWY	52	52	0.0195377624086709	0.0193337908793282	0.0011672402537469	0.00159947884855207	0.145679412102105	-0.24383163608106	0.535190460285271
PENTOSE-P-PWY	52	52	0.012295132073645	0.0128031243409126	0.00195590116928782	0.00202592598390746	-0.25511591152347	-0.645690469692403	0.135458646645463
PEPTIDOGLYCANSYN-PWY	52	52	0.023592440929923	0.0225321521213927	0.00197377594860203	0.00200326465208404	0.533190263690554	0.137343412576567	0.929037114804541
PHOSLIPSYN-PWY	52	52	0.0131997480219326	0.0139406182774384	0.0030711541646958	0.0029781654945508	-0.244914397747514	-0.635365419587793	0.145536624092764
PHOTOALL-PWY	52	52	0.000205974281954687	0.000195665079925125	0.000491557724620455	0.000515759793389075	0.0204627192178481	-0.368542884903429	0.409468323339125
POLYAMINSYN3-PWY	52	52	0.00311712620803604	0.00373578047655634	0.00238947256193028	0.00243397298909148	-0.256508727972048	-0.647100540578187	0.134083084634091
POLYAMSYN-PWY	52	52	0.00645715854904555	0.00710282830476149	0.0024837812332368	0.00246354531304076	-0.261015458998681	-0.651663740171669	0.129632822174308
POLYISOPRENSYN-PWY	52	52	0.00810829340517898	0.00845960325813414	0.00254153383073987	0.0028092422368841	-0.131147698207316	-0.520561061106858	0.258265664692227
PPGPPMET-PWY	52	52	0.00445042411172555	0.00500840248823237	0.00152467262879066	0.00238857695295674	-0.278468824871837	-0.669344990352884	0.112407340609211
PROPFERM-PWY	52	52	0.001331529310744	0.00157397876933436	0.00100422223104248	0.00102018596135058	-0.239518810207919	-0.629906516510057	0.15086889609422
PROTOCATECHUATE-ORTHO-CLEAVAGE-PWY	52	52	0.000533720975601113	0.000482389739678249	0.000976757685369614	0.00102793399548957	0.0511944240516553	-0.337864714034065	0.440253562137376
PRPP-PWY	52	52	0.0107372562513694	0.0113400337848296	0.00223051252768442	0.00217433125268844	-0.273666236953665	-0.664478239220598	0.117145765313268
PWY-101	52	52	0.000325162806294443	0.000429031969156678	0.000556323177631839	0.000710718985183162	-0.162751465189526	-0.552390340069963	0.22688740969091
PWY-1042	52	52	0.0247431481019939	0.024209193095513	0.00197768914747673	0.00196970687327582	0.270534758594775	-0.12023600233176	0.661305519521311
PWY-1269	52	52	0.00972619772148243	0.0102164934705516	0.0029517327152061	0.00303451806931909	-0.163791624963869	-0.553438743933472	0.225855494005735
PWY-1361	52	52	0	0	0	0	NA	NA	NA
PWY-1501	52	52	0	0	0	0	NA	NA	NA
PWY-1541	52	52	4.71459076714098e-05	0.000144880151934613	0.000339973975075118	0.000583393170251957	-0.204697586566709	-0.594710388874052	0.185315215740633
PWY-1622	52	52	3.92288874588786e-05	9.41950931637421e-05	0.000282883530424786	0.000387032696464121	-0.162150877488529	-0.551785016075119	0.227483261098062
PWY-181	52	52	6.33200752123051e-05	0.000125586893514639	0.000456607555888405	0.000517774280085375	-0.127556755192577	-0.516947555803428	0.261834045418273
PWY-1861	52	52	0.00561302275953518	0.00600502271366819	0.00235221655378494	0.00254295889042189	-0.160036227594981	-0.549653828758107	0.229581373568146
PWY-2201	52	52	0	0	0	0	NA	NA	NA
PWY-2221	52	52	0	2.00059070814913e-05	0	0.00014426464758897	-0.196116135138184	-0.586045523259881	0.193813252983513
PWY-241	52	52	0.0046944622613037	0.00521834557905386	0.00275003710465009	0.00287961070237822	-0.186066563074442	-0.575902786041069	0.203769659892185
PWY-2723	52	52	0.00317813669847459	0.00363483278827127	0.00230384746670942	0.00262215549037816	-0.185036674903301	-0.57486362579803	0.204790275991428
PWY-2941	52	52	0.010950022503315	0.0118769827238484	0.00307024564482411	0.00292746110984252	-0.309017326945854	-0.700327479043909	0.0822928251522
PWY-2942	52	52	0.0207086807761943	0.0203875300110684	0.00127695311339243	0.00142425893356978	0.237429932317407	-0.152933637664637	0.627793502299451
PWY-3001	52	52	0.0191920313153913	0.0191710227589123	0.00136968286336548	0.00152030936150499	0.0145191253118952	-0.374481423964878	0.403519674588668
PWY-3502	52	52	0	0	0	0	NA	NA	NA
PWY-3781	52	52	0.00103331153074601	0.000877305333643685	0.0012372969410984	0.00115992339182142	0.130088167213232	-0.259318473533702	0.519494807960166
PWY-3801	52	52	0.000657225646087935	0.000500409071556123	0.00229480456199871	0.00154836451741098	0.0801109093014056	-0.309040513493677	0.469262332096489
PWY-3841	52	52	0.0225371047436101	0.0217018373321471	0.00166851497547055	0.00202556728584232	0.450121490926287	0.0562309843458234	0.844011997506751
PWY-4041	52	52	0.00669412487290901	0.00685805347843147	0.00206902520354681	0.00317427290098038	-0.0611842726804076	-0.450270699353269	0.327902153992454
PWY-4242	52	52	0.0211262046552096	0.0205079980978096	0.00177662905117977	0.00176966656751036	0.348648523647096	-0.043291049446094	0.740588096740286
PWY-4321	52	52	9.03597910747913e-05	0.000291251953425081	0.000420859549041226	0.000955215283378367	-0.272177747447685	-0.662970087775804	0.118614592880434
PWY-4361	52	52	0	0	0	0	NA	NA	NA
PWY-4702	52	52	0.000498297877200764	0.00169026292431754	0.00120611622983496	0.00287704312352993	-0.540350281490646	-0.936380733018838	-0.144319829962454
PWY-4722	52	52	0.000224329097800815	0.000374060506357306	0.000423258885549104	0.000593106846944496	-0.290610836338534	-0.681654149621258	0.100432476944189
PWY-4981	52	52	0.0107372314971578	0.0107356771831103	0.00285815546714823	0.0026056018551109	0.000568347433473386	-0.388427084594094	0.38956377946104
PWY-4984	52	52	0.0105768768364372	0.0113897297018648	0.00360511729838319	0.00348538054342716	-0.229246805608603	-0.619517844724787	0.16102423350758
PWY-5004	52	52	0.00090662472318457	0.000786488725530083	0.00114676557364169	0.00108607522415915	0.107568479068762	-0.281708159542952	0.496845117680476
PWY-5005	52	52	0.00426589130481556	0.00411731904061071	0.00233050938511719	0.00187315980684647	0.0702722631084845	-0.318843200899779	0.459387727116748
PWY-5022	52	52	0.00485926337848335	0.0047139297961538	0.00258388884855394	0.00257600387607747	0.0563319512231604	-0.332740614976741	0.445404517423062
PWY-5028	52	52	0	3.89652363077925e-05	0	0.000280982314936634	-0.196116135138184	-0.586045523259881	0.193813252983513
PWY-5030	52	52	0.0114069071585497	0.0119508846390233	0.0031092271433762	0.00302676989651132	-0.177290949085363	-0.567049807580501	0.212467909409775
PWY-5044	52	52	0	0	0	0	NA	NA	NA
PWY-5055	52	52	0	0	0	0	NA	NA	NA
PWY-5067	52	52	0	0	0	0	NA	NA	NA
PWY-5079	52	52	0	0	0	0	NA	NA	NA
PWY-5080	52	52	0	0	0	0	NA	NA	NA
PWY-5083	52	52	0.00405345024278612	0.00446799072460523	0.00253457027250771	0.00360487838886198	-0.133035129908066	-0.522460602336001	0.256390342519868
PWY-5088	52	52	0.000358255547194946	0.000666585844354538	0.000782416110472095	0.00111054119878019	-0.320979216985565	-0.712471458551247	0.0705130245801165
PWY-5097	52	52	0.0215261991530417	0.0208561119825554	0.0015042736218274	0.00171940540197171	0.414805568660611	0.0216491505599761	0.807961986761246
PWY-5100	52	52	0.0139798725725429	0.01424756799038	0.00180280163947432	0.00195638376798235	-0.142303322130744	-0.53179076320272	0.247184118941232
PWY-5101	52	52	0.00125050345751455	0.00139553482546303	0.00144975715895521	0.00209841178529314	-0.0804172140015262	-0.469569831759731	0.308735403756679
PWY-5103	52	52	0.0201230807594076	0.0199682142291467	0.0017621827392689	0.0017175924789799	0.0890021955103159	-0.300185767562527	0.478190158583159
PWY-5104	52	52	0.00995480965657742	0.00981798128120391	0.00238289269885847	0.00217723852541817	0.0599497847234782	-0.329133007169863	0.44903257661682
PWY-5109	52	52	0	0	0	0	NA	NA	NA
PWY-5121	52	52	0.00342357086422643	0.00350527882703206	0.00335633887297869	0.00269212072746748	-0.0268563232500547	-0.415869282507594	0.362156636007485
PWY-5129	52	52	0	0	0	0	NA	NA	NA
PWY-5136	52	52	0.00426075397762	0.00547458755662598	0.00236280386010511	0.00296264486036497	-0.452996986176271	-0.84694983989172	-0.0590441324608214
PWY-5138	52	52	0.002656633030258	0.00335574718480213	0.00257261214172986	0.0021296581352056	-0.29604117154967	-0.687161523464282	0.0950791803649416
PWY-5154	52	52	0.0154208783384922	0.0157760037527432	0.00260353023539067	0.00183983415735654	-0.157535381541881	-0.547133704357385	0.232062941273624
PWY-5156	52	52	0	9.48348152464451e-05	0	0.000683863578140424	-0.196116135138184	-0.586045523259881	0.193813252983513
PWY-5173	52	52	0.00160944027282881	0.00260277146846123	0.00209619906604089	0.0030909262853014	-0.376144777569708	-0.768564936988229	0.0162753818488124
PWY-5177	52	52	0.00853586784342996	0.00867452245208611	0.00279931347963576	0.00285360140726782	-0.0490537069708994	-0.438107628404779	0.34000021446298
PWY-5178	52	52	0	3.61252773521122e-05	0	0.000260503079666797	-0.196116135138184	-0.586045523259881	0.193813252983513
PWY-5180	52	52	2.65712559335613e-05	0.000153650156480125	0.000191608051443864	0.000588554167664246	-0.290353388569169	-0.681393084550709	0.10068630741237
PWY-5181	52	52	0.000196537922528266	0.000246453412200474	0.000677779911862851	0.000974942028886044	-0.0594506425578593	-0.448531985819691	0.329630700703972
PWY-5182	52	52	2.65712559335613e-05	0.000153650156480125	0.000191608051443864	0.000588554167664246	-0.290353388569169	-0.681393084550709	0.10068630741237
PWY-5183	52	52	0	3.67988892942167e-05	0	0.000265360564460843	-0.196116135138184	-0.586045523259881	0.193813252983513
PWY-5188	52	52	0.0103256059735422	0.0102019411723236	0.00176944070029613	0.00186007014247203	0.0681228251202822	-0.320985408857241	0.457231059097805
PWY-5189	52	52	0.00168379194977023	0.00337813891479733	0.00200800795841561	0.00306467966471007	-0.653989226129442	-1.05324764464211	-0.254730807616778
PWY-5198	52	52	0.000439762473405497	0.000646902172465199	0.00087298359113743	0.00135319310964771	-0.181910453926606	-0.571709573372717	0.207888665519506
PWY-5265	52	52	0.00223032969407333	0.00223136389756866	0.00247290253805753	0.00319893595680999	-0.000361728613602782	-0.389357155969062	0.388633698741857
PWY-5304	52	52	0	0	0	0	NA	NA	NA
PWY-5306	52	52	0	0	0	0	NA	NA	NA
PWY-5345	52	52	0.00433694628365095	0.00613281713461944	0.00364783965985586	0.00393881627676217	-0.473081012272894	-0.867480114922789	-0.0786819096229981
PWY-5347	52	52	0.00858135569355056	0.00907375610770204	0.00202522485957089	0.00264087141669218	-0.209241140651323	-0.599299546283978	0.180817264981332
PWY-5367	52	52	0.00232704088003799	0.00329924976047108	0.00203755129265294	0.00241346739744038	-0.43529810931242	-0.828873359616451	-0.0417228590083892
PWY-5381	52	52	0	0	0	0	NA	NA	NA
PWY-5384	52	52	0.00402509022199678	0.0045047183514038	0.00213120051315002	0.00283746132228045	-0.191139987043118	-0.581022633879128	0.198742659792893
PWY-5392	52	52	0.000592627518988925	0.000903383396157903	0.00119262748490114	0.00106385763141099	-0.274986176324597	-0.66581570297104	0.115843350321845
PWY-5415	52	52	2.19297458534611e-05	0.000122902465208243	0.000158137646265096	0.000409022556538165	-0.325627849728478	-0.717192697084351	0.0659369976273955
PWY-5417	52	52	0.000327171034218764	0.000263310543647072	0.00121554018783205	0.000974350281307522	0.0579724464192511	-0.331104677774677	0.447049570613179
PWY-5419	52	52	0	0	0	0	NA	NA	NA
PWY-5420	52	52	0	0	0	0	NA	NA	NA
PWY-5430	52	52	0	0	0	0	NA	NA	NA
PWY-5431	52	52	0.000327171034218764	0.000263310543647072	0.00121554018783205	0.000974350281307522	0.0579724464192511	-0.331104677774677	0.447049570613179
PWY-5464	52	52	0.00225511677640658	0.00297563818387847	0.00174185831974073	0.00227604451979995	-0.355527063756313	-0.74758349590916	0.0365293683965326
PWY-5484	52	52	0.0133091516165334	0.0137510491610304	0.00186326483234542	0.0025163321747558	-0.19959145594982	-0.589554196982453	0.190371285082813
PWY-5505	52	52	0.00833026047184965	0.00823522887772522	0.00154379146530281	0.00234416308842342	0.0478811090010045	-0.341170049376947	0.436932267378955
PWY-5509	52	52	5.47026743527293e-05	0.000105022466510948	0.000285818551190934	0.000489865893478498	-0.125474288605988	-0.514852291211073	0.263903713999098
PWY-5514	52	52	0.000105073689289188	0.000102758324890416	0.00041182607800435	0.000326831813111452	0.00622801732676613	-0.382768349873371	0.395224384526903
PWY-5531	52	52	0	0	0	0	NA	NA	NA
PWY-5532	52	52	6.763673911712e-05	2.81262847736864e-05	0.000284895260449125	0.000202821523879657	0.159775599291868	-0.229839978630064	0.5493911772138
PWY-5534	52	52	0	0	0	0	NA	NA	NA
PWY-561	52	52	0.00149760165763602	0.00272534910931687	0.00246186066829387	0.00341840045997178	-0.412165002868563	-0.805268889482029	-0.0190611162550962
PWY-5647	52	52	0	0	0	0	NA	NA	NA
PWY-5651	52	52	0	0	0	0	NA	NA	NA
PWY-5654	52	52	2.20463559852952e-05	5.96078648459529e-05	0.000158978533884228	0.000221126880760095	-0.195047399835832	-0.584966648442145	0.194871848770481
PWY-5656	52	52	0.000434530245223899	0.00139680425046046	0.00112491053398906	0.00223542546657985	-0.543798647974238	-0.939918367098346	-0.147678928850129
PWY-5659	52	52	0.0121386618028594	0.0124605573757494	0.00208067752578747	0.00158937831544154	-0.173866305620666	-0.563595982705592	0.21586337146426
PWY-5667	52	52	0.0215850824153181	0.0211092508232707	0.00126317689664954	0.00144747217602788	0.350274490962942	-0.0416925026604939	0.742241484586378
PWY-5675	52	52	0.00135865395956655	0.00239895511373671	0.0021820973932434	0.00321418595515768	-0.378697906950445	-0.771164509476184	0.0137686955752935
PWY-5676	52	52	0.00583271456432792	0.00638710466219743	0.00160644702995352	0.00206784612212435	-0.299415422362802	-0.690584354453788	0.0917535097281851
PWY-5677	52	52	0.000954179680813177	0.00151032163532378	0.0010279254328463	0.00135629026529558	-0.462157316231762	-0.856311365934335	-0.0680032665291895
PWY-5686	52	52	0.0246518376867546	0.0237707913159927	0.00201305947093324	0.00222888944499222	0.414860332630297	0.0217028215774031	0.808017843683191
PWY-5690	52	52	0.00699941783049217	0.00731993547891216	0.0016028109082875	0.00172030788685975	-0.192781244645117	-0.582679175778024	0.19711668648779
PWY-5692	52	52	0.000181759145488181	0.000497433037954373	0.000503607446703555	0.000791024894605566	-0.476074631845726	-0.870541863120059	-0.0816074005713929
PWY-5695	52	52	0.0217398784984271	0.021562107534479	0.00149063814300074	0.00147059960319587	0.120062561075944	-0.269283166384951	0.509408288536838
PWY-5705	52	52	0.000278919093389095	0.000910894323963375	0.000657947669641769	0.0015690974643498	-0.525283334127	-0.920930180893152	-0.129636487360847
PWY-5723	52	52	0.00186346746060523	0.00338012942762523	0.00282985453290422	0.00380979385111258	-0.451954250907872	-0.845884451062341	-0.0580240507534021
PWY-5724	52	52	2.52543530418144e-05	0	0.000182111729641863	0	0.196116135138184	-0.193813252983513	0.586045523259881
PWY-5747	52	52	0.000595563739747775	0.00152229108675407	0.0011493547871856	0.00229819723415337	-0.510041257378794	-0.905310715226424	-0.114771799531164
PWY-5751	52	52	0	0	0	0	NA	NA	NA
PWY-5754	52	52	2.74219905097826e-05	3.09024387755557e-05	0.000138848586846882	0.000156482122175321	-0.0235279350927404	-0.412536817394065	0.365480947208584
PWY-5757	52	52	0	0	0	0	NA	NA	NA
PWY-5791	52	52	0.00285660335026738	0.0033018809860569	0.00191890091920135	0.00206713443673062	-0.22326447902285	-0.613469912870936	0.166940954825237
PWY-5837	52	52	0.00285660335026738	0.0033018809860569	0.00191890091920135	0.00206713443673062	-0.22326447902285	-0.613469912870936	0.166940954825237
PWY-5838	52	52	0.00476752670065068	0.00542819094321024	0.00285176724236118	0.00293898499346449	-0.228153197507707	-0.618412114818582	0.162105719803167
PWY-5840	52	52	0.00427881904403449	0.00502105122793018	0.00256421970531692	0.00264529341899096	-0.284918110351691	-0.67588217795413	0.106045957250749
PWY-5845	52	52	0.00397305410607067	0.00483810516503511	0.00278816980171382	0.00267965094479672	-0.316352996623792	-0.707774005795421	0.0750680125478383
PWY-5850	52	52	0.00221492895416391	0.00296492708387447	0.00272283152476188	0.00327346496194223	-0.249105691241981	-0.639606862654418	0.141395480170455
PWY-5855	52	52	0.000576668031070749	0.000786133970086144	0.00146349245591537	0.00141301810598609	-0.145616499355234	-0.535127102576826	0.243894103866359
PWY-5856	52	52	0.000576668031070749	0.000786133970086144	0.00146349245591537	0.00141301810598609	-0.145616499355234	-0.535127102576826	0.243894103866359
PWY-5857	52	52	0.000576668031070749	0.000786133970086144	0.00146349245591537	0.00141301810598609	-0.145616499355234	-0.535127102576826	0.243894103866359
PWY-5860	52	52	0.00185139580412449	0.002515313431431	0.0023190855200228	0.00285400513554691	-0.255319859686177	-0.64589693857478	0.135257219202426
PWY-5861	52	52	0.00401362542083908	0.00461347913204191	0.00246832464875908	0.00264090815968386	-0.234677811121913	-0.625009901742688	0.155654279498863
PWY-5862	52	52	0.00332761066651552	0.00408014215325746	0.00238676950999726	0.00236366578964603	-0.316822581257575	-0.708250774306694	0.0746056117915446
PWY-5863	52	52	0.00293861356280183	0.00339301453949885	0.00194577661235242	0.00202954175129652	-0.22856037768159	-0.618823801542568	0.161703046179389
PWY-5870	52	52	0	0	0	0	NA	NA	NA
PWY-5871	52	52	0	0	0	0	NA	NA	NA
PWY-5872	52	52	0	0	0	0	NA	NA	NA
PWY-5873	52	52	0	0	0	0	NA	NA	NA
PWY-5896	52	52	0.00221492895416391	0.00296492708387447	0.00272283152476188	0.00327346496194223	-0.249105691241981	-0.639606862654418	0.141395480170455
PWY-5897	52	52	0.00456629215012149	0.00521486905135825	0.00278591214557375	0.00286717708754786	-0.229435577882221	-0.619708715222054	0.160837559457611
PWY-5898	52	52	0.00456629215012149	0.00521486905135825	0.00278591214557375	0.00286717708754786	-0.229435577882221	-0.619708715222054	0.160837559457611
PWY-5899	52	52	0.00456629215012149	0.00521486905135825	0.00278591214557375	0.00286717708754786	-0.229435577882221	-0.619708715222054	0.160837559457611
PWY-5910	52	52	0.000537051391745495	0.000776083824067896	0.00101479122868856	0.0014612793285096	-0.190009567027681	-0.579881762422707	0.199862628367346
PWY-5913	52	52	0.00437546356751033	0.00521270821665531	0.00271351597316132	0.00339445710364665	-0.272460182494416	-0.663256245431005	0.118335880442173
PWY-5918	52	52	0.00195525140466169	0.00347013613963605	0.00186460290637858	0.00263144433524358	-0.664281197368804	-1.06386086600817	-0.264701528729441
PWY-5920	52	52	0.000792447729801467	0.00185924270985144	0.00134054857371742	0.00236022822715619	-0.55581285443894	-0.952247859140509	-0.159377849737371
PWY-5941	52	52	0.00636884364270426	0.00635749692658445	0.00311829359868818	0.00361445806118171	0.00336148742342693	-0.385634211468978	0.392357186315832
PWY-5971	52	52	0.00628785344707081	0.00794206386154706	0.00455589097398764	0.00490070072400554	-0.349621073316061	-0.741577032514215	0.0423348858820937
PWY-5973	52	52	0.0182763084699404	0.0184932663320555	0.00218647872678775	0.00205561628653832	-0.102239437345502	-0.49148891176433	0.287010037073326
PWY-5989	52	52	0.00811136555157947	0.00925869998147558	0.00325291493294728	0.00320780993762905	-0.355163389025205	-0.747213586450499	0.0368868084000891
PWY-5994	52	52	0.00115200589600042	0.00137817814070416	0.00258908201944055	0.00248839712558695	-0.0890708889051346	-0.478259149228549	0.300117371418279
PWY-6071	52	52	0.000111010523650322	0.000365043459422132	0.000512148357685904	0.000999898660633387	-0.319785891446067	-0.711259661013474	0.0716878781213401
PWY-6107	52	52	0	1.3924533929265e-05	0	0.000100411242137806	-0.196116135138184	-0.586045523259881	0.193813252983513
PWY-6113	52	52	0.00505432555385889	0.00659608769844581	0.00373348593189525	0.00419267605726582	-0.388379985821663	-0.7810255151465	0.0042655435031746
PWY-6121	52	52	0.0219853985774303	0.0214337749985103	0.0018561470577933	0.00146640224630159	0.329787212309164	-0.0618434723441474	0.721417896962475
PWY-6122	52	52	0.0222322317767209	0.0216247014462698	0.00207835427379795	0.00161801444330805	0.326197487927596	-0.0653763273266146	0.717771303181806
PWY-6123	52	52	0.0202475822803358	0.0201186518378146	0.00164989626229265	0.00160934204542131	0.0791107925901153	-0.310036760253797	0.468258345434028
PWY-6124	52	52	0.0198067082802733	0.0196973825961979	0.00172579103711488	0.00171567222158507	0.0635341442237069	-0.325559405952917	0.452627694400331
PWY-6125	52	52	0.0158812202980824	0.0165683740658335	0.00218425467617421	0.00238341858654395	-0.300591327223528	-0.691777317133467	0.090594662686412
PWY-6126	52	52	0.0198078905348452	0.0200574305260414	0.00111884326240869	0.00118032005004434	-0.216992705042147	-0.607131210591282	0.173145800506988
PWY-6138	52	52	4.85958328052781e-05	0.000266196228540045	0.000245393593314225	0.000577624374544553	-0.490342307356664	-0.885139979658717	-0.0955446350546116
PWY-6143	52	52	0.00108769962887654	0.00137438465454907	0.0015866053047013	0.0017860909221095	-0.169706875307263	-0.559401872482603	0.219988121868077
PWY-6145	52	52	0	0	0	0	NA	NA	NA
PWY-6147	52	52	0.0136974417232466	0.0143732611839606	0.00279444460338441	0.00254926868333864	-0.25267420513565	-0.643218739935301	0.137870329664
PWY-6148	52	52	0	0	0	0	NA	NA	NA
PWY-6151	52	52	0.021050537058529	0.0200849910804971	0.00195509156081441	0.00268839795382284	0.410780141405059	0.0177036739442004	0.803856608865918
PWY-6163	52	52	0.0224431862739452	0.0218175885608525	0.00144072819708826	0.001860364989698	0.375998743986247	-0.0164187683184314	0.768416256290925
PWY-6165	52	52	0.000438571749113696	0.000585344750768325	0.00091432564256375	0.00151302230826637	-0.117414120277002	-0.506744570200662	0.271916329646658
PWY-6167	52	52	0.000610727161085986	0.000880883211133257	0.00139440567907673	0.00202375154066594	-0.155458142243561	-0.545040682311779	0.234124397824658
PWY-6168	52	52	0.0180925966733953	0.0181242541976901	0.00154462449072464	0.00164561044597809	-0.0198365801187331	-0.408841570786287	0.369168410548821
PWY-6174	52	52	9.0739260338256e-05	0.000200692140439756	0.000321043760945891	0.000597590078246177	-0.229222013451161	-0.619492777127378	0.161048750225056
PWY-6182	52	52	0.000271264570430054	0.000240831733731357	0.000979270391125765	0.000908795817850401	0.032214610205312	-0.356806043907215	0.421235264317839
PWY-6185	52	52	0.00026356197433641	0.000227944703491265	0.000951548462507277	0.000930035402648561	0.0378563440160784	-0.351173920499492	0.426886608531649
PWY-6210	52	52	2.20463559852952e-05	7.70379682438641e-05	0.000158978533884228	0.000250152859589942	-0.262385007880965	-0.653050642474128	0.128280626712198
PWY-6215	52	52	6.93903727351052e-05	0.000109986972364081	0.000398136953761497	0.000375394173656852	-0.104919021435387	-0.494181982486172	0.284343939615399
PWY-621	52	52	0.0100084488696219	0.0108394960189284	0.00246766029998733	0.00249463291290993	-0.334939850331189	-0.726653237635587	0.0567735369732084
PWY-622	52	52	0.00172886740470856	0.00157457233634307	0.00243098069514306	0.00196016863454609	0.0698749958580658	-0.319239114960634	0.458989106676765
PWY-6263	52	52	0.00280901136376562	0.00297918715399606	0.0021091346953242	0.00166489663986376	-0.0895641586779364	-0.478754560211284	0.299626242855411
PWY-6269	52	52	0	0	0	0	NA	NA	NA
PWY-6270	52	52	0.00298773413074555	0.00281994973559791	0.00329347195422681	0.00235938928486534	0.0585684385013884	-0.330510373998543	0.44764725100132
PWY-6277	52	52	0.0222322317767209	0.0216247014462698	0.00207835427379795	0.00161801444330805	0.326197487927596	-0.0653763273266146	0.717771303181806
PWY-6281	52	52	0	0	0	0	NA	NA	NA
PWY-6282	52	52	0.00811379941220676	0.0090546351550064	0.00345343600268788	0.00363779889004512	-0.265262101017251	-0.655964484214856	0.125440282180355
PWY-6284	52	52	0.00344184339281858	0.00461083265803703	0.00277738630002698	0.00318440420935608	-0.391249727683751	-0.783949142241208	0.00144968687370611
PWY-6285	52	52	0.00155563068266504	0.00320307404461048	0.00252880259451345	0.00382598990338228	-0.508012564012774	-0.903232603305484	-0.112792524720063
PWY-6305	52	52	0.0107683005977207	0.0116255117463673	0.00247907480796473	0.00189383765139068	-0.38859042772384	-0.781239895294926	0.00405903984724598
PWY-6307	52	52	2.86794858832165e-05	0	0.000136660487078313	0	0.296785989608615	-0.0943450388563202	0.687917018073549
PWY-6309	52	52	0	0	0	0	NA	NA	NA
PWY-6313	52	52	3.26327087594435e-05	0	0.000155618443182171	0	0.296556233058779	-0.0945714991442009	0.687683965261759
PWY-6317	52	52	0.016679916725544	0.0163124714068413	0.00199934313221568	0.00200854110374242	0.183360760654632	-0.206451211548564	0.573172732857827
PWY-6318	52	52	0.00126603495172347	0.00139260506690373	0.00163874216438198	0.00132673257806047	-0.0848938697194702	-0.474064471824948	0.304276732386007
PWY-6344	52	52	0	0	0	0	NA	NA	NA
PWY-6349	52	52	0.000514549838571709	0.000621644811801274	0.000970634766110491	0.00135863297820086	-0.0907061009223251	-0.479901504785394	0.298489302940744
PWY-6350	52	52	2.16954088802474e-05	0	0.000156447818319778	0	0.196116135138184	-0.193813252983513	0.586045523259881
PWY-6351	52	52	0	0	0	0	NA	NA	NA
PWY-6352	52	52	0	0	0	0	NA	NA	NA
PWY-6353	52	52	0.00868459345105718	0.00951369461498803	0.00161665024642913	0.00287792546581156	-0.355212889234828	-0.747263934907146	0.0368381564374897
PWY-6385	52	52	0.0233861691735432	0.0224546402652352	0.00187962214765989	0.00191459533706549	0.491004715560145	0.0961914716248534	0.885817959495436
PWY-6386	52	52	0.0236829260649587	0.0225549121330175	0.00205242164579361	0.00207095029579014	0.547126264417457	0.150919884400798	0.943332644434115
PWY-6387	52	52	0.0236467431595335	0.0225882836195053	0.00198286762155962	0.00201092400395765	0.530039382334975	0.134272578182109	0.925806186487842
PWY-6396	52	52	5.17550565784993e-05	0.000345935594324384	0.000261314084761495	0.00175129462362634	-0.234956867643275	-0.625292133568071	0.155378398281521
PWY-6415	52	52	0.000742232412430385	0.00104884761749104	0.00103403360946295	0.00108652774561681	-0.289094489377619	-0.680116542730846	0.101927563975608
PWY-6435	52	52	0.000289834780096422	0.000176853791607313	0.000743519037360999	0.000467885390226016	0.181880283749115	-0.207918569405192	0.571679136903422
PWY-6467	52	52	0	0	0	0	NA	NA	NA
PWY-6470	52	52	0.00909127274017757	0.00861032575120694	0.00242795960950114	0.00269940693932578	0.187337657168805	-0.202510080092011	0.577185394429621
PWY-6471	52	52	0.0117913154822634	0.0105840718059851	0.00298409452628633	0.00349934385710421	0.371237991782692	-0.0210937768923905	0.763569760457775
PWY-6478	52	52	0.00100115289099572	0.00180585187396173	0.00123062248623595	0.00192646555639519	-0.497824380131145	-0.892799124140235	-0.102849636122055
PWY-6507	52	52	0.00753643026202473	0.00804226251211732	0.0021637071135477	0.0020327233800633	-0.240960037259806	-0.63136451885892	0.149444444339308
PWY-6519	52	52	0.00835273291971383	0.00927912035561181	0.00316689332001115	0.00353756237350956	-0.275928395965412	-0.666770483231664	0.11491369130084
PWY-6524	52	52	0	0	0	0	NA	NA	NA
PWY-6527	52	52	0.0161078200876258	0.0153857697798068	0.00265976785079804	0.00256904209667645	0.27613994341844	-0.114704969812631	0.666984856649512
PWY-6531	52	52	0.00284296300357432	0.00340261514468554	0.00178982754607652	0.00273032331910317	-0.242433310916346	-0.632855044088693	0.147988422256001
PWY-6545	52	52	0.0120870024992737	0.0118993713959329	0.00141735622024409	0.0023015697067448	0.0981694543512215	-0.291060201986355	0.487399110688798
PWY-6549	52	52	0.00567015318759576	0.00587313609921789	0.00201431400681702	0.00157960582346243	-0.112141699638715	-0.501442748339857	0.277159349062427
PWY-6562	52	52	0.00053765572455491	0.000230941492942464	0.00133777568509427	0.000674111985917303	0.289554722740301	-0.101473771677272	0.680583217157874
PWY-6565	52	52	0.000111648770898641	3.28300087656018e-05	0.000329230906681563	0.000166594319248658	0.302093316137409	-0.0891145579594389	0.693301190234256
PWY-6572	52	52	0.00246868091597881	0.00277445051237355	0.00233620991352662	0.00243325829494407	-0.128193040850539	-0.517587793749008	0.261201712047931
PWY-6588	52	52	0.00287020175039752	0.0038007360721445	0.00118356514159414	0.00191983904403452	-0.583489764402122	-0.980676292062077	-0.186303236742167
PWY-6590	52	52	0.00623838985287285	0.00568219155912929	0.00160936993152515	0.00177277318877615	0.328519681202267	-0.0630908527345398	0.720130215139074
PWY-6595	52	52	0.00262819788545459	0.00276767221174302	0.00130883675258516	0.0014025857957351	-0.102817638842611	-0.492069993930268	0.286434716245047
PWY-6596	52	52	0	0	0	0	NA	NA	NA
PWY-6598	52	52	0	0	0	0	NA	NA	NA
PWY-6606	52	52	0.00608315487147502	0.00693904058938005	0.00133899404845067	0.00230062618981473	-0.454712364329273	-0.848702595594944	-0.060722133063601
PWY-6608	52	52	0.00878913961307919	0.0100335753226784	0.00218520202359569	0.00300377994697553	-0.473786313369675	-0.868201429582005	-0.079371197157346
PWY-6609	52	52	0.024320183225535	0.0234715441708081	0.0019509668944973	0.00172779096838447	0.460525931843439	0.0664080008188878	0.85464386286799
PWY-6612	52	52	0.00398205515408884	0.00481221643674049	0.00218823199705018	0.0027512774028824	-0.333968394960837	-0.725666093141488	0.0577293032198141
PWY-6628	52	52	0.00291329901970173	0.00448910991688457	0.0031079052058026	0.00395136215109789	-0.443298630769093	-0.837042752410509	-0.0495545091276774
PWY-6629	52	52	0.00201213862632199	0.00391501303340638	0.00279720744487043	0.00440975983629038	-0.515323273092674	-0.910722294404645	-0.119924251780703
PWY-6630	52	52	0.00194506627171665	0.00359574288978255	0.00224888885350237	0.00347369285414903	-0.564123044364723	-0.960780011541923	-0.167466077187523
PWY-6641	52	52	0	0	0	0	NA	NA	NA
PWY-6654	52	52	0	0	0	0	NA	NA	NA
PWY-6660	52	52	0	0	0	0	NA	NA	NA
PWY-6662	52	52	0	0	0	0	NA	NA	NA
PWY-6690	52	52	0.000410234128781813	0.00124885571935379	0.00113814288730067	0.00225035876237868	-0.470294721909081	-0.864630789978711	-0.0759586538394504
PWY-6700	52	52	0.0227122213606358	0.0211999994128236	0.00206426576346659	0.00207837111462543	0.730072765934698	0.32832771921309	1.13181781265631
PWY-6703	52	52	0.0160501796916612	0.016022016701684	0.00177669610853667	0.00231292484775371	0.0136560206887816	-0.37534393736851	0.402655978746073
PWY-6708	52	52	0.000576668031070749	0.000786133970086144	0.00146349245591537	0.00141301810598609	-0.145616499355234	-0.535127102576826	0.243894103866359
PWY-6731	52	52	0.00330031421220229	0.00386317602057571	0.00221908061679507	0.00263376827407095	-0.231129370253699	-0.621421411035145	0.159162670527748
PWY-6737	52	52	0.0249566935649686	0.0237935999496183	0.00229872007389769	0.00283486834442959	0.450679597816953	0.0567770205179995	0.844582175115907
PWY-6748	52	52	3.2473689898261e-05	4.25772650366358e-05	0.000164050091827364	0.000220906903649612	-0.0519286311437831	-0.440989609690854	0.337132347403287
PWY-6749	52	52	0.00218926951171588	0.00205914075149549	0.00313828624756853	0.0021331683380882	0.0484973924049294	-0.340555209823183	0.437549994633042
PWY-6785	52	52	0.000363170371397344	0.000457536632050501	0.000633586652348439	0.000730036927060334	-0.138060229704918	-0.527518784225657	0.251398324815821
PWY-6797	52	52	2.19491598975873e-05	0	0.000158277642928218	0	0.196116135138184	-0.193813252983513	0.586045523259881
PWY-6803	52	52	0.00138559914013112	0.00221036623091839	0.00206941302524789	0.00286060350008892	-0.330362752146613	-0.722002611781432	0.061277107488207
PWY-6823	52	52	0.000468520191482031	0.00100503642749486	0.000919521879553506	0.00152807274741977	-0.425449812543769	-0.818821316064893	-0.0320783090226439
PWY-6834	52	52	0	0	0	0	NA	NA	NA
PWY-6837	52	52	0.00060379709486752	0.000733512036259338	0.0015281078008179	0.00113361514385992	-0.096413736632156	-0.485635092021141	0.292807618756829
PWY-6859	52	52	0.00675277040949031	0.00717640647122331	0.00299206114773463	0.00313479221675846	-0.138250788477089	-0.52771062159633	0.251209044642152
PWY-6876	52	52	0.00103762592712068	0.00111249078163951	0.001102591453752	0.00095723969713484	-0.0725099788267799	-0.461633208261087	0.316613250607527
PWY-6891	52	52	0.0043122242646014	0.00518404924663705	0.0021953295195208	0.00280870102966103	-0.345860556938752	-0.737753405895142	0.0460322920176391
PWY-6892	52	52	0.0136979900357014	0.0140209464380061	0.00167412188081291	0.00231097091616703	-0.160051394238437	-0.549669113240476	0.229566324763602
PWY-6895	52	52	0.00801533769192925	0.00898468719712244	0.00314950165195	0.00325296514076723	-0.30276547824263	-0.693983180765738	0.0884522242804777
PWY-6897	52	52	0.0159961266454482	0.0158587986092209	0.00167513848110548	0.00180126956490009	0.0789537564652895	-0.31019319314008	0.46810070607066
PWY-6901	52	52	0.0118301644365388	0.0122234559766772	0.000988385531946837	0.001629240231381	-0.2918749087724	-0.682936029086038	0.0991862115412375
PWY-6906	52	52	0.000208579312404031	0.000345142032737498	0.0005608342510361	0.000698499511766708	-0.21559653952774	-0.605720404069487	0.174527325014006
PWY-6936	52	52	0.0160257711137744	0.0165779158913131	0.00226086762416405	0.00228781056442761	-0.242767269498947	-0.63319292773541	0.147658388737517
PWY-6953	52	52	0.00105042722466801	0.00138535516180087	0.00176210005972786	0.00222496135489874	-0.166886604544482	-0.556558563256174	0.22278535416721
PWY-6957	52	52	0	0	0	0	NA	NA	NA
PWY-6969	52	52	0.0071679832732078	0.00742474526633772	0.00235068246328902	0.00249457909492559	-0.105938073030425	-0.495206254524706	0.283330108463856
PWY-6981	52	52	0	0	0	0	NA	NA	NA
PWY-6992	52	52	0	0	0	0	NA	NA	NA
PWY-7003	52	52	0.00338149023572654	0.00344355493360745	0.00123334156458	0.00151712858418579	-0.0448919277439969	-0.4339363448775	0.344152489389506
PWY-7007	52	52	0	0	0	0	NA	NA	NA
PWY-7013	52	52	0.00366440829909992	0.00434277554048587	0.00174724990642895	0.00222894170718706	-0.33873797863363	-0.73051313745013	0.0530371801828708
PWY-7031	52	52	0.000298130462358827	0.000369885900977496	0.000664776448893757	0.000761785711913833	-0.100367309363092	-0.489607567928751	0.288872949202567
PWY-7039	52	52	4.72541191960245e-05	0.000171187162430872	0.000243845717034377	0.000612970057544516	-0.26568139860184	-0.65638917058146	0.125026373377781
PWY-7046	52	52	0.00117155400673156	0.00182364578187609	0.00101688810414046	0.00161504780904189	-0.483200602150341	-0.877831686698217	-0.0885695176024646
PWY-7090	52	52	0	0	0	0	NA	NA	NA
PWY-7094	52	52	0.00070221436779734	0.000922470755116814	0.00155455862337929	0.00153684181657395	-0.142493846785812	-0.531982605391273	0.246994911819648
PWY-7111	52	52	0.0239800939218587	0.0233777623646789	0.00177827780658754	0.0015211734692328	0.364006678211845	-0.0281969059499206	0.75621026237361
PWY-7115	52	52	0.00448391720590025	0.00461047099528808	0.0025621479139214	0.002258582808698	-0.0524001971660198	-0.441462371620332	0.336661977288292
PWY-7117	52	52	0.00504277663069845	0.00583014924891129	0.00295385142346118	0.00348154212243406	-0.243882166958255	-0.634320967589012	0.146556633672502
PWY-7118	52	52	1.54103096910266e-05	1.5289864857943e-05	0.000111125323523552	0.000110256783480457	0.00108810877068373	-0.387907344188772	0.39008356173014
PWY-7124	52	52	2.17090827049516e-05	0	0.000156546421671983	0	0.196116135138184	-0.193813252983513	0.586045523259881
PWY-7159	52	52	0	0	0	0	NA	NA	NA
PWY-7165	52	52	0.000181388501187982	0.000176610431117231	0.000716133085361014	0.000756326763805963	0.00648749905156428	-0.382508948365162	0.39548394646829
PWY-7184	52	52	0.0133346954442703	0.0137074976243502	0.00178365137522962	0.00194884675063842	-0.199564782171088	-0.589527264993459	0.190397700651284
PWY-7187	52	52	0.0148312220974911	0.0147561384354568	0.00129931024892359	0.00143734131431226	0.0548029855159365	-0.334265450313088	0.44387142134496
PWY-7196	52	52	0.00875138794506496	0.00797100474187219	0.00269092811548628	0.00246193284830701	0.302594515637963	-0.0886206850036467	0.693809716279572
PWY-7197	52	52	0.010972673416318	0.0112084590220159	0.00154479771869961	0.00173613132408315	-0.143487216818929	-0.532982873350865	0.246008439713007
PWY-7198	52	52	0.00616770849671981	0.00633264815831374	0.00241580161862584	0.00208745140817952	-0.0730596101277025	-0.462184784128838	0.316065563873433
PWY-7199	52	52	0.0197055822215269	0.0190385542858569	0.00183415556093974	0.00204143358037541	0.343728894061463	-0.0481284792374839	0.73558626736041
PWY-7200	52	52	0.00063236155754931	0.000374796818240969	0.00121152261155979	0.000847402971179846	0.246370306134829	-0.144098040180931	0.636838652450588
PWY-7204	52	52	0.000811118614428129	0.00175109382781297	0.00158951358302119	0.00254692797156348	-0.442779173176433	-0.836512239201156	-0.0490461071517103
PWY-7208	52	52	0.0140351047193258	0.0143639969449363	0.00211868865985197	0.00221896277560571	-0.151604795966784	-0.541158611634854	0.237949019701286
PWY-7209	52	52	0.00110591167278765	0.00149470018240191	0.00150758464228288	0.00166720311270127	-0.244613552766232	-0.635061007429278	0.145833901896814
PWY-7210	52	52	0.00273558162324361	0.00334226019236839	0.00265798464900833	0.00260529039052689	-0.230521172458369	-0.620806409600452	0.159764064683713
PWY-7211	52	52	0.00970664139109953	0.00907783983562454	0.00227355189020779	0.00240303501687347	0.268811715500368	-0.12193655366702	0.659559984667755
PWY-7218	52	52	0.000277281455263049	0.000262415804323624	0.000660656236342721	0.000690110111775645	0.0220054610092152	-0.367001735941053	0.411012657959483
PWY-7219	52	52	0.0248218229129795	0.0239077875881406	0.00196640873455069	0.00181115525370331	0.483520252303224	0.088881762336267	0.87815874227018
PWY-7220	52	52	0.0175460130310507	0.018351900473984	0.00135609599189963	0.00163680164176198	-0.536180111097731	-0.932103341759615	-0.140256880435847
PWY-7221	52	52	0.0239677092389229	0.023270381632651	0.00161251869767771	0.00173521722240805	0.416317015810132	0.0231303811513647	0.8095036504689
PWY-7222	52	52	0.0175460130310507	0.018351900473984	0.00135609599189963	0.00163680164176198	-0.536180111097731	-0.932103341759615	-0.140256880435847
PWY-7224	52	52	0	0	0	0	NA	NA	NA
PWY-7228	52	52	0.0158475805554608	0.0165659618237851	0.00248348914501439	0.00266855877198405	-0.278692373647707	-0.669571552698862	0.112186805403449
PWY-7229	52	52	0.0206509394102958	0.0208365455947328	0.00112780234944141	0.00110662312405174	-0.166125788854985	-0.55579159844437	0.223540020734399
PWY-7234	52	52	0.00932901023183015	0.00999346649953836	0.00333665721732559	0.00248433947229768	-0.225887806215324	-0.616121796622305	0.164346184191657
PWY-7235	52	52	0	0	0	0	NA	NA	NA
PWY-7237	52	52	0.0157626659594281	0.0155138284793049	0.002889879797394	0.00342414880525447	0.0785398437225929	-0.310605521617281	0.467685209062467
PWY-7238	52	52	0	0	0	0	NA	NA	NA
PWY-7242	52	52	0.00827900038650259	0.00861045369498495	0.00226792885896246	0.00175641655719146	-0.163409389736733	-0.553053473106111	0.226234693632646
PWY-7245	52	52	0.00029468484646455	2.23325103733454e-05	0.00113279504102682	0.000161042022521856	0.336627724859683	-0.0551130286951279	0.728368478414493
PWY-724	52	52	0.0199466215540713	0.0193444216262628	0.00110035813399291	0.00144095923199628	0.469727335696615	0.0754040592710826	0.864050612122148
PWY-7254	52	52	0.00142896619216401	0.00254412782632946	0.00231866729256607	0.00312110382336771	-0.405613804301144	-0.798588780057854	-0.0126388285444333
PWY-7268	52	52	0.000432093297411727	1.98229074430224e-05	0.00175183352822862	0.000142945018429188	0.331713620796354	-0.0599478357353525	0.723375077328061
PWY-7269	52	52	0.000647252960833607	0.00112925403222629	0.0017334359843712	0.00199633215716042	-0.257822010121166	-0.648430177228245	0.132786156985913
PWY-7279	52	52	0.000290123229999906	0.000173960909417532	0.000542204514372011	0.000457051605170494	0.231657984058241	-0.158639984556661	0.621955952673143
PWY-7282	52	52	0.0131530763173728	0.0128628411088213	0.00212649693361585	0.00242443403197972	0.127277356603586	-0.262111714724352	0.516666427931524
PWY-7283	52	52	0	0	0	0	NA	NA	NA
PWY-7286	52	52	0.00050601930355502	0.000651953282709631	0.000955008750598688	0.00140942227897542	-0.121222658855418	-0.510575185473986	0.26812986776315
PWY-7288	52	52	0.00138316899650151	0.00194410145518758	0.00134464824760528	0.00167025813108944	-0.369954733665791	-0.76226357396011	0.0223541066285285
PWY-7290	52	52	0	0	0	0	NA	NA	NA
PWY-7294	52	52	2.59017777248768e-05	8.63759545852884e-05	0.000186780375425429	0.000403009634801563	-0.192538408179164	-0.582434069685537	0.197357253327209
PWY-7312	52	52	0.00249867279319037	0.00230431068776943	0.00340092003123184	0.00360921302439332	0.0554272971440872	-0.33364281148646	0.444497405774634
PWY-7315	52	52	0.00405503175291526	0.00410968701591944	0.00283725633019966	0.00257016844962943	-0.0201902817449105	-0.409195616605625	0.368815053115804
PWY-7316	52	52	0.00235963115536069	0.00309452151473521	0.00275883015535885	0.00337709214009064	-0.238330245821382	-0.628704192898639	0.152043701255875
PWY-7317	52	52	6.21102809216182e-05	0.000154224192735653	0.000256636463553302	0.000565739696995879	-0.209695693038297	-0.599758715770941	0.180367329694346
PWY-7323	52	52	0.0103805838894508	0.0107781826725954	0.00173987103310459	0.00172456051336256	-0.229529661760957	-0.619803845493653	0.16074452197174
PWY-7328	52	52	0.003659299058983	0.00381773295480738	0.00226468013047763	0.00248880718518686	-0.0665860953133873	-0.455689297816593	0.322517107189818
PWY-7332	52	52	0.00555909099214899	0.00603303609900992	0.00381155793483416	0.00328371953204141	-0.133226374572053	-0.522653083635363	0.256200334491257
PWY-7337	52	52	0	0	0	0	NA	NA	NA
PWY-7338	52	52	0	0	0	0	NA	NA	NA
PWY-7345	52	52	0.00065020539596115	0.000486068948116241	0.00228095130122243	0.00150612090943573	0.0849232525143692	-0.304247470847179	0.474093975875917
PWY-7347	52	52	0	0	0	0	NA	NA	NA
PWY-7357	52	52	0.0170055904235437	0.0163289360555851	0.00195134025795926	0.00253118511238223	0.299412987003578	-0.0917559098284	0.690581883835557
PWY-7371	52	52	0.00164081873836671	0.00182108572376695	0.00180554803939662	0.00131033232325232	-0.114274277795059	-0.503587056250449	0.275038500660331
PWY-7373	52	52	0	0	0	0	NA	NA	NA
PWY-7374	52	52	2.17215496635422e-05	5.87607232539125e-05	0.000156636322188878	0.00032244564163212	-0.146121581805806	-0.535635762720839	0.243392599109228
PWY-7383	52	52	0.00993847352255299	0.00902096671352689	0.00287668376008427	0.00281251274638878	0.322523030513196	-0.0689932091847343	0.714039270211126
PWY-7384	52	52	3.78971908556784e-05	7.23883370782304e-05	0.000191433029704133	0.000301133906934981	-0.136697403666547	-0.526146865274732	0.252752057941638
PWY-7385	52	52	0.000645889709365768	0.00140202264608944	0.00131760678748345	0.00183814023154448	-0.472821072361093	-0.867214279038063	-0.0784278656841227
PWY-7388	52	52	0.00790194323437486	0.00884172080848146	0.00351786875183681	0.00397938768209196	-0.250225403038386	-0.64074011492886	0.140289308852088
PWY-7389	52	52	4.920705592592e-05	9.2807541292318e-05	0.00024856497823208	0.000385223052635447	-0.134495958559688	-0.523930922007648	0.254939004888272
PWY-7391	52	52	0.000118186382725656	0.000103501646631017	0.000383244427961987	0.00037232190336031	0.0388667449353955	-0.3501654041159	0.427898893986691
PWY-7392	52	52	0.00276358805985413	0.00276771177786048	0.0028493624347925	0.00224654410687583	-0.00160723688153683	-0.390602723859361	0.387388250096287
PWY-7397	52	52	0	0	0	0	NA	NA	NA
PWY-7399	52	52	1.66532584368687e-05	0.000166345084052747	0.000120088354395367	0.000339252450174131	-0.588241509071026	-0.985560587774089	-0.190922430367963
PWY-7400	52	52	0.0204279477764231	0.019411730555331	0.00261589871754783	0.00233306236736867	0.410009969866986	0.0169487120813743	0.803071227652598
PWY-7409	52	52	0.000136363377385041	0.000438995442991121	0.000585917933111437	0.00113410178235524	-0.335277595307987	-0.726996447763632	0.0564412571476583
PWY-7411	52	52	0	0	0	0	NA	NA	NA
PWY-7413	52	52	0	0	0	0	NA	NA	NA
PWY-7420	52	52	0	0	0	0	NA	NA	NA
PWY-7431	52	52	3.2797995825263e-05	0	0.00015645403434222	0	0.296466439550457	-0.0946600050929102	0.687592884193825
PWY-7446	52	52	0.000229121838064242	0.00074705475227066	0.000732390660321622	0.00135343135208801	-0.475972478221701	-0.870437377801944	-0.0815075786414579
PWY-7456	52	52	0.0100285083960153	0.0098712019099092	0.00189851269298863	0.00232024575794366	0.0742049255362394	-0.314924347679574	0.463334198752053
PWY-7527	52	52	0	0	0	0	NA	NA	NA
PWY-7528	52	52	0	0	0	0	NA	NA	NA
PWY-7539	52	52	0.0136529326194613	0.0143390298610066	0.00279216934353495	0.00253441897804697	-0.257311189956828	-0.647912985899703	0.133290605986046
PWY-7546	52	52	0	0	0	0	NA	NA	NA
PWY-7560	52	52	0.00292287724218177	0.0029704192755737	0.00318489014094731	0.00230648935938982	-0.0170977907406525	-0.406100322147658	0.371904740666353
PWY-7616	52	52	0.000326190410149554	0.000615739737390317	0.00059289811002474	0.000730798627336581	-0.435131003703272	-0.828702758843074	-0.0415592485634704
PWY-7619	52	52	0	0	0	0	NA	NA	NA
PWY-7626	52	52	0	0	0	0	NA	NA	NA
PWY-7663	52	52	0.0174592073409693	0.0178925855282922	0.00229043488264508	0.00198383148426676	-0.202265115386216	-0.592253912466582	0.187723681694149
PWY-7664	52	52	0.00856055071636792	0.00950173076084863	0.00355911817037067	0.00375563608834188	-0.257244613424202	-0.647845579919617	0.133356353071213
PWY-821	52	52	0.00195365229193547	0.00301513084066323	0.00264264714496943	0.00296540048251142	-0.377930093744144	-0.770382696785846	0.0145225092975579
PWY-841	52	52	0.0173314605406584	0.017753181330353	0.00181967109631086	0.00184043565643516	-0.230438089233668	-0.620722398343039	0.159846219875702
PWY-922	52	52	0.000491147646183578	0.000767259533122232	0.000884509131668516	0.00134463452164041	-0.242614537393378	-0.633038399881462	0.147809325094705
PWY0-1061	52	52	0.00691384290075798	0.00660998937136468	0.0033986645823666	0.00286303964164863	0.0966982550537376	-0.292524435365881	0.485920945473356
PWY0-1241	52	52	0.00560541939484763	0.00553456562530645	0.00159174337182638	0.00165705382767358	0.0436096515052668	-0.345432006931443	0.432651309941976
PWY0-1261	52	52	0.0127893298728529	0.0119077926329638	0.00210876343134492	0.00284039783034889	0.352407135041855	-0.0395960142549277	0.744410284338638
PWY0-1277	52	52	0.000479706837965034	0.00150235812129904	0.0012655093320894	0.00252110225040052	-0.512690238772443	-0.908024512388938	-0.117355965155947
PWY0-1296	52	52	0.0195641791285419	0.0185087548471225	0.00304904898942085	0.00261705479790583	0.371461637363613	-0.0208741352448122	0.763797409972039
PWY0-1297	52	52	0.00672099363848959	0.00773916936179425	0.00294621181567967	0.00309848769231502	-0.336775318287758	-0.728518471288748	0.0549678347132315
PWY0-1298	52	52	0.00518580731922458	0.00558320417954962	0.00224685023069804	0.00237241660227057	-0.171997043120917	-0.561711031428406	0.217716945186573
PWY0-1319	52	52	0.0215853064463551	0.0211105828896727	0.00126318373806898	0.00144705568852363	0.349515099280008	-0.0424390722209095	0.741469270780926
PWY0-1338	52	52	0.000602818150928799	0.000812516277438008	0.00148685652207645	0.00150971485198876	-0.139954634516211	-0.529425978179519	0.249516709147097
PWY0-1415	52	52	0.0013932571463978	0.0020713318620014	0.00168603602787397	0.00223668030167635	-0.342360337319411	-0.734195048685458	0.0494743740466355
PWY0-1479	52	52	0.00689191707581273	0.00731829638956781	0.00257715319168872	0.0026467510036184	-0.163227142565554	-0.552869781069922	0.226415495938814
PWY0-1533	52	52	0.000184242524708178	0.000372729169512872	0.000632290366304322	0.000892805204013552	-0.243650920255179	-0.634086990040021	0.146785149529663
PWY0-1586	52	52	0.0192910263182712	0.0201804587807203	0.00234909660663395	0.00258178297000529	-0.360359152322209	-0.752499020402067	0.0317807157576485
PWY0-162	52	52	0.0129394774927158	0.013709349688631	0.00198027673854851	0.00186506035762055	-0.400238954062849	-0.793109677966787	-0.00736823015891075
PWY0-166	52	52	0.0150140430072923	0.0150004111323359	0.00136595191615208	0.00157818177633648	0.00923639743053184	-0.379761100838405	0.398233895699468
PWY0-321	52	52	0.000104633627584091	0.000345328332686049	0.000482024554023399	0.000942010247924219	-0.321680464911148	-0.713183593081406	0.0698226632591106
PWY0-41	52	52	0.000185923722036752	0.000623276590942334	0.000573739816482899	0.00110224002063414	-0.497746022058844	-0.892718898155885	-0.102773145961802
PWY0-42	52	52	0.00050799546924386	0.00137524560023972	0.00108619017276695	0.00231762674615213	-0.479180183195079	-0.873718532033644	-0.084641834356515
PWY0-781	52	52	0.00537271699382408	0.00581605281438017	0.00270518006043139	0.00296342961530751	-0.156255761310374	-0.545844336942525	0.233332814321777
PWY0-845	52	52	0.0113773985024651	0.0116308216331546	0.00288336613372722	0.00317002969640161	-0.0836355178940575	-0.472800966412937	0.305529930624822
PWY0-862	52	52	0.00813386390533402	0.00904629160845781	0.00346495426077305	0.00368229526694696	-0.255204782349388	-0.645780438681399	0.135370873982623
PWY0-881	52	52	0.000602705546151315	0.00195195314882389	0.00153619175528839	0.00298020346632932	-0.569107832601122	-0.965899461857176	-0.172316203345068
PWY1F-823	52	52	0	0	0	0	NA	NA	NA
PWY1G-0	52	52	0.000180093146490554	0.000397706362812518	0.000524041580524014	0.00083235186619326	-0.312889268741049	-0.704257613682619	0.0784790762005211
PWY3DJ-35471	52	52	0.000560669741378936	0.000884760098110845	0.00111473083942463	0.00147607297652615	-0.247786789185433	-0.638272088641619	0.142698510270753
PWY3O-1109	52	52	3.02674730324648e-05	3.432555812114e-05	0.000153233598762489	0.000173790697245087	-0.0247693583055565	-0.413779698250401	0.364240981639288
PWY3O-19	52	52	0	0	0	0	NA	NA	NA
PWY3O-355	52	52	0.000523471580838313	0.00143923143924003	0.00106952888342062	0.00215090914683837	-0.539134745515831	-0.935133861153348	-0.143135629878313
PWY490-3	52	52	0.00118281381928199	0.0011030208782681	0.000800351032959034	0.000862924178321326	0.0958789441021707	-0.29333991254248	0.485097800746822
PWY4FS-7	52	52	0.011443513675299	0.0120412080433879	0.00313514385556425	0.00300603036717691	-0.194608488286724	-0.584523588738859	0.195306612165412
PWY4FS-8	52	52	0.0114435077374368	0.0120400137230151	0.0031351456885253	0.00300427677298859	-0.194275769642364	-0.584187731767473	0.195636192482745
PWY4LZ-257	52	52	0.00342401320532671	0.00456048122047448	0.00202522719134607	0.00274317373409575	-0.471353605690352	-0.865713586336297	-0.076993625044407
PWY5F9-12	52	52	5.56076997219158e-05	1.63611685972212e-05	0.000228338623053385	0.000117982064607584	0.215949695891061	-0.174177863177279	0.606077254959401
PWY66-367	52	52	0.000511254427649259	0.000721410934424723	0.000710297700087704	0.000789678948575338	-0.279821463688683	-0.670715900138826	0.111072972761459
PWY66-388	52	52	0.000195793573446016	0.000148736197613882	0.000510651025349795	0.000433680694973086	0.0993333938273981	-0.289901848031638	0.488568635686434
PWY66-389	52	52	0.000944216783266231	0.00169301227723153	0.00155066089572645	0.00227299646584604	-0.384857376078235	-0.777437293596568	0.00772254144009865
PWY66-391	52	52	0.00163910383345645	0.00233582458598371	0.00138390350264082	0.00190250280868582	-0.418819093510767	-0.812055985631794	-0.025582201389739
PWY66-398	52	52	0.00186731245073607	0.00218245414235623	0.00146089757827219	0.00189321625564754	-0.186371797887519	-0.576210778723873	0.203467182948834
PWY66-399	52	52	0.00994244650541498	0.00968360768986392	0.00148251221757826	0.00219944176919772	0.13800677871524	-0.251451417479587	0.527464974910067
PWY66-400	52	52	0.0133674694197306	0.0137414771219264	0.00226144618970821	0.00280672212391678	-0.146744020441397	-0.536262627323411	0.242774586440617
PWY66-409	52	52	0.00966139633122468	0.0102223236183544	0.00322440008914662	0.00320183003835759	-0.174573215215383	-0.564308869441005	0.215162439010239
PWY66-422	52	52	0.0172015305854445	0.0167408539970015	0.00187371494754945	0.00204680398158674	0.234779263251262	-0.155553981330583	0.625112507833108
PWYG-321	52	52	0.00871203044762218	0.00971667714447872	0.00363706407391231	0.00390313249704018	-0.266311840406822	-0.657027730657676	0.124404049844033
PYRIDNUCSAL-PWY	52	52	0.00333012693694069	0.00500827554681569	0.00301116433752392	0.00374462910662293	-0.49390052560693	-0.888782082680734	-0.0990189685331254
PYRIDNUCSYN-PWY	52	52	0.0179771138944733	0.0180936896312176	0.00153120178517546	0.00130517268719018	-0.081940759138273	-0.471099388282793	0.307217870006247
PYRIDOXSYN-PWY	52	52	0.0106984291545023	0.0111053674965213	0.00301816417258704	0.00337000405128776	-0.127210966917217	-0.516599627895614	0.262177694061181
REDCITCYC	52	52	0.00130903783408539	0.0016914228947945	0.00181909749938898	0.00165597376322865	-0.219831157421744	-0.609999718295677	0.170337403452189
RHAMCAT-PWY	52	52	0.0119221577341594	0.0121532967760507	0.00200806159938501	0.00229571624249017	-0.107173043044637	-0.49644761863335	0.282101532544076
RIBOSYN2-PWY	52	52	0.0200207444012082	0.0198728374182945	0.0015806567472654	0.00210686054051436	0.0794158662015376	-0.309732861975544	0.468564594378619
RUMP-PWY	52	52	0.00201211009901059	0.00236922803650931	0.00163603438897442	0.00182537816973001	-0.206034292376609	-0.596060407715921	0.183991822962703
SALVADEHYPOX-PWY	52	52	0.00730851572672468	0.00815840282935222	0.00201706551572808	0.00353268503632917	-0.295459535233242	-0.686571568169589	0.095652497703106
SER-GLYSYN-PWY	52	52	0.0171209059427065	0.0171258253731416	0.00197533996664327	0.00164374827716979	-0.00270726241461287	-0.391702864779612	0.386288339950387
SO4ASSIM-PWY	52	52	0.00289863999860201	0.00439365351811806	0.00283244955989908	0.00353874880435561	-0.466446261498618	-0.860695861319475	-0.0721966616777607
SPHINGOLIPID-SYN-PWY	52	52	0	0	0	0	NA	NA	NA
SUCSYN-PWY	52	52	0	0	0	0	NA	NA	NA
SULFATE-CYS-PWY	52	52	0.00396774863811488	0.00581700569340617	0.00341733387091683	0.00402798962707782	-0.495094195604621	-0.890004025220367	-0.100184365988874
TCA-GLYOX-BYPASS	52	52	0.00160202920530801	0.00296206308409613	0.0025416091874494	0.00378367285265884	-0.421972550108315	-0.815273203180146	-0.0286718970364835
TCA	52	52	0.00855540032041247	0.00909997577709414	0.00196487255313414	0.00225846102248519	-0.257268046870041	-0.647869305288076	0.133333211547993
TEICHOICACID-PWY	52	52	0.00862077034652473	0.00866725062918033	0.00213108806345581	0.00224202190675151	-0.0212504762959626	-0.410256879291584	0.367755926699658
THISYN-PWY	52	52	0.0156577046607095	0.0156669348022909	0.00144478403181885	0.00164476114437777	-0.0059626037795894	-0.394958892316379	0.383033684757201
THISYNARA-PWY	52	52	0.0153994193507244	0.0154209054198941	0.0020759986883021	0.00210282476457574	-0.0102830984373986	-0.399281093428061	0.378714896553264
THREOCAT-PWY	52	52	0.000634368282260709	0.0010044108745918	0.0017439614304857	0.00204480443066631	-0.194723842147161	-0.584640031907926	0.195192347613603
THRESYN-PWY	52	52	0.0182626047854562	0.0183320270377568	0.00169904424983853	0.00178407878807282	-0.0398501991644582	-0.428884230151702	0.349183831822785
TRIGLSYN-PWY	52	52	0	0	0	0	NA	NA	NA
TRNA-CHARGING-PWY	52	52	0.0240947939337948	0.0230066319808391	0.00226005780678934	0.00183237680432329	0.528911608257889	0.133173343401721	0.924649873114058
TRPSYN-PWY	52	52	0.0160194851718171	0.0155459636463683	0.00193024075379365	0.00197212280262378	0.24267049924528	-0.147754021084294	0.633095019574854
TYRFUMCAT-PWY	52	52	0	0	0	0	NA	NA	NA
UBISYN-PWY	52	52	0.000599098472832862	0.000816777444612867	0.00150175389011506	0.00151127087062965	-0.144491269205709	-0.533993946412927	0.24501140800151
UDPNACETYLGALSYN-PWY	52	52	0.000262605822152403	0.000224948387887434	0.000642468693654689	0.000455558070731631	0.0676184360328491	-0.321488133853673	0.456725005919371
UDPNAGSYN-PWY	52	52	0.0133883639246603	0.0122383246669746	0.00215810193673072	0.00248128643959834	0.494573381767839	0.0996758959755778	0.889470867560099
UNINTEGRATED	52	52	1.00682565093115	1.00946844422596	0.0507451912583979	0.0527278500369148	-0.0510724000521438	-0.440131234795144	0.337986434690857
UNMAPPED	52	52	0.509042218357353	0.505756423378617	0.0536270617786672	0.0543078270502816	0.060883550461261	-0.328201983954244	0.449969084876766
URDEGR-PWY	52	52	0.000181759145488181	0.000497433037954373	0.000503607446703555	0.000791024894605566	-0.476074631845726	-0.870541863120059	-0.0816074005713929
URSIN-PWY	52	52	7.98041752444895e-05	0.00020964528568365	0.000344044931279381	0.000732913695040466	-0.226793776103311	-0.617037705562356	0.163450153355734
VALDEG-PWY	52	52	0	0	0	0	NA	NA	NA
VALSYN-PWY	52	52	0.0239800939218587	0.0233634773623848	0.00177827780658754	0.00152427563454743	0.372318505967277	-0.0200326291236722	0.764669641058226
