len_control	len_case	mean_control	mean_case	sd_control	sd_case	cohen.d	lower	upper
1CMET2-PWY	65	60	0.0211892225214215	0.0214837351118834	0.0016299494235036	0.0014698327587966	-0.189372313061468	-0.544540815568835	0.165796189445898
3-HYDROXYPHENYLACETATE-DEGRADATION-PWY	65	60	0.000527628487459014	0.000125501179883069	0.00167026384321302	0.000448110380049107	0.323214030615169	-0.033464954311464	0.679893015541803
7ALPHADEHYDROX-PWY	65	60	1.19684230333738e-05	6.57444484195381e-05	9.64925113357329e-05	0.000308625069075074	-0.239221079076115	-0.594860658284075	0.116418500131845
AEROBACTINSYN-PWY	65	60	7.08872625334098e-05	0.000214336824420672	0.000271876838104579	0.000547985906989612	-0.335788427656441	-0.692649424569513	0.0210725692566323
ALL-CHORISMATE-PWY	65	60	0	0	0	0	NA	NA	NA
ALLANTOINDEG-PWY	65	60	0.00111685762373892	0.00117444520600925	0.00122067461280312	0.00112692444451081	-0.0489424989148387	-0.403371835099814	0.305486837270136
ANAEROFRUCAT-PWY	65	60	0.0167067190688174	0.0168313961996382	0.00160412273354508	0.00125737301239383	-0.0860914650062328	-0.440631694732838	0.268448764720372
ANAGLYCOLYSIS-PWY	65	60	0.0204074836355299	0.0206422273627434	0.00193655093334548	0.00183056932005052	-0.124436272567104	-0.479154886017281	0.230282340883073
ARG+POLYAMINE-SYN	65	60	0.00870515997594307	0.00805788963251839	0.00238885329792403	0.00256405299236983	0.261582483698309	-0.0943037675452092	0.617468734941827
ARGDEG-PWY	65	60	0.00127373577070984	0.00063347454578419	0.00259265430854734	0.00125845796269295	0.310308839439911	-0.0461904766658824	0.666808155545705
ARGININE-SYN4-PWY	65	60	0.0113313184915199	0.0121641089834031	0.00350789431509293	0.00309354326761475	-0.251172719853661	-0.606941420300536	0.104595980593214
ARGORNPROST-PWY	65	60	0.00414066165081585	0.00435036678866686	0.00176774485145368	0.00156038151258419	-0.125459902605138	-0.480184167107215	0.22926436189694
ARGSYN-PWY	65	60	0.0226821669426483	0.0211004013379049	0.00320156844565782	0.00254773344878467	0.544243832141228	0.183376972636843	0.905110691645612
ARGSYNBSUB-PWY	65	60	0.0227977147910132	0.0212159227793171	0.00343885587506272	0.00277074513187467	0.504367029690128	0.144409348804132	0.864324710576124
ARO-PWY	65	60	0.0233456587687629	0.0225167058572261	0.0022630412309416	0.00200190048122663	0.387043622696976	0.0293699896894428	0.744717255704509
ASPASN-PWY	65	60	0.0143941735866512	0.0144957338516765	0.0022300297807645	0.00195280899425244	-0.0483246984548561	-0.402752706022586	0.306103309112873
AST-PWY	65	60	0.000827317061343592	0.000644629166847127	0.00191260990659879	0.00107267338548287	0.116588576770741	-0.238088247899926	0.471265401441407
BIOTIN-BIOSYNTHESIS-PWY	65	60	0.00843454517407943	0.00888764649960823	0.00251273669000118	0.00289450523150359	-0.167653875924189	-0.522651253636908	0.187343501788529
BRANCHED-CHAIN-AA-SYN-PWY	65	60	0.0217322343171748	0.0213989097057105	0.00202326849855243	0.00206459167862202	0.16313895412435	-0.191825453854182	0.518103362102882
CALVIN-PWY	65	60	0.0215293413609133	0.0211402809403063	0.00185773408937113	0.00171671828588527	0.217172857777512	-0.138244925850895	0.572590641405918
CATECHOL-ORTHO-CLEAVAGE-PWY	65	60	0.000199412752143962	7.37423055124102e-05	0.000690985479920054	0.000367898579100572	0.224497921458347	-0.130991187115143	0.579987030031837
CENTFERM-PWY	65	60	0.00632144367517218	0.00589638927456593	0.00179125201354747	0.00132680198082843	0.268082263927271	-0.0878797850790918	0.624044312933633
CITRULBIO-PWY	65	60	0.0115058274793217	0.012195797204656	0.00338360558676172	0.00335960597317912	-0.204610384667603	-0.559911323114142	0.150690553778936
COA-PWY-1	65	60	0.0242401508470504	0.0238136034731582	0.00276880335927087	0.00191868253151652	0.177808322723502	-0.177266483053161	0.532883128500166
COA-PWY	65	60	0.0223232140222637	0.0219745128400896	0.00282439655093971	0.00202279908473732	0.14102970828394	-0.213786205819575	0.495845622387455
COBALSYN-PWY	65	60	0.0151083189207264	0.0132768478503574	0.00238019377567492	0.00222915943634235	0.793194989780689	0.425168865831275	1.1612211137301
CODH-PWY	65	60	0	1.89648224912772e-05	0	0.000146900883344993	-0.186402153184625	-0.541546029242108	0.168741722872858
COLANSYN-PWY	65	60	0.0106274245836135	0.0106376846502782	0.00176821182762053	0.00162865407441389	-0.00602577169507485	-0.360402945779723	0.348351402389573
COMPLETE-ARO-PWY	65	60	0.022573446228814	0.0218101490441265	0.00210066326532216	0.00193971369871546	0.376926305674677	0.0194220563792609	0.734430554970093
CRNFORCAT-PWY	65	60	0.000399750993540831	0.000390927694866031	0.000782570862763905	0.000758384608053202	0.0114430171675028	-0.342936249527602	0.365822283862607
DAPLYSINESYN-PWY	65	60	0.00813212913172776	0.00712033110344143	0.0030902532339594	0.00252474932109458	0.357132479158717	-5.31398361870994e-05	0.714318098153622
DENITRIFICATION-PWY	65	60	2.25633227251317e-05	6.44394009978707e-05	0.000111039823816759	0.000202605956367413	-0.259177711778168	-0.615036387013963	0.0966809634576284
DENOVOPURINE2-PWY	65	60	0.0162364040257644	0.0169889658186357	0.00168925008466877	0.00147954089701929	-0.472682415880025	-0.831965514754462	-0.113399317005587
DHGLUCONATE-PYR-CAT-PWY	65	60	3.06361832029743e-05	0	0.000174960866777564	0	0.242748360310195	-0.1129286765656	0.59842539718599
DTDPRHAMSYN-PWY	65	60	0.0247484948938666	0.0245159541847257	0.00282728119629813	0.00218278025307927	0.0916007825906955	-0.262961084363728	0.446162649545118
ECASYN-PWY	65	60	0.000640322069995519	0.000574351925123882	0.00149369789972583	0.000957968679523757	0.0521358253209475	-0.302300647300675	0.40657229794257
ENTBACSYN-PWY	65	60	0.0015020090580746	0.00158546369822102	0.00310182999355969	0.00266799816233186	-0.0287592437597785	-0.38315390405156	0.325635416532003
FAO-PWY	65	60	0.004946489600481	0.00496180557738261	0.00286089044702523	0.00184882826222458	-0.00630639079702316	-0.360683641406926	0.34807085981288
FASYN-ELONG-PWY	65	60	0.00852549682147825	0.00893620937585336	0.0028210575209441	0.00320383415464329	-0.136415587938993	-0.491203227564196	0.218372051686209
FASYN-INITIAL-PWY	65	60	0.00747671766739286	0.00773716311583227	0.00306534904531623	0.00318164495330435	-0.0834313417017715	-0.437961603966388	0.271098920562845
FERMENTATION-PWY	65	60	0.00746553199840772	0.00668627668995645	0.00288342282970183	0.00239243346617104	0.29303632275843	-0.0632338451441095	0.64930649066097
FOLSYN-PWY	65	60	0.00421881844471358	0.00477451810607666	0.00238839717934696	0.00174914041424776	-0.263850418947269	-0.619762908436762	0.0920620705422235
FUC-RHAMCAT-PWY	65	60	0.00645871770429002	0.00707861598724014	0.00202359672411755	0.00203246946291453	-0.305691229774302	-0.662128015442075	0.0507455558934712
FUCCAT-PWY	65	60	0.00561399952871422	0.00602445928762596	0.00199144831128086	0.00211568110052831	-0.2000312193377	-0.555291288259772	0.155228849584373
GALACT-GLUCUROCAT-PWY	65	60	0.0103978108377392	0.0086155367736832	0.00255127208041998	0.00190074165735389	0.78767904473154	0.419838642310101	1.15551944715298
GALACTARDEG-PWY	65	60	0.00269787319261701	0.00279069292155552	0.0025313861966934	0.00188340741084648	-0.0413627847830848	-0.395776986759944	0.313051417193775
GALACTUROCAT-PWY	65	60	0.00996994864087396	0.00815811757938372	0.00247731044308696	0.00172905247239061	0.842273361588127	0.472542086750051	1.2120046364262
GALLATE-DEGRADATION-I-PWY	65	60	0	0	0	0	NA	NA	NA
GALLATE-DEGRADATION-II-PWY	65	60	0	0	0	0	NA	NA	NA
GLCMANNANAUT-PWY	65	60	0.0105000462363926	0.00935833944078733	0.00254337125860001	0.00205924223057613	0.491317028898799	0.131642334368925	0.850991723428673
GLUCARDEG-PWY	65	60	0.00220289362000524	0.00231723056180455	0.00203940154543753	0.0015613870838659	-0.0626230891537823	-0.417086169517449	0.291839991209884
GLUCARGALACTSUPER-PWY	65	60	0.00269787319261701	0.00279069292155552	0.0025313861966934	0.00188340741084648	-0.0413627847830848	-0.395776986759944	0.313051417193775
GLUCONEO-PWY	65	60	0.0140087321907611	0.0139268090300366	0.00197812641026269	0.00179068617579137	0.0433332836315535	-0.311084608462523	0.39775117572563
GLUCOSE1PMETAB-PWY	65	60	0.00410581274680502	0.00348180938407893	0.00265002463853916	0.0021530313120233	0.257387068421742	-0.0984512371970579	0.613225374040541
GLUCUROCAT-PWY	65	60	0.0109943843872256	0.00898926953542807	0.00256921977959988	0.00176065037874131	0.903833358986145	0.531830831721713	1.27583588625058
GLUDEG-I-PWY	65	60	0.00461593528254415	0.00445888823320689	0.00232480530498518	0.00217338624322962	0.0696920297411884	-0.284791727941657	0.424175787424034
GLUTORN-PWY	65	60	0.0211183579614115	0.0191031489393282	0.00316482244821256	0.00274875950454434	0.677945431196961	0.313547370258692	1.04234349213523
GLYCOCAT-PWY	65	60	0.00528035430535011	0.00472405087777093	0.00301264345873246	0.00286866290182722	0.188932347214974	-0.166232482955126	0.544097177385074
GLYCOGENSYNTH-PWY	65	60	0.0180901994685927	0.0166911154650681	0.00243981612298984	0.00227233471598435	0.592590493386125	0.230532078161935	0.954648908610315
GLYCOL-GLYOXDEG-PWY	65	60	0.000659604919022399	0.000468091435680536	0.00119052919847631	0.000661719977219112	0.19674516119759	-0.158486146568206	0.551976468963385
GLYCOLYSIS-E-D	65	60	0.00989192702448815	0.00977320505120251	0.00185913909618081	0.00150040132924465	0.0699782867488953	-0.284506354781709	0.4244629282795
GLYCOLYSIS-TCA-GLYOX-BYPASS	65	60	0.00261503903143014	0.00239298163546485	0.00364345790132448	0.00306022465038613	0.0657696057754108	-0.288702405750304	0.420241617301125
GLYCOLYSIS	65	60	0.0143164999236698	0.0143323326521406	0.00210939453956327	0.00146421572236731	-0.00865862025769588	-0.36303664927063	0.345719408755238
GLYOXYLATE-BYPASS	65	60	0.00187042345168744	0.00178778439627888	0.00264351398893415	0.00199792557934883	0.0350756709507264	-0.319327904954845	0.389479246856298
GOLPDLCAT-PWY	65	60	0.00342888516956564	0.00369524257248448	0.00112012156193137	0.00136003935621415	-0.214630258474789	-0.570023834408431	0.140763317458853
HCAMHPDEG-PWY	65	60	0.000945196429208504	0.000492867212053585	0.00235940636497831	0.00111072068876633	0.242184558635194	-0.113486454448403	0.597855571718791
HEME-BIOSYNTHESIS-II	65	60	0.00268986244266388	0.00279799631877083	0.00170331469264658	0.00147044771693054	-0.0677589828688574	-0.42223686685268	0.286718901114966
HEMESYN2-PWY	65	60	0.00388306752262339	0.00372603108799004	0.00141967451028043	0.00126834899313424	0.116391637428665	-0.238284173486008	0.471067448343338
HEXITOLDEGSUPER-PWY	65	60	0.00909049678609479	0.00852988041163689	0.00217923393341373	0.00170688735814491	0.285029934099524	-0.0711384189841448	0.641198287183193
HISDEG-PWY	65	60	0.0116681795079665	0.0135178533800219	0.00294501114238605	0.0029163899196321	-0.631004352372481	-0.994078670415113	-0.26793003432985
HISTSYN-PWY	65	60	0.0208912766156828	0.0200771608534141	0.00211401366682956	0.00182853105237986	0.410710639599523	0.0526235890374598	0.768797690161586
HOMOSER-METSYN-PWY	65	60	0.00688336468748621	0.00633402029303749	0.00195184136834082	0.00164475978693902	0.303328957197077	-0.0530761974976849	0.659734111891839
HSERMETANA-PWY	65	60	0.0169175197334823	0.0164805553477144	0.00217787100999065	0.00189337173770301	0.213533986289858	-0.141849239660555	0.568917212240271
ILEUDEG-PWY	65	60	0	0	0	0	NA	NA	NA
ILEUSYN-PWY	65	60	0.0254224592615529	0.0240851528390814	0.00255322606397247	0.00238669734438723	0.54038144707776	0.1796055699223	0.90115732423322
KDO-NAGLIPASYN-PWY	65	60	0.000570670496622633	0.000510556132946232	0.00140818496705562	0.00086498789134539	0.0509756569023797	-0.303458170842812	0.405409484647571
KETOGLUCONMET-PWY	65	60	0.0010551075166532	0.00150123033512719	0.00180646246324447	0.00189496710208949	-0.241219896812278	-0.596880635468086	0.114440841843531
LACTOSECAT-PWY	65	60	0.00559568654613858	0.00517106593911524	0.00229221663050594	0.00208640449230614	0.19336953488193	-0.161832721468072	0.548571791231931
LEU-DEG2-PWY	65	60	0	0	0	0	NA	NA	NA
LIPASYN-PWY	65	60	0	0	0	0	NA	NA	NA
LPSSYN-PWY	65	60	0.000533767110585671	0.000265810480741438	0.00140044714694522	0.000771401393329816	0.234479838659058	-0.121110249069162	0.590069926387278
LYSINE-AMINOAD-PWY	65	60	0	0	0	0	NA	NA	NA
LYSINE-DEG1-PWY	65	60	0	0	0	0	NA	NA	NA
MET-SAM-PWY	65	60	0.00963097411262892	0.00895523955728734	0.00222399580709461	0.00205867552006417	0.314839075536238	-0.0417224879545124	0.671400639026988
METH-ACETATE-PWY	65	60	0.00617817045415874	0.00625376076867636	0.00138509329292169	0.00171136405933482	-0.0487619479651792	-0.403190894119458	0.3056669981891
METHANOGENESIS-PWY	65	60	0.000458852962373787	0.000586825809535646	0.000959384708742443	0.00105839635488413	-0.126945553098931	-0.481678101475772	0.22778699527791
METHGLYUT-PWY	65	60	0.00254964337740879	0.00305962285572669	0.00190974949461018	0.00184441433512654	-0.27145433541505	-0.627456434526248	0.084547763696147
METHYLGALLATE-DEGRADATION-PWY	65	60	0	0	0	0	NA	NA	NA
METSYN-PWY	65	60	0.00920833083651054	0.00856741130335235	0.00222576358202512	0.00206111898975786	0.29832926465588	-0.0580097440394457	0.654668273351206
NAD-BIOSYNTHESIS-II	65	60	0.00398788823519508	0.00431494512933747	0.00223936260422016	0.00288215761510666	-0.127365823789136	-0.482100733223191	0.22736908564492
NADSYN-PWY	65	60	0	0	0	0	NA	NA	NA
NAGLIPASYN-PWY	65	60	0.00802073381954381	0.00784344820652189	0.00270910492082378	0.00280223224343733	0.0643699168229574	-0.290098067760854	0.418837901406769
NONMEVIPP-PWY	65	60	0.00783757641369147	0.00776446413686335	0.0048415237287809	0.00417681420283555	0.0161222982345539	-0.338259820701092	0.370504417170199
NONOXIPENT-PWY	65	60	0.0173433919317235	0.0168889371275576	0.00250582398445188	0.00263078403070557	0.177070187479072	-0.177998837158425	0.532139212116569
OANTIGEN-PWY	65	60	0.0164903875823825	0.015879965033561	0.00197102743338273	0.00269612727258495	0.260090241291786	-0.0957788683713316	0.615959350954903
ORNARGDEG-PWY	65	60	0.00127373577070984	0.00063347454578419	0.00259265430854734	0.00125845796269295	0.310308839439911	-0.0461904766658824	0.666808155545705
ORNDEG-PWY	65	60	0.0015756060035787	0.00115268725924116	0.00293642481690829	0.00205587120329852	0.165704688297087	-0.189278345656134	0.520687722250309
P101-PWY	65	60	0	0	0	0	NA	NA	NA
P105-PWY	65	60	0.00223753254749981	0.00189176736046225	0.00301232924372242	0.00244655170254751	0.125482941043688	-0.229241451176059	0.480207333263435
P108-PWY	65	60	0.0051659240188978	0.00577289254297489	0.00189422980123302	0.00204714922935832	-0.308252310954113	-0.664723663670889	0.0482190417626635
P122-PWY	65	60	0.000807594080609731	0.00094750090242798	0.00146257657674743	0.00121586536597385	-0.103644341297313	-0.458258174968916	0.25096949237429
P124-PWY	65	60	0.00472165191672661	0.00411208158205233	0.00338449447775537	0.00286095891510021	0.193867356934291	-0.16133915233013	0.549073866198712
P125-PWY	65	60	0.00107708239231749	0.00111048452361868	0.00110845951362719	0.00117327084416832	-0.0292999150619296	-0.38369526946733	0.325095439343471
P161-PWY	65	60	0.0029836323369871	0.00389359768346751	0.00263672723096793	0.00256025577177633	-0.349942731982638	-0.707016801590225	0.00713133762494822
P162-PWY	65	60	0.00143857927380218	0.00253526039393817	0.00168860561519506	0.00202488761520375	-0.590399242338275	-0.952401547309857	-0.228396937366693
P163-PWY	65	60	0.000359521591664109	0.00125561165296595	0.000696134339113322	0.00147039761730385	-0.789195435983237	-1.15708677536214	-0.421304096604332
P164-PWY	65	60	0.00715153103917357	0.00727029967881721	0.00122063948248528	0.00135509939598671	-0.092291146936245	-0.44685581972085	0.26227352584836
P165-PWY	65	60	0	0	0	0	NA	NA	NA
P185-PWY	65	60	0.00299222968115578	0.00268023980822603	0.00116461394281526	0.00111614925600527	0.273286148867317	-0.0827379146286786	0.629310212363312
P221-PWY	65	60	0.000532960148610975	0.000406090488548661	0.00106491066488008	0.000626825739265671	0.143786593268456	-0.211046662224456	0.498619848761369
P23-PWY	65	60	0.00117460270826391	0.00117730347336999	0.00130732108391249	0.00116456559032182	-0.00217646363694543	-0.356552939547573	0.352200012273682
P241-PWY	65	60	2.94908617762718e-05	0.000124640153351799	0.00017040878522691	0.000372508188096869	-0.332945132748033	-0.689764373991412	0.0238741084953463
P261-PWY	65	60	0	1.49701696977552e-05	0	0.00011595843585861	-0.186402153184625	-0.541546029242108	0.168741722872858
P4-PWY	65	60	0.0073421117088568	0.00622488832535092	0.00275885859358806	0.00227495192250821	0.440149841907519	0.0815150470691762	0.798784636745861
P42-PWY	65	60	0.00555876943163186	0.00640706119411695	0.00224668654723734	0.00236893806322002	-0.367841103442089	-0.725197005906851	-0.010485200977328
P441-PWY	65	60	0.00759426213287429	0.00791319896533032	0.00243336143353019	0.0019835117522188	-0.143089094548465	-0.497917930983898	0.211739741886967
P461-PWY	65	60	0.0049547154539427	0.00470551349646734	0.00295685250914861	0.00192820119146072	0.0990285284332747	-0.255564631695936	0.453621688562486
P562-PWY	65	60	0.000156930691214847	0.000134911985624084	0.000492295567962148	0.000390458467571972	0.0493299358262777	-0.30510024217365	0.403760113826206
P621-PWY	65	60	0.000750922323263666	0.000774376696548707	0.00117028779679035	0.00132761653855939	-0.0187900823696296	-0.373174260849819	0.33559409611056
PANTO-PWY	65	60	0.0191125185169025	0.0190560640122589	0.00201912090048644	0.00196215666634002	0.0283406163573471	-0.326053515379715	0.38273474809441
PANTOSYN-PWY	65	60	0.0199437575872824	0.0198025167614352	0.00197759694966767	0.00180751573463089	0.0744188905687918	-0.280079925493802	0.428917706631386
PENTOSE-P-PWY	65	60	0.0112246672044202	0.0116295215143086	0.00226138710705357	0.00251874270170777	-0.169515871876952	-0.524527107821264	0.18549536406736
PEPTIDOGLYCANSYN-PWY	65	60	0.0242750377362003	0.0240655256933552	0.00255446920404954	0.00210776933341028	0.0891231458546333	-0.265428824604357	0.443675116313624
PHOSLIPSYN-PWY	65	60	0.0135808191502846	0.0132471909791067	0.00271271924553393	0.0027923154890489	0.121266993817448	-0.233434416322349	0.475968403957245
PHOTOALL-PWY	65	60	9.96661195534118e-05	5.19287727689051e-05	0.000379893779908976	0.000238937311198653	0.149122357054983	-0.205745412645263	0.503990126755229
POLYAMINSYN3-PWY	65	60	0.00322522774754303	0.00347739596318442	0.00251766890773144	0.00228915043472878	-0.104601167702773	-0.459219404535008	0.250017069129462
POLYAMSYN-PWY	65	60	0.0068055613971448	0.00623760725672518	0.00221649960625499	0.00221615069694457	0.256258573321842	-0.099566966954197	0.612084113597882
POLYISOPRENSYN-PWY	65	60	0.00730072045414801	0.00743655429682813	0.00205695429354458	0.00198411974578443	-0.0671665111360406	-0.421642627911768	0.287309605639686
PPGPPMET-PWY	65	60	0.00465520822108275	0.00505026596487093	0.00153563761779893	0.00260850079897696	-0.186421384479188	-0.541565418742149	0.168722649783773
PROPFERM-PWY	65	60	0.000848565709442683	0.00139583792196788	0.00106249691127319	0.00113601748353976	-0.498255266763433	-0.858079519637597	-0.13843101388927
PROTOCATECHUATE-ORTHO-CLEAVAGE-PWY	65	60	0.000451794258288053	0.000282072898387025	0.000838887662188462	0.000532212521300863	0.239534638891432	-0.116108248094643	0.595177525877507
PRPP-PWY	65	60	0.0111418378648635	0.0104654048784131	0.00226254856819361	0.00223943722259626	0.300437626778413	-0.0559291430253278	0.656804396582153
PWY-101	65	60	0.000238992006672722	0.000182120260906372	0.000440162438688072	0.000414852616125804	0.132813154143582	-0.221953062685037	0.487579370972201
PWY-1042	65	60	0.0254134176797919	0.0247471905226101	0.00247985274500141	0.0018660158452458	0.301894389317351	-0.0544916748233484	0.658280453458051
PWY-1269	65	60	0.00984284916951725	0.00983607332233185	0.00294168824944291	0.00274053975521362	0.00238001516012042	-0.351996481259905	0.356756511580146
PWY-1361	65	60	4.23102589809786e-05	1.60066961407988e-05	0.000241697286708014	0.000123987335162232	0.135344447808365	-0.219436762254097	0.490125657870826
PWY-1501	65	60	0	0	0	0	NA	NA	NA
PWY-1541	65	60	0.000113783403790579	1.06901069064478e-05	0.000472456260294359	8.28052120356986e-05	0.298309887480295	-0.0580288669696253	0.654648641930215
PWY-1622	65	60	2.70890060570092e-05	0	0.000218398548976829	0	0.171951469003052	-0.183078124520074	0.526981062526179
PWY-181	65	60	4.46969158632014e-05	0	0.000360358056243143	0	0.171951469003052	-0.183078124520074	0.526981062526179
PWY-1861	65	60	0.00501138937300244	0.0048390583815416	0.00273002980621752	0.00191378718247266	0.072597497965689	-0.281895398770913	0.42709039470229
PWY-2201	65	60	0	0	0	0	NA	NA	NA
PWY-2221	65	60	1.22608379626958e-05	2.24248982461945e-05	9.88500358653772e-05	0.000173702514895815	-0.0726796660591769	-0.427172826676077	0.281813494557724
PWY-241	65	60	0.00690208046007771	0.0061286382966969	0.00300897335207187	0.00247091780787633	0.279828764176833	-0.0762749432946142	0.63593247164828
PWY-2723	65	60	0.00384974632256026	0.00344908329432031	0.00225855773580194	0.00227913675490667	0.176623962283946	-0.178441579097417	0.531689503665309
PWY-2941	65	60	0.00924331699660664	0.0112512691337949	0.00256651350397502	0.00237150768045867	-0.811329082308713	-1.1799742372961	-0.442683927321331
PWY-2942	65	60	0.0206740271125522	0.0208742476447116	0.00179040451283809	0.00152703701432247	-0.119945156681934	-0.474639522606296	0.234749209242428
PWY-3001	65	60	0.0193319837349936	0.0190874652726036	0.00160347428574431	0.00129993149230115	0.166822734928139	-0.188168506108922	0.5218139759652
PWY-3502	65	60	0	0	0	0	NA	NA	NA
PWY-3781	65	60	0.000764981915488317	0.000646494556716131	0.00107673582836801	0.00110737414290376	0.108550675398849	-0.24608616403573	0.463187514833427
PWY-3801	65	60	0.000393909606527961	0	0.00118199028524878	0	0.462003466308549	0.102938140002544	0.821068792614553
PWY-3841	65	60	0.0230752281058661	0.0231043195973972	0.00209986801361614	0.00190381399066003	-0.0144862377187906	-0.368867249304457	0.339894773866876
PWY-4041	65	60	0.00771645801027785	0.00764658855452805	0.00216901375699711	0.00205926354194981	0.0330027552386755	-0.32139770027551	0.387403210752861
PWY-4242	65	60	0.0224664687628731	0.0220245045236913	0.00267819884362556	0.00201871136535101	0.185331039621425	-0.16980405062205	0.5404661298649
PWY-4321	65	60	0.000184471626927771	3.24507273184947e-05	0.000563490954232195	0.000176278563499508	0.358197112615495	0.000994785935456932	0.715399439295533
PWY-4361	65	60	0	0	0	0	NA	NA	NA
PWY-4702	65	60	0.00127043292931782	0.00113459057771271	0.00267617906067917	0.00170404726184116	0.0600379016587483	-0.294418168254771	0.414493971572268
PWY-4722	65	60	0.000193526430417656	0.000393890084002995	0.000521638452997205	0.000683959490305541	-0.331201712068805	-0.687995523238392	0.025592099100783
PWY-4981	65	60	0.0103291613513781	0.0110751293930354	0.00298827907861822	0.00280931009826677	-0.256892943123852	-0.612725652435345	0.0989397661876417
PWY-4984	65	60	0.0102201757175895	0.011271091727797	0.00329183312449611	0.00323581660889471	-0.321864987410803	-0.678524852376699	0.0347948775550933
PWY-5004	65	60	0.00102251422555487	0.00121958450908246	0.0013588353128711	0.00125690804852445	-0.150328295258109	-0.50520403926594	0.204547448749723
PWY-5005	65	60	0.00449201958003905	0.0043686331401964	0.00213666106395379	0.0020819472655066	0.0584605490291952	-0.29599138854779	0.41291248660618
PWY-5022	65	60	0.0045975506576546	0.00456355892132425	0.00216486083251704	0.00193537395410701	0.0165170573245095	-0.337865346526482	0.370899461175501
PWY-5028	65	60	0	0	0	0	NA	NA	NA
PWY-5030	65	60	0.0103660546428206	0.0114490723146518	0.00304897303508338	0.00288685619520906	-0.36436860844825	-0.721668750736427	-0.00706846616007273
PWY-5044	65	60	0	0	0	0	NA	NA	NA
PWY-5055	65	60	0	0	0	0	NA	NA	NA
PWY-5067	65	60	0	0	0	0	NA	NA	NA
PWY-5079	65	60	0	0	0	0	NA	NA	NA
PWY-5080	65	60	0	0	0	0	NA	NA	NA
PWY-5083	65	60	0.00401543424003155	0.00392743284836293	0.00243169705875729	0.00249408143013206	0.0357464977820948	-0.318658128620947	0.390151124185136
PWY-5088	65	60	0.000304365805788945	0.000637042587730847	0.000675502536381834	0.00103133540852703	-0.384749491830996	-0.742384330368987	-0.0271146532930055
PWY-5097	65	60	0.0221567890392897	0.0217906675258182	0.00218831059219444	0.00176998373142443	0.183188379605932	-0.171929286759849	0.538306045971712
PWY-5100	65	60	0.0150670600781502	0.0145371087594673	0.00218828559391856	0.00241685000905183	0.230337752797905	-0.125209903074927	0.585885408670736
PWY-5101	65	60	0.000771375283312933	0.00116806664825828	0.00142243461099582	0.0018545233948775	-0.241306565743519	-0.596968225828995	0.114355094341957
PWY-5103	65	60	0.0209181078671223	0.0207405259221641	0.00211954725513096	0.00213851288603159	0.0834240655206785	-0.271106169908753	0.43795430095011
PWY-5104	65	60	0.0113343412600229	0.0103761462442191	0.0025549752368992	0.00289039338951559	0.352144029485375	-0.00496395612714767	0.709252015097897
PWY-5109	65	60	0	0	0	0	NA	NA	NA
PWY-5121	65	60	0.00562432077224323	0.0056717902855448	0.00330804874623357	0.00281632908453402	-0.0154022326370733	-0.369783849619429	0.338979384345283
PWY-5129	65	60	0	0	0	0	NA	NA	NA
PWY-5136	65	60	0.00464197258366316	0.00477441374421126	0.00264695316107725	0.0018395385869736	-0.0576990705734661	-0.412149052592241	0.296750911445309
PWY-5138	65	60	0.00226752929380269	0.00242708102059543	0.00197022496183367	0.00169434179398538	-0.0865693257233933	-0.44111137910432	0.267972727657534
PWY-5154	65	60	0.0151326365187662	0.0146293533567828	0.00304034306861261	0.00284353054460111	0.1707446764716	-0.184275788603138	0.525765141546338
PWY-5156	65	60	0	0	0	0	NA	NA	NA
PWY-5173	65	60	0.00186068758327608	0.00177832694248315	0.00234440247721397	0.00166136539494314	0.0402656534246045	-0.314146568373871	0.39467787522308
PWY-5177	65	60	0.0109253214956046	0.00875855563923008	0.00281846303732339	0.00227437294943177	0.842482835422654	0.472744080778009	1.2122215900673
PWY-5178	65	60	0	0	0	0	NA	NA	NA
PWY-5180	65	60	7.01307541767222e-05	8.67147389551764e-05	0.000438030996109818	0.00041989199891175	-0.0386189760079001	-0.393028325649932	0.315790373634132
PWY-5181	65	60	0.000221925338837147	3.22869481343069e-05	0.00075210921974333	0.000250093624848067	0.332989310950893	-0.0238305764002613	0.689809198302048
PWY-5182	65	60	8.01793577458323e-05	8.67147389551764e-05	0.00044385024171416	0.00041989199891175	-0.0151098793073634	-0.36949129903684	0.339271540422113
PWY-5183	65	60	0	0	0	0	NA	NA	NA
PWY-5188	65	60	0.0110619893602191	0.0108884441026613	0.00183063694774461	0.00243191564369852	0.081086800741195	-0.273434935674457	0.435608537156847
PWY-5189	65	60	0.0019295711577557	0.00255712304342087	0.00224483730900997	0.00205429706259512	-0.291134032258486	-0.647379756520053	0.0651116920030813
PWY-5198	65	60	0.000372676498686705	0.000455492005352983	0.000805616383923388	0.000892470120848642	-0.0976150999980103	-0.452202117683109	0.256971917687088
PWY-5265	65	60	0.00132807875919183	0.00254126023221504	0.00231758752655328	0.00252722102454392	-0.501229675609831	-0.861118666818719	-0.141340684400943
PWY-5304	65	60	0	0	0	0	NA	NA	NA
PWY-5306	65	60	1.41157793410967e-05	0	0.000113805051366029	0	0.171951469003052	-0.183078124520074	0.526981062526179
PWY-5345	65	60	0.00611697150730067	0.00553292940995858	0.00378586667950496	0.0038850786516656	0.152341193017833	-0.20254800401391	0.507230390049576
PWY-5347	65	60	0.00957503842486091	0.00896235035334985	0.0021423151875029	0.0020398820666121	0.292619303331379	-0.0636454925647082	0.648884099227466
PWY-5367	65	60	0.00228101591852815	0.00224847377092706	0.00201312586638855	0.00152854382047094	0.0181084947660325	-0.336275127590434	0.372492117122499
PWY-5381	65	60	1.49811276144727e-05	0	0.000120781712188032	0	0.171951469003052	-0.183078124520074	0.526981062526179
PWY-5384	65	60	0.00552730451599438	0.00468299002018526	0.0022929910675508	0.00179717100991276	0.407874972197126	0.0498387230363722	0.76591122135788
PWY-5392	65	60	0.000577798914135011	0.000756265244128441	0.000965142296756549	0.000970763518223051	-0.184396002153242	-0.539523463962403	0.170731459655919
PWY-5415	65	60	3.01655616611468e-05	8.09443260502765e-05	0.000170698556012616	0.000321600435703149	-0.199520193220283	-0.55477575826841	0.155735371827843
PWY-5417	65	60	0.000222937694284485	7.34986724095558e-05	0.000778760019158579	0.000378040369859895	0.241120820874326	-0.114538864847997	0.596780506596649
PWY-5419	65	60	0	0	0	0	NA	NA	NA
PWY-5420	65	60	0	0	0	0	NA	NA	NA
PWY-5430	65	60	0	0	0	0	NA	NA	NA
PWY-5431	65	60	0.000222937694284485	7.34986724095558e-05	0.000778760019158579	0.000378040369859895	0.241120820874326	-0.114538864847997	0.596780506596649
PWY-5464	65	60	0.00232253297908997	0.00263245687704478	0.00165540549742825	0.00175312459291387	-0.18198928976943	-0.53709729332014	0.17311871378128
PWY-5484	65	60	0.0136607233890583	0.0138504543059771	0.00198669766096019	0.001421250231984	-0.109130422070818	-0.46377005011379	0.245509205972153
PWY-5505	65	60	0.00922798234247296	0.00843966989125882	0.00176770399934227	0.00168904388940132	0.455561600305263	0.0966252970261736	0.814497903584353
PWY-5509	65	60	0	9.90613680849868e-05	0	0.000484877186196325	-0.294984448475217	-0.651279812223141	0.0613109152727069
PWY-5514	65	60	3.37551748895428e-05	3.31908130665619e-05	0.000201398966728872	0.000181639174475968	0.00293671684946653	-0.351439845021585	0.357313278720519
PWY-5531	65	60	0	0	0	0	NA	NA	NA
PWY-5532	65	60	0	3.63081164632775e-05	0	0.000167647687065146	-0.312703472225432	-0.669235580563504	0.043828636112639
PWY-5534	65	60	9.49606965539123e-06	0	7.65597611575607e-05	0	0.171951469003052	-0.183078124520074	0.526981062526179
PWY-561	65	60	0.00191850041861947	0.00165221720269779	0.00293107999114188	0.00226095933652903	0.101208865849511	-0.253393942489381	0.455811674188403
PWY-5647	65	60	0	0	0	0	NA	NA	NA
PWY-5651	65	60	0	0	0	0	NA	NA	NA
PWY-5654	65	60	6.2084749738712e-05	3.26971050063251e-05	0.000214892573948121	0.000158247488603423	0.15480019379719	-0.200105679858162	0.509706067452543
PWY-5656	65	60	0.000997999160389561	0.000876427333151855	0.00204874157987392	0.00138839180004131	0.0689523668558258	-0.285529123807288	0.423433857518939
PWY-5659	65	60	0.0122127584025159	0.0119140684499473	0.00220536451162779	0.002570968936366	0.125093583736324	-0.229628653156863	0.479815820629511
PWY-5667	65	60	0.0215939476447216	0.0215028838293469	0.00164292688690328	0.00167010352263314	0.0549896126306956	-0.299453619042638	0.409432844304029
PWY-5675	65	60	0.00178747170067534	0.00150469943543401	0.00297572621266087	0.00183903093399616	0.113292782877967	-0.241367301797002	0.467952867552936
PWY-5676	65	60	0.00614212420382086	0.0058905155322144	0.00203071640784929	0.00148833353921285	0.140472188063521	-0.21434025982831	0.495284635955352
PWY-5677	65	60	0.000524370701597397	0.00123333937112727	0.00101121713661436	0.00120288186633933	-0.640266915712409	-1.00359529362631	-0.276938537798503
PWY-5686	65	60	0.0254433511078393	0.0249645264598308	0.00287537818917518	0.00196554530897264	0.193000646945135	-0.162198465000686	0.548199758890956
PWY-5690	65	60	0.00738946883318795	0.00709262786119346	0.00154063889155921	0.00119300562994809	0.214353244033205	-0.141037711611809	0.569744199678218
PWY-5692	65	60	0.000252157532926295	0.000276587637785937	0.000678881811708476	0.000526947649917012	-0.0400009587779895	-0.39441271080591	0.314410793249931
PWY-5695	65	60	0.0215274724735661	0.0216174362257862	0.00186540485033852	0.00157739210972083	-0.0519051020517492	-0.406341043945821	0.302530839842322
PWY-5705	65	60	0.000438257864966489	0.000460160423955661	0.00100767571411387	0.00078527862833175	-0.0241264865264938	-0.378515729201248	0.33026275614826
PWY-5723	65	60	0.00223207129969382	0.00248121203606378	0.00331790627412144	0.00307462706957332	-0.0777709866718147	-0.432281079761767	0.276739106418138
PWY-5724	65	60	0	0	0	0	NA	NA	NA
PWY-5747	65	60	0.000978886780656142	0.000764180600571222	0.00199858173913544	0.00121469505799266	0.128631103577395	-0.226110961144626	0.483373168299417
PWY-5751	65	60	0	1.24735410396751e-05	0	9.66196334297926e-05	-0.186402153184625	-0.541546029242108	0.168741722872858
PWY-5754	65	60	8.6247042322826e-06	2.19036270153089e-05	6.95345885235037e-05	0.00016966476530366	-0.103932747396543	-0.458547904012193	0.250682409219107
PWY-5757	65	60	0	0	0	0	NA	NA	NA
PWY-5791	65	60	0.00225947189850377	0.00255489765480137	0.00200678320005653	0.00161942818495285	-0.161326182575301	-0.51627760536249	0.193625240211889
PWY-5837	65	60	0.00225947189850377	0.00255489765480137	0.00200678320005653	0.00161942818495285	-0.161326182575301	-0.51627760536249	0.193625240211889
PWY-5838	65	60	0.00373860722701503	0.00438094805609911	0.00278139206395859	0.002545200835544	-0.240513576688951	-0.596166818281795	0.115139664903893
PWY-5840	65	60	0.00339006060936491	0.00394062522675773	0.00256114481917432	0.00206544767952746	-0.235633239585139	-0.59123527653973	0.119968797369452
PWY-5845	65	60	0.00280108142680683	0.00372883018574077	0.00265047044504841	0.00259313457374282	-0.353680825711064	-0.710812613315366	0.00345096189323713
PWY-5850	65	60	0.00161764778599783	0.00220264895707941	0.00279901781750623	0.00227280248172595	-0.228503683262036	-0.584032790752539	0.127025424228467
PWY-5855	65	60	0.000497295672624698	0.000456050461646711	0.00123410774173609	0.000745176650691825	0.0400831225100566	-0.314328775007567	0.39449502002768
PWY-5856	65	60	0.000497295672624698	0.000456050461646711	0.00123410774173609	0.000745176650691825	0.0400831225100566	-0.314328775007567	0.39449502002768
PWY-5857	65	60	0.000497295672624698	0.000456050461646711	0.00123410774173609	0.000745176650691825	0.0400831225100566	-0.314328775007567	0.39449502002768
PWY-5860	65	60	0.00137693729332608	0.0018281410217851	0.00245435682009785	0.00190595334727166	-0.204315978025821	-0.5596142611816	0.150982305129958
PWY-5861	65	60	0.00315049956248444	0.00367013926503549	0.00246811535641277	0.00219812458007504	-0.22183179893685	-0.57729467500693	0.13363107713323
PWY-5862	65	60	0.00235226891192479	0.00311892480138696	0.00232228431835392	0.00222533066491918	-0.336800106275919	-0.69367604481831	0.020075832266472
PWY-5863	65	60	0.00229650947285015	0.00267620876244207	0.00186557201655407	0.00165493077747537	-0.214802388971134	-0.570197594787714	0.140592816845445
PWY-5870	65	60	0	0	0	0	NA	NA	NA
PWY-5871	65	60	0	4.80704924774415e-05	0	0.00037235243361824	-0.186402153184625	-0.541546029242108	0.168741722872858
PWY-5872	65	60	0	0	0	0	NA	NA	NA
PWY-5873	65	60	0	4.80704924774415e-05	0	0.00037235243361824	-0.186402153184625	-0.541546029242108	0.168741722872858
PWY-5896	65	60	0.00161764778599783	0.00220264895707941	0.00279901781750623	0.00227280248172595	-0.228503683262036	-0.584032790752539	0.127025424228467
PWY-5897	65	60	0.0035902104698228	0.00417743312235139	0.00274318469969922	0.00247282970387501	-0.224388573904843	-0.579876600461356	0.13109945265167
PWY-5898	65	60	0.0035902104698228	0.00417743312235139	0.00274318469969922	0.00247282970387501	-0.224388573904843	-0.579876600461356	0.13109945265167
PWY-5899	65	60	0.0035902104698228	0.00417743312235139	0.00274318469969922	0.00247282970387501	-0.224388573904843	-0.579876600461356	0.13109945265167
PWY-5910	65	60	0.000410372257442505	0.000691171655286191	0.000844594782805967	0.0010797414386536	-0.291113786182077	-0.647359251137181	0.0651316787730262
PWY-5913	65	60	0.00650696151610252	0.00576038027275494	0.00307994127027373	0.0024533167532554	0.266927866086045	-0.0890205861359373	0.622876318308027
PWY-5918	65	60	0.00226317758590478	0.00279515810557036	0.00230613595549789	0.00194001780626548	-0.248780225117661	-0.604522577873064	0.106962127637742
PWY-5920	65	60	0.00086627086892449	0.00126397322342187	0.00132426719936764	0.00169701492557014	-0.262586646460425	-0.618484487382041	0.0933111944611909
PWY-5941	65	60	0.00580465688457813	0.00682498292372273	0.0025393348759463	0.00279237913864102	-0.383046198036783	-0.740652379825861	-0.0254400162477052
PWY-5971	65	60	0.00641900745905788	0.00742121801325705	0.00437186884351787	0.0040228162525373	-0.2381649716847	-0.593793441543788	0.117463498174388
PWY-5973	65	60	0.0168866131830291	0.0176753374961809	0.00269286871145754	0.00233276482586353	-0.312174543981949	-0.668699387717048	0.0443502997531496
PWY-5989	65	60	0.00767057571723881	0.00811520664947028	0.0026495469350727	0.00302565195904196	-0.15677072591536	-0.511690155617406	0.198148703786686
PWY-5994	65	60	0.00275025083804936	0.00296481482401909	0.0031132044453906	0.00318180091530503	-0.0681957604679742	-0.422674957192271	0.286283436256322
PWY-6071	65	60	0.000301807003567846	9.12681224994232e-05	0.000959832711290747	0.00035044629410464	0.286965920326804	-0.0692267962225184	0.643158636876126
PWY-6107	65	60	1.46995179765339e-05	0	0.000118511302702564	0	0.171951469003052	-0.183078124520074	0.526981062526179
PWY-6113	65	60	0.00522764913155911	0.00566659789541866	0.00381938901495245	0.00318984458843298	-0.124297190126571	-0.47901503932382	0.230420659070678
PWY-6121	65	60	0.0229086831821501	0.0225269107435467	0.00264559601321594	0.00178677711054305	0.167850651900924	-0.187148183143887	0.522849486945735
PWY-6122	65	60	0.0231671294566889	0.0226881832848269	0.00274496381852285	0.00203799041286558	0.196964748589628	-0.15826846632879	0.552197963508046
PWY-6123	65	60	0.0200700504198959	0.0201273500680408	0.00246108084411498	0.00152311484935511	-0.0277475907322694	-0.382140986985637	0.326645805521098
PWY-6124	65	60	0.0194126166709197	0.0195939860117481	0.00246139401226815	0.00159533698243892	-0.0867290718965877	-0.441271737164171	0.267813593370996
PWY-6125	65	60	0.0145029533575996	0.0155743831105059	0.0019297686303884	0.00199985362097648	-0.54561817050937	-0.906517554669947	-0.184718786348793
PWY-6126	65	60	0.0196910517024958	0.0200691437940431	0.00155306540024024	0.00149835764698802	-0.247593475170443	-0.603322851519555	0.108135901178668
PWY-6138	65	60	2.88228969986626e-05	0.000133136453777898	0.000163598200159188	0.000516668475549548	-0.276845177788244	-0.632912334247673	0.0792219786711846
PWY-6143	65	60	0.00122945222017609	0.00144970470984663	0.00189679868247517	0.00179133880801394	-0.119251109907254	-0.473941808035422	0.235439588220914
PWY-6145	65	60	2.0752060738833e-05	6.36856722713932e-05	0.000167308462484818	0.000493307096198259	-0.11848781757841	-0.473174506504422	0.236198871347603
PWY-6147	65	60	0.0127356198398213	0.0128992764981995	0.00275789607653312	0.0024793594564015	-0.0622747966711789	-0.416736915327634	0.292187321985276
PWY-6148	65	60	0	0	0	0	NA	NA	NA
PWY-6151	65	60	0.0230011903295322	0.021910780201762	0.00262773680610846	0.0024420819261264	0.429231685251302	0.0708043564660951	0.78765901403651
PWY-6163	65	60	0.0236854631947897	0.0230835396087987	0.00217332441895905	0.00185760787528254	0.296802694214294	-0.059516334593796	0.653121723022385
PWY-6165	65	60	0.000361426645957472	0.000343697105319597	0.000835386058257115	0.000815485442871438	0.0214669317989045	-0.332919629570337	0.375853493168146
PWY-6167	65	60	0.000555997065742821	0.000586826387851927	0.00135887099951265	0.00116840998442024	-0.0242544663756874	-0.378643845964959	0.330134913213584
PWY-6168	65	60	0.0185579719965372	0.0179596962129929	0.00276259701141656	0.00211352792487679	0.24196125769357	-0.113707373433544	0.597629888820684
PWY-6174	65	60	9.5560777271682e-05	0.000165664607884244	0.000512695520408645	0.000482811422722042	-0.140605729889214	-0.495419006789166	0.214207547010738
PWY-6182	65	60	0.000167759846569853	5.52497243944298e-05	0.00060771928117256	0.000306262061655043	0.23103146728132	-0.124523242687327	0.586586177249967
PWY-6185	65	60	0.000174770056623975	7.20991249436187e-05	0.00066977469885135	0.000357904909778851	0.189076958962758	-0.166089077324452	0.544242995249969
PWY-6210	65	60	9.09362962266692e-05	3.26971050063251e-05	0.000261503920374548	0.000158247488603423	0.26695510480411	-0.0889936675723144	0.622903877180534
PWY-6215	65	60	0.00011052787669692	4.10303260448e-05	0.000572876620789569	0.000159644740713854	0.162463729381447	-0.19249582494562	0.517423283708514
PWY-621	65	60	0.010565670815675	0.00990847315845098	0.00204249525808146	0.00255727792931979	0.285263939716136	-0.0709073495427763	0.641435228975048
PWY-622	65	60	0.00378443945585281	0.00366531525673616	0.00298234471485496	0.00271999273581634	0.0416590069554852	-0.312755738787711	0.396073752698681
PWY-6263	65	60	0.00259319651591014	0.00315952425135239	0.00190107873077717	0.00209231456580366	-0.283859525158318	-0.640013228390421	0.0722941780737844
PWY-6269	65	60	0	0	0	0	NA	NA	NA
PWY-6270	65	60	0.00552388435277946	0.00538334455322158	0.0037067022344695	0.00312474087595601	0.0408562689655041	-0.313557012203455	0.395269550134463
PWY-6277	65	60	0.0231671294566889	0.0226881832848269	0.00274496381852285	0.00203799041286558	0.196964748589628	-0.15826846632879	0.552197963508046
PWY-6281	65	60	8.21168213529357e-05	0	0.00039813969890247	0	0.285929664736889	-0.0702499907233224	0.642109320197101
PWY-6282	65	60	0.00771448074102389	0.00810081778013871	0.00272413843115947	0.00310292409000063	-0.132671248934871	-0.487436633597995	0.222094135728253
PWY-6284	65	60	0.00351062953220019	0.00352401216269349	0.00287727631061896	0.00210840584371708	-0.00527351131890496	-0.359650497442638	0.349103474804828
PWY-6285	65	60	0.00208096581408048	0.00215145901915741	0.00334471189174082	0.00284302844343562	-0.022636280129898	-0.377023981880943	0.331751421621147
PWY-6305	65	60	0.0128564765709159	0.0119757567970833	0.00281244616161968	0.00276355207077933	0.315772047030893	-0.0408024465545188	0.672346540616305
PWY-6307	65	60	0	0	0	0	NA	NA	NA
PWY-6309	65	60	0	0	0	0	NA	NA	NA
PWY-6313	65	60	0	0	0	0	NA	NA	NA
PWY-6317	65	60	0.017511622743222	0.0166653133487991	0.00241316172383936	0.00250334412169397	0.344471669312035	-0.0125190135717385	0.701462352195809
PWY-6318	65	60	0.000930552112981829	0.00124508164163244	0.00125299714661477	0.00118984884164172	-0.257154832628924	-0.612990506689925	0.0986808414320764
PWY-6344	65	60	0	0	0	0	NA	NA	NA
PWY-6349	65	60	0.000374832911517404	0.000434894626835692	0.000839268504309529	0.000894609536765987	-0.0693348716718377	-0.423817531669645	0.285147788325969
PWY-6350	65	60	0	0	0	0	NA	NA	NA
PWY-6351	65	60	0	0	0	0	NA	NA	NA
PWY-6352	65	60	0	0	0	0	NA	NA	NA
PWY-6353	65	60	0.00932392769373824	0.00881043440929858	0.00219221226466323	0.00161627189709281	0.265037935424283	-0.0908883822790387	0.620964253127606
PWY-6385	65	60	0.024073589753534	0.0238881121164482	0.00248766670364487	0.00206998534570656	0.080754313742796	-0.273766233252159	0.435274860737751
PWY-6386	65	60	0.0248188202096982	0.0242339503081755	0.00285141680263571	0.00227498047921663	0.225734066796516	-0.12976731012797	0.581235443721003
PWY-6387	65	60	0.024640672601903	0.0241878940067382	0.00270469849762588	0.00216322150764566	0.18406492986723	-0.171059840123481	0.539189699857941
PWY-6396	65	60	0.000103020703837186	0.000102522153469417	0.000393380146700632	0.000292960064545688	0.00142917636089581	-0.352947239967165	0.355805592688957
PWY-6415	65	60	0.000728781552703414	0.00070154014274489	0.000965723890354024	0.000964491306371823	0.0282255546829505	-0.326168433136103	0.382619542502004
PWY-6435	65	60	0.000562318914923836	0.000567948639503129	0.000939801876393392	0.000958789477582435	-0.0059325381574556	-0.360309687587936	0.348444611273025
PWY-6467	65	60	4.31250633751235e-05	0	0.00026640736645966	0	0.224412004845711	-0.131076253520777	0.579900263212199
PWY-6470	65	60	0.00952576358595677	0.00937499494939538	0.00233938314882132	0.00204752829853273	0.0684001340751065	-0.286079679791652	0.422879947941865
PWY-6471	65	60	0.0117045023406422	0.0118728442837151	0.00325175767013616	0.00251105565584472	-0.0576512729016358	-0.412101133025702	0.29679858722243
PWY-6478	65	60	0.000579715941533865	0.00118308766515147	0.000882241266529473	0.00130410526120313	-0.546094041353417	-0.9070047057566	-0.185183376950234
PWY-6507	65	60	0.00944300024242345	0.00760906167745254	0.00257468278169523	0.00174417740260772	0.827773337805199	0.458555665307221	1.19699101030318
PWY-6519	65	60	0.00799505403731899	0.00839998747671138	0.00259623996129507	0.00292211427508912	-0.14685527121171	-0.50170822312099	0.207997680697569
PWY-6524	65	60	0	8.27311987675569e-06	0	6.40833110077047e-05	-0.186402153184625	-0.541546029242108	0.168741722872858
PWY-6527	65	60	0.0170247041146036	0.0163070932870506	0.00275039277253306	0.00313535434822057	0.243973833282478	-0.111716344796791	0.599664011361747
PWY-6531	65	60	0.00330669693082081	0.00293117264425324	0.00223222706772918	0.00175136862575368	0.186277863467919	-0.168864990517066	0.541420717452905
PWY-6545	65	60	0.0119244490527205	0.0121760268550368	0.00162145718029065	0.00188896097423511	-0.143359948619669	-0.498190498526624	0.211470601287286
PWY-6549	65	60	0.00733957667751297	0.00656212286740822	0.00185172377033371	0.00171927625657821	0.43447352305632	0.0759472245948876	0.792999821517753
PWY-6562	65	60	0.000226099174048154	9.85086402456786e-05	0.00068244437970472	0.000352756084882266	0.232166886531789	-0.123399414515393	0.587733187578972
PWY-6565	65	60	7.09031119465925e-05	3.40680543087581e-05	0.000357472936849166	0.000193917868945763	0.126695084192383	-0.228036060767957	0.481426229152722
PWY-6572	65	60	0.00202645724793691	0.00244691248806991	0.00139533876558513	0.00174845145484031	-0.267018248402994	-0.622967763071908	0.0889312662659204
PWY-6588	65	60	0.00323551393463035	0.00407020828043591	0.00133186312492541	0.00166651476906793	-0.555824575003551	-0.916967973796727	-0.194681176210375
PWY-6590	65	60	0.00697861595174763	0.00653447814745873	0.00191596291718787	0.00143530630020531	0.260885467970283	-0.0949927644614665	0.616763700402033
PWY-6595	65	60	0.00290710587600119	0.00279325151010306	0.00151023672615614	0.00120356794488467	0.0830012797760776	-0.271527400398453	0.437529959950609
PWY-6596	65	60	0	0	0	0	NA	NA	NA
PWY-6598	65	60	0	0	0	0	NA	NA	NA
PWY-6606	65	60	0.00651705413876622	0.00628929142333364	0.0017226675455097	0.00133137134616724	0.147193381314415	-0.207661766136505	0.502048528765334
PWY-6608	65	60	0.00981694845543083	0.00900656308550217	0.00276248237674739	0.00204964536656584	0.331227910779917	-0.0255662815574915	0.688022103117326
PWY-6609	65	60	0.0246218722375865	0.0244462010660792	0.0021055432788843	0.00205550495628773	0.0843886769862397	-0.270145136407361	0.438922490379841
PWY-6612	65	60	0.00349022686181714	0.00393959376997797	0.00201540090880431	0.00147638097637196	-0.252827615623242	-0.608614687231993	0.102959455985509
PWY-6628	65	60	0.00372322316260955	0.00426842072285763	0.00427442660803214	0.00372372042510474	-0.135631635363422	-0.490414564319575	0.21915129359273
PWY-6629	65	60	0.00257073709269915	0.00279545943599142	0.00390377178973746	0.00332196034992236	-0.0617992652645404	-0.416260079537548	0.292661549008468
PWY-6630	65	60	0.00239371138213433	0.00259463259882119	0.00298396801904493	0.00253551033233406	-0.0723283595199855	-0.426820394015503	0.282163674975532
PWY-6641	65	60	0	0	0	0	NA	NA	NA
PWY-6654	65	60	0	0	0	0	NA	NA	NA
PWY-6660	65	60	0	0	0	0	NA	NA	NA
PWY-6662	65	60	0	0	0	0	NA	NA	NA
PWY-6690	65	60	0.000945196429208504	0.000492867212053585	0.00235940636497831	0.00111072068876633	0.242184558635194	-0.113486454448403	0.597855571718791
PWY-6700	65	60	0.0233368313000893	0.0229026518324947	0.00242660590398272	0.00195762125570257	0.196099473807776	-0.159126238322477	0.551325185938029
PWY-6703	65	60	0.0150807247222903	0.0157709742313153	0.00244244706062494	0.00220653491028123	-0.295956625010692	-0.652264624058172	0.0603513740367883
PWY-6708	65	60	0.000497295672624698	0.000456050461646711	0.00123410774173609	0.000745176650691825	0.0400831225100566	-0.314328775007567	0.39449502002768
PWY-6731	65	60	0.00408970859013896	0.00366710040596786	0.00231426502080685	0.00227068792834603	0.184266203660016	-0.170860202234631	0.539392609554663
PWY-6737	65	60	0.0264162284197577	0.0254888972337608	0.00286028505814092	0.00232374270591653	0.354391638474149	-0.00275119275902291	0.711534469707321
PWY-6748	65	60	0	0	0	0	NA	NA	NA
PWY-6749	65	60	0.00123573653963726	0.00185002513149871	0.00174612222648611	0.00205905029075285	-0.322857862346239	-0.679531791637637	0.0338160669451585
PWY-6785	65	60	0.000274721448836953	0.000229271891832036	0.000490176485104892	0.000508915601128245	0.0910351297452521	-0.263524453926764	0.445594713417268
PWY-6797	65	60	0	1.22759055301574e-05	0	9.50887553558303e-05	-0.186402153184625	-0.541546029242108	0.168741722872858
PWY-6803	65	60	0.0014159170113299	0.0013776626937257	0.00221437849821783	0.00173426954342008	0.0191412480430185	-0.335243224980866	0.373525721066903
PWY-6823	65	60	0.000736816936549896	0.000801813798488153	0.00144368367282512	0.000999244355818966	-0.0519821273311712	-0.406418246143106	0.302453991480763
PWY-6834	65	60	0	0	0	0	NA	NA	NA
PWY-6837	65	60	0.00046603819655648	0.000365755790925865	0.000950978806432254	0.000638011473495757	0.122898664420532	-0.231811547344432	0.477608876185496
PWY-6859	65	60	0.0058945802690824	0.00649965524630382	0.00225746202536905	0.00201791161351275	-0.281968520948632	-0.638098680847002	0.074161638949739
PWY-6876	65	60	0.000786360505051728	0.000960415424217216	0.000885483439704042	0.000907563559531071	-0.194226808335027	-0.549436395174123	0.160982778504069
PWY-6891	65	60	0.00595040314089278	0.00533865763881018	0.00302069442974081	0.00245862498058722	0.221215913485322	-0.134240947053732	0.576672774024376
PWY-6892	65	60	0.0131019960378098	0.0131206140477285	0.00219875636002344	0.00239180579394905	-0.0081181313870685	-0.362495959887218	0.346259697113081
PWY-6895	65	60	0.00994556030034586	0.00937237400132904	0.00345759839048255	0.00303716932104028	0.175678678010823	-0.179379513352554	0.530736869374201
PWY-6897	65	60	0.0171970389205856	0.016117012179819	0.00214415567907516	0.00172527329635727	0.552594846460511	0.191529135192136	0.913660557728885
PWY-6901	65	60	0.0114088702291547	0.0114916210321581	0.00185332571921177	0.0016796899950517	-0.0466948458068855	-0.401119429250857	0.307729737637086
PWY-6906	65	60	0.000194718769041566	4.00405648995253e-05	0.000662470203659446	0.00021745478984214	0.308717637699876	-0.0477600261545221	0.665195301554275
PWY-6936	65	60	0.016475188682272	0.0160029320603019	0.00285624341227889	0.00255516131197736	0.173880084656907	-0.181164230324986	0.528924399638801
PWY-6953	65	60	0.00022489430396143	0.00094264779610699	0.000650551306814219	0.00179115794437445	-0.541161497993367	-0.90195569965595	-0.180367296330785
PWY-6957	65	60	0	0	0	0	NA	NA	NA
PWY-6969	65	60	0.00733609679399884	0.00745443703083514	0.0019580420151239	0.00168111672766717	-0.0646511199988835	-0.419119906662062	0.289817666664295
PWY-6981	65	60	0	0	0	0	NA	NA	NA
PWY-6992	65	60	5.26598199705517e-05	9.2848647143205e-05	0.000424557041581587	0.000719202528207044	-0.0687314119889357	-0.423212230128803	0.285749406150931
PWY-7003	65	60	0.00361341205101868	0.00345002599829055	0.00139006443978973	0.00148459328597016	0.113763995465743	-0.240898453232224	0.468426444163709
PWY-7007	65	60	2.78685381010537e-05	6.18303792486069e-05	0.000224683337238974	0.000380613927739631	-0.109750705222619	-0.464393333279753	0.244891922834516
PWY-7013	65	60	0.00370154599559369	0.00330760365491387	0.00204914489067057	0.0015846653558071	0.213979519159682	-0.141407906741508	0.569366945060873
PWY-7031	65	60	0.000160165527084029	0.000708702819127493	0.000493119866560654	0.0013351762287518	-0.553643238593668	-0.914734119969972	-0.192552357217364
PWY-7039	65	60	1.91903676996049e-05	0.000109980269741514	0.000110115127971931	0.00042770879901217	-0.296032156264332	-0.65234113870705	0.060276826178386
PWY-7046	65	60	0.00200334900249137	0.0015097896679999	0.00161415948741348	0.000945995737240076	0.369422180274891	0.0120407170836649	0.726803643466117
PWY-7090	65	60	2.24113989687565e-05	0	0.000180686474986067	0	0.171951469003052	-0.183078124520074	0.526981062526179
PWY-7094	65	60	0.000456188492674701	0.000662059533260683	0.000985963915999691	0.00108839013282028	-0.198648335400946	-0.553896242887617	0.156599572085725
PWY-7111	65	60	0.0254008030037924	0.0241148635492541	0.00257701733565916	0.00241491585241153	0.514257902271879	0.154080951338444	0.874434853205314
PWY-7115	65	60	0.00616448575351169	0.00524122513727782	0.00264252194278223	0.00227938019389875	0.373036073523075	0.0155957810297902	0.730476366016359
PWY-7117	65	60	0.00715270395398085	0.00638103915667594	0.0030383872293645	0.00246232129904829	0.277875538579228	-0.0782041966515999	0.633955273810055
PWY-7118	65	60	1.67339145133562e-05	0	0.000134913131944672	0	0.171951469003052	-0.183078124520074	0.526981062526179
PWY-7124	65	60	0	0	0	0	NA	NA	NA
PWY-7159	65	60	0	0	0	0	NA	NA	NA
PWY-7165	65	60	0.00018188622609944	6.76208185618222e-05	0.000932307369085648	0.000370268889940582	0.158758914855896	-0.196174365608268	0.51369219532006
PWY-7184	65	60	0.0123234644857073	0.0132146775851511	0.00171416346967435	0.00197559751044773	-0.48325250705148	-0.842755924563906	-0.123749089539054
PWY-7187	65	60	0.0143638609525706	0.0149332178773446	0.00136058918307106	0.0016517757065848	-0.37773288220682	-0.735250473511461	-0.0202152909021796
PWY-7196	65	60	0.00846267146736023	0.00814627454931716	0.00196180214167453	0.00215717175788741	0.153752547872211	-0.2011461882322	0.508651283976623
PWY-7197	65	60	0.0102256481506058	0.0109325022211971	0.00153313209714133	0.00194151350652835	-0.406000463809943	-0.764003320182244	-0.0479976074376418
PWY-7198	65	60	0.0072582164039899	0.00804349678127996	0.00217112948212945	0.00206835300416117	-0.369987455432065	-0.727378083392167	-0.0125968274719637
PWY-7199	65	60	0.0199992285678446	0.0201260744739598	0.00204323814603168	0.0020538555835752	-0.0619262594229712	-0.416387421063099	0.292534902217157
PWY-7200	65	60	0.000165378524455426	0.000390412059998726	0.00060140974834493	0.00108900948873691	-0.258631104395593	-0.614483546801383	0.0972213380101977
PWY-7204	65	60	0.000958954860266261	0.00127273003931067	0.00206814914148372	0.0018077216992783	-0.161110346134759	-0.516060232483634	0.193839540214116
PWY-7208	65	60	0.0126777540541515	0.0135687277480273	0.00202754940086774	0.00214928757374239	-0.426950660962586	-0.785335289043707	-0.0685660328814645
PWY-7209	65	60	0.00248696449923589	0.00216338881543146	0.00179246944322958	0.00180012658239883	0.180149944434833	-0.174943359652351	0.535243248522017
PWY-7210	65	60	0.00356612669576603	0.00420684091034502	0.00260291319140273	0.00257248838272592	-0.247536382927032	-0.603265136558777	0.108192370704713
PWY-7211	65	60	0.00928212304045122	0.00904654307421793	0.00170185830944368	0.00196643899403758	0.12848356058278	-0.22625766613278	0.483224787298341
PWY-7218	65	60	0.000133927193541833	6.96597255649619e-05	0.000510305231458127	0.000319731559902302	0.149606984239337	-0.205263982377036	0.504477950855709
PWY-7219	65	60	0.0252253447268771	0.0252860276439741	0.00237313475007436	0.00234828537817601	-0.0256995127437595	-0.380090488521971	0.328691463034452
PWY-7220	65	60	0.0170210971316846	0.0178923562022018	0.00191695020718931	0.00234944109488243	-0.408014185372308	-0.76605292051001	-0.0499754502346055
PWY-7221	65	60	0.0242711827145588	0.0242867318615929	0.00212298276330622	0.00184337540825475	-0.00779889969521533	-0.36217661583434	0.346578816443909
PWY-7222	65	60	0.0170210971316846	0.0178923562022018	0.00191695020718931	0.00234944109488243	-0.408014185372308	-0.76605292051001	-0.0499754502346055
PWY-7224	65	60	0	1.33800549166573e-05	0	0.000103641459727109	-0.186402153184625	-0.541546029242108	0.168741722872858
PWY-7228	65	60	0.014283744341813	0.0154389093079564	0.00211642239822706	0.00224912432859404	-0.529628837021662	-0.890154720540343	-0.16910295350298
PWY-7229	65	60	0.0206093626026493	0.0209785122175493	0.00147236392555634	0.00144031708056558	-0.253348930545966	-0.609141814114064	0.102443953022132
PWY-7234	65	60	0.0102749212434082	0.00951840472827971	0.00286643530618848	0.00291717383643119	0.261690334713666	-0.0941971591962303	0.617577828623562
PWY-7235	65	60	0	1.18380473891932e-05	0	9.16971207799188e-05	-0.186402153184625	-0.541546029242108	0.168741722872858
PWY-7237	65	60	0.0166894206888563	0.0152602241410619	0.00338556943516106	0.00309307295229795	0.439948462377578	0.0813175402096001	0.798579384545555
PWY-7238	65	60	0	0	0	0	NA	NA	NA
PWY-7242	65	60	0.0103188523510646	0.0081613044078006	0.00265430954589162	0.00187984702298576	0.931834924385187	0.558751177170613	1.30491867159976
PWY-7245	65	60	0	6.86311988451298e-05	0	0.000390601608948752	-0.253696284719852	-0.609493047412185	0.102100477972482
PWY-724	65	60	0.0201774800280934	0.0199774357537796	0.00172376545761616	0.00121084933426263	0.133381955474557	-0.221387605848482	0.488151516797595
PWY-7254	65	60	0.0017405672076199	0.00177258906963094	0.00263786570588546	0.00221377966693962	-0.0131041421586648	-0.367484310526216	0.341276026208887
PWY-7268	65	60	0	7.55242415765984e-05	0	0.00044483103002339	-0.245142069421908	-0.600844836087584	0.110560697243768
PWY-7269	65	60	0.000701196776361652	0.000218948292862591	0.00173242788027695	0.000677353186793822	0.361284623712486	0.00403356679781386	0.718535680627158
PWY-7279	65	60	0.000177464782140225	0.000197923993206121	0.000491011414339567	0.000570421688522377	-0.0385595232475782	-0.392968771433701	0.315849724938545
PWY-7282	65	60	0.0126209424540548	0.0128378637856206	0.00258547530258614	0.00262751384473022	-0.0832479830876717	-0.437777569822888	0.271281603647545
PWY-7283	65	60	0	0	0	0	NA	NA	NA
PWY-7286	65	60	0.000318171185302678	0.000423964841014618	0.000826227193649384	0.000846660257776501	-0.126533701208683	-0.481263943380254	0.228196540962888
PWY-7288	65	60	0.0012979454911489	0.00168352839771321	0.00136713415485377	0.00139433119519215	-0.279357949145129	-0.635455863019285	0.0767399647290272
PWY-7290	65	60	0	1.62528867209509e-05	0	0.000125894319196077	-0.186402153184625	-0.541546029242108	0.168741722872858
PWY-7294	65	60	3.17464143360276e-05	0.000192009701401937	0.000179664980461711	0.000611496732700968	-0.36185038722114	-0.71911041820569	-0.00459035623658977
PWY-7312	65	60	0.00157608700043302	0.00186218218248583	0.00262325619671565	0.0023851729979102	-0.113897225390644	-0.468560344265315	0.240765893484027
PWY-7315	65	60	0.00415422029241136	0.00415546874445867	0.00307028067623462	0.00303414908533167	-0.000408925965761801	-0.354785300824612	0.353967448893088
PWY-7316	65	60	0.00100017203604609	0.00172907649381377	0.00127499249382204	0.00179574292940219	-0.471228171613026	-0.830481329671684	-0.111975013554367
PWY-7317	65	60	0	9.69374718374628e-05	0	0.000473356167375771	-0.295685616488404	-0.651990089125906	0.0606188561490985
PWY-7323	65	60	0.0101165498336414	0.0104912860386397	0.00215688976881062	0.00240867050977784	-0.164276326278877	-0.519248955279221	0.190696302721467
PWY-7328	65	60	0.0041635047145936	0.00377840009554474	0.00231034247485734	0.00222529465437823	0.169653732529609	-0.185358535530982	0.524666000590201
PWY-7332	65	60	0.0042294111218965	0.00514734642191067	0.00338438195301026	0.00378180516934694	-0.256368911072079	-0.612195697015915	0.0994578748717562
PWY-7337	65	60	2.33023016127677e-05	1.72167173743462e-05	0.000187869161730727	0.000133360119334405	0.0371073837900668	-0.31729943485158	0.391514202431714
PWY-7338	65	60	2.33023016127677e-05	1.72167173743462e-05	0.000187869161730727	0.000133360119334405	0.0371073837900668	-0.31729943485158	0.391514202431714
PWY-7345	65	60	0.000382231927203906	0	0.00114739049882547	0	0.461825893942558	0.102764147858422	0.820887640026693
PWY-7347	65	60	0	0	0	0	NA	NA	NA
PWY-7357	65	60	0.0193510271707817	0.017612483306211	0.00264795306219066	0.0025805558284312	0.664621378575795	0.300608210371148	1.02863454678044
PWY-7371	65	60	0.00165440504521894	0.00154743621793437	0.00156565632855156	0.00159525978014903	0.0677049783675252	-0.286772743890691	0.422182700625742
PWY-7373	65	60	0	5.72375223344001e-05	0	0.000443359941558613	-0.186402153184625	-0.541546029242108	0.168741722872858
PWY-7374	65	60	6.74065060301617e-05	9.64426954030109e-05	0.000317789454149798	0.000387505885834343	-0.0822663646837599	-0.436792360197768	0.272259630830248
PWY-7383	65	60	0.00972015896689601	0.0101008313067454	0.00250663834516864	0.00312662810428182	-0.13493817343772	-0.48971695804907	0.219840611173631
PWY-7384	65	60	0.000151056052847561	0.000107040950604868	0.000490555306537024	0.000462513913416885	0.092214881557692	-0.262349480229467	0.446779243344851
PWY-7385	65	60	0.000972098364860956	0.000989555708575866	0.00174674165933401	0.0014336116528874	-0.010882362873304	-0.365261352785046	0.343496627038438
PWY-7388	65	60	0.00759181038346426	0.00773735907888285	0.00305595510492719	0.00305511158729934	-0.0476341970042786	-0.402060739574781	0.306792345566223
PWY-7389	65	60	0.000194955100196109	0.000103099074798627	0.000632219449711936	0.000395079086210271	0.172716034622069	-0.182319375392502	0.527751444636639
PWY-7391	65	60	7.75756085562448e-05	0.000161023873302362	0.000492661957550977	0.00049598208012158	-0.168835667955366	-0.523841823681074	0.186170487770342
PWY-7392	65	60	0.00454358214834828	0.00462757632729154	0.00281293378753357	0.00245220860004706	-0.0317432678022742	-0.386141920182996	0.322655384578448
PWY-7397	65	60	0	0	0	0	NA	NA	NA
PWY-7399	65	60	4.95178754417862e-05	0.000108999441705862	0.000270967698531313	0.000312396416056409	-0.204000545439586	-0.55929598788967	0.151294897010498
PWY-7400	65	60	0.0226710910407884	0.0210859219964275	0.00319492936226324	0.00254533140042326	0.546319956264876	0.185403933360674	0.907235979169077
PWY-7409	65	60	0.000238474601282221	0.000129301104564912	0.000994867660066661	0.00041814547450112	0.141075642041168	-0.213740558252134	0.495891842334469
PWY-7411	65	60	0	0	0	0	NA	NA	NA
PWY-7413	65	60	0	0	0	0	NA	NA	NA
PWY-7420	65	60	0	0	0	0	NA	NA	NA
PWY-7431	65	60	0	0	0	0	NA	NA	NA
PWY-7446	65	60	0.000482534269770102	0.000403270720816535	0.00128854640598028	0.000829075914209465	0.0725500398128983	-0.28194270464921	0.427042784275007
PWY-7456	65	60	0.0108344575697751	0.0103318300382833	0.00195208208731722	0.0022952489912836	0.236684061110992	-0.118928913039691	0.592297035261676
PWY-7527	65	60	0	0	0	0	NA	NA	NA
PWY-7528	65	60	0	0	0	0	NA	NA	NA
PWY-7539	65	60	0.0128100283386355	0.0128568457924844	0.00281887284561421	0.00248354453342946	-0.0175787493342857	-0.37196195364776	0.336804454979188
PWY-7546	65	60	0	0	0	0	NA	NA	NA
PWY-7560	65	60	0.0053555600935702	0.00527951278468214	0.00346264901124918	0.00299541645507621	0.0234212914442197	-0.330967209794776	0.377809792683215
PWY-7616	65	60	0.000447572853690177	0.00040055511819359	0.000755210966261437	0.000636474067127867	0.0670942904612495	-0.287381611957299	0.421570192879798
PWY-7619	65	60	0	0	0	0	NA	NA	NA
PWY-7626	65	60	0	0	0	0	NA	NA	NA
PWY-7663	65	60	0.0160371915193517	0.0167484494674569	0.00259177907121523	0.00237220023112887	-0.285775298587754	-0.641953012401261	0.0704024152257527
PWY-7664	65	60	0.00816683597684158	0.0085516579908095	0.00279593889967619	0.00319257010593338	-0.128584323889665	-0.483326122811117	0.226157475031786
PWY-821	65	60	0.00238696261730348	0.00235547002798137	0.0026938426537983	0.00206296394069311	0.0130571278722231	-0.341323013297553	0.367437269041999
PWY-841	65	60	0.0163121643138722	0.0171531553096247	0.0018537738958315	0.00160066347606449	-0.484170702284772	-0.843693481828635	-0.124647922740909
PWY-922	65	60	0.000356209609329033	0.000592460768505704	0.000755763933478261	0.000938597557883591	-0.278468024197137	-0.634555013524002	0.0776189651297274
PWY0-1061	65	60	0.00890656255987246	0.00751516206173382	0.00394306546270495	0.00355868679943458	0.369700250070449	0.0123142802737288	0.727086219867169
PWY0-1241	65	60	0.00485001499841931	0.00547017329604422	0.00139228168643328	0.00236527303586739	-0.322746537454695	-0.679418887672175	0.0339258127627851
PWY0-1261	65	60	0.0128908763847295	0.0129238996863386	0.00206109463606026	0.00219284111386884	-0.0155381140170608	-0.369919823966239	0.338843595932117
PWY0-1277	65	60	0.00111838157709866	0.000584808335822984	0.00259938182553598	0.00135141978497761	0.254609202323924	-0.101197780635671	0.610416185283519
PWY0-1296	65	60	0.0219458661602121	0.0198599470427026	0.00378074809810453	0.00309708167996525	0.601187909814948	0.238907422506561	0.963468397123334
PWY0-1297	65	60	0.00620681510326959	0.00687751955511868	0.00320761656054498	0.00333460689697296	-0.205161957857489	-0.560467881250424	0.150143965535445
PWY0-1298	65	60	0.00518464718860908	0.00520998496691261	0.00248228468088873	0.00233440226920362	-0.0105027898953115	-0.364881600311419	0.343876020520796
PWY0-1319	65	60	0.0215939476447216	0.0215030139794808	0.00164292688690328	0.00166995325367245	0.0549134308803281	-0.299529615683724	0.40935647744438
PWY0-1338	65	60	0.000574380949388527	0.000319861643764581	0.00138774856529441	0.000694813745753463	0.229153785400877	-0.126381879873268	0.584689450675021
PWY0-1415	65	60	0.00151516909645395	0.0015773961801979	0.00191432663437162	0.00162738589022548	-0.0349107458929579	-0.389314066577434	0.319492574791518
PWY0-1479	65	60	0.00760974043092486	0.00703557203874106	0.00245748211248432	0.00222704402058515	0.244351032904485	-0.111343203247652	0.600045269056623
PWY0-1533	65	60	0.000332202714756737	0.000226856760596833	0.000802570249277823	0.000492512609222785	0.156778452115563	-0.198141031074428	0.511697935305555
PWY0-1586	65	60	0.0196249093795435	0.0190339746030624	0.00248125052133136	0.002338192869173	0.244826525005249	-0.110872835558162	0.60052588556866
PWY0-162	65	60	0.0127284440623119	0.0128838335697749	0.00207240847535424	0.00222513238297879	-0.0723744220120046	-0.426866603851313	0.282117759827304
PWY0-166	65	60	0.0144472195912601	0.015125721061256	0.00137795637940014	0.00177425354259935	-0.429295545317656	-0.787724072762003	-0.0708670178733093
PWY0-321	65	60	0.000288601161553698	8.6764044032133e-05	0.000920254053573742	0.000333534542813267	0.287166655238601	-0.0690285968049296	0.643361907282132
PWY0-41	65	60	0.000325933706187796	0.000315736620564362	0.00090365442589244	0.000603393247966164	0.0131694885925348	-0.341210717740301	0.36754969492537
PWY0-42	65	60	0.00086778632414611	0.0007453694685648	0.00204053284219024	0.00122258540727333	0.0720911087947585	-0.282400168272723	0.42658238586224
PWY0-781	65	60	0.00737450213698698	0.00635046581919776	0.00270944007464037	0.00227686093970911	0.407778067148941	0.0497435479639313	0.76581258633395
PWY0-845	65	60	0.00991097199884452	0.0109653135603722	0.00292347445373324	0.00310689395869342	-0.349948244004194	-0.707022398275441	0.00712591026705228
PWY0-862	65	60	0.00775786603760923	0.00812609241578852	0.00275949276130718	0.00315246681526469	-0.124631434781774	-0.479351122079496	0.230088252515947
PWY0-881	65	60	0.00134379593438048	0.000925357290110171	0.00231547276862225	0.00160432776616737	0.208586743117974	-0.146750431176127	0.563923917412074
PWY1F-823	65	60	0	5.65278211033123e-05	0	0.000215653452990901	-0.378470800882757	-0.736000623034831	-0.0209409787306828
PWY1G-0	65	60	0.000166763544113574	0.000165143243555632	0.000444717931373765	0.000441778347819485	0.00365500302101979	-0.350721663549698	0.358031669591738
PWY3DJ-35471	65	60	0.000553515055988317	0.000418361781170684	0.00124023126462509	0.000803750655270946	0.128268658508687	-0.22647134933516	0.483008666352534
PWY3O-1109	65	60	9.50017613626161e-06	2.37844498056365e-05	7.65928686647762e-05	0.000184233555991873	-0.102731081652334	-0.457340750341029	0.251878587036361
PWY3O-19	65	60	0	4.80704924774415e-05	0	0.00037235243361824	-0.186402153184625	-0.541546029242108	0.168741722872858
PWY3O-355	65	60	0.000867986691665683	0.000844005031381341	0.00159223992604725	0.00126593246235862	0.0165969499426025	-0.337785512408988	0.370979412294193
PWY490-3	65	60	0.00135121001570337	0.00102615305091218	0.000884037898315942	0.000819839339730696	0.380697392635376	0.0231305230666015	0.738264262204151
PWY4FS-7	65	60	0.012001499233474	0.0117324065823486	0.00288300384633549	0.00291101991992441	0.0929034544819587	-0.261663724498688	0.447470633462605
PWY4FS-8	65	60	0.012001499233474	0.0117323747561534	0.00288300384633549	0.00291098254682585	0.092915020340472	-0.261652206138938	0.447482246819882
PWY4LZ-257	65	60	0.00321064857497619	0.00404922528697805	0.00249719191978439	0.00217964045249096	-0.356806083665406	-0.71398659022012	0.000374422889308279
PWY5F9-12	65	60	2.07866725031361e-05	2.99041342466642e-05	0.000167587511449754	0.000165355431127725	-0.0547527648013717	-0.409195421813948	0.299689892211204
PWY66-367	65	60	0.000211483997722681	0.00057971052802534	0.000472053990116996	0.00070738312474298	-0.617173731006718	-0.979875262846641	-0.254472199166796
PWY66-388	65	60	0.000301003392419718	0.000400156806195213	0.00063212925692462	0.000845397345869206	-0.133608902361854	-0.488379802089903	0.221161997366196
PWY66-389	65	60	0.00136274200887822	0.0012402016703487	0.00228946043181412	0.00146393083180789	0.0632345547603337	-0.291230226953409	0.417699336474076
PWY66-391	65	60	0.0016504779090193	0.00208862418617498	0.00161780936105551	0.00158386279456268	-0.273565149675005	-0.629592571377595	0.0824622720275862
PWY66-398	65	60	0.00168153428751666	0.00197362630759541	0.0014321665759719	0.00158888676195082	-0.193518732445149	-0.548722262253948	0.16168479736365
PWY66-399	65	60	0.0096713680035536	0.0101299454354904	0.00185133742839348	0.00218207996031523	-0.227382505494726	-0.582900346803978	0.128135335814525
PWY66-400	65	60	0.0136259708342254	0.0135288544553148	0.00264940304079788	0.00237602638275645	0.0385081125912799	-0.315901047988753	0.392917273171313
PWY66-409	65	60	0.00881856512917672	0.00895584318325172	0.00291495160501212	0.00288989643202241	-0.0472889884609369	-0.40171480652517	0.307136829603296
PWY66-422	65	60	0.0182227593637081	0.0172111954706676	0.0023705913351586	0.0021652243733375	0.44476130055923	0.0860373507249904	0.80348525039347
PWYG-321	65	60	0.00836019403287609	0.0087116963537019	0.00292701642004165	0.00324761458583494	-0.113940645280844	-0.468603982736598	0.240722692174911
PYRIDNUCSAL-PWY	65	60	0.00599581983895474	0.00599062978171294	0.00364799655704269	0.00312003756909342	0.00152425518245643	-0.352852167355153	0.355900677720066
PYRIDNUCSYN-PWY	65	60	0.0176896587041842	0.0180629762124836	0.0017260348090673	0.00166229770189143	-0.220147516067062	-0.575593980690911	0.135298948556787
PYRIDOXSYN-PWY	65	60	0.00918017784384037	0.0102942308137864	0.00299517230093467	0.00334977899105106	-0.351411662892326	-0.708508341477999	0.00568501569334723
REDCITCYC	65	60	0.00146924495299185	0.00146031369075354	0.0014018222537331	0.00132667496286511	0.00653686255157427	-0.347840453513051	0.3609141786162
RHAMCAT-PWY	65	60	0.0106626239867279	0.0111497967961999	0.0018611157669157	0.00249555442158659	-0.222604413999801	-0.578074859929704	0.132866031930101
RIBOSYN2-PWY	65	60	0.0204389779899523	0.0199057338935857	0.00230033536391407	0.00226506283534824	0.233522149825692	-0.122058060503235	0.589102360154619
RUMP-PWY	65	60	0.00141468754280957	0.00178911383241921	0.00143366541429116	0.0014569295122947	-0.259141609130842	-0.614999872294507	0.0967166540328227
SALVADEHYPOX-PWY	65	60	0.00887353878108886	0.00756565644331068	0.00290672833157509	0.00190443308787297	0.527991237824707	0.167503001935144	0.88847947371427
SER-GLYSYN-PWY	65	60	0.0163513740681386	0.0165679266847668	0.00188678151879386	0.00190283495801704	-0.1143060118805	-0.468971191931505	0.240359168170505
SO4ASSIM-PWY	65	60	0.00421756798990063	0.00371457179992347	0.00319180382115136	0.00295436498934593	0.163300093654274	-0.191665475593113	0.518265662901661
SPHINGOLIPID-SYN-PWY	65	60	0	0	0	0	NA	NA	NA
SUCSYN-PWY	65	60	0	0	0	0	NA	NA	NA
SULFATE-CYS-PWY	65	60	0.00566280128150488	0.00503104936669159	0.00368261888717029	0.00353622883148225	0.174848469858783	-0.180203298663946	0.529900238381512
TCA-GLYOX-BYPASS	65	60	0.00203144696863351	0.00181731502426968	0.00302940042095322	0.00240344065495994	0.0779511544444169	-0.276559558818164	0.432461867706998
TCA	65	60	0.00889565237436288	0.00868908771980707	0.00178816954399084	0.00150389969745469	0.124593683037733	-0.230125796406285	0.479313162481751
TEICHOICACID-PWY	65	60	0.0068751364637956	0.00779957827663174	0.00189050332375142	0.00206958004091019	-0.467261316313587	-0.826433258975109	-0.108089373652065
THISYN-PWY	65	60	0.0155269201041892	0.0154329146894945	0.00200795698433772	0.0016676071782493	0.0507446263787784	-0.303688681781922	0.405177934539479
THISYNARA-PWY	65	60	0.0159017945177363	0.0153373532141638	0.00221764679357835	0.0025734389742782	0.235683067983558	-0.119919486505099	0.591285622472214
THREOCAT-PWY	65	60	0.000872998620300973	0.000277989483577822	0.00195416309180088	0.00089888670244979	0.386127901770546	0.0284697810411988	0.743786022499893
THRESYN-PWY	65	60	0.0180132754704155	0.0179010460759383	0.001753516733988	0.0014335757515243	0.0697938405407004	-0.284690231078516	0.424277912159917
TRIGLSYN-PWY	65	60	0	0	0	0	NA	NA	NA
TRNA-CHARGING-PWY	65	60	0.0243917866462402	0.024492327544263	0.00240409608973278	0.00235742441242834	-0.0422117421599929	-0.396627512916111	0.312204028596125
TRPSYN-PWY	65	60	0.0163990726265233	0.0162510703378946	0.00219970752101736	0.00247246908378876	0.0633971799007594	-0.291068057085016	0.417862416886535
TYRFUMCAT-PWY	65	60	0	0	0	0	NA	NA	NA
UBISYN-PWY	65	60	0.000503573180750236	0.000451596319370765	0.00131104422587894	0.000799877176999152	0.0474234368230609	-0.307002662788269	0.401849536434391
UDPNACETYLGALSYN-PWY	65	60	0.000179426378598883	0.000116609957732247	0.000631293622550655	0.000455686580254943	0.113376947405839	-0.24128355879492	0.468037453606598
UDPNAGSYN-PWY	65	60	0.0142229042095954	0.0136637593669602	0.00226880993540292	0.00286718872289086	0.217290409430629	-0.138128500243605	0.572709319104863
UNINTEGRATED	65	60	1.03407653640628	1.01218371217598	0.0513519081339505	0.054619568221927	0.41350519607088	0.0553677433929726	0.771642648748787
UNMAPPED	65	60	0.476185799938506	0.501866236548799	0.0575264396727287	0.0593450781469544	-0.439689368826798	-0.798315310988531	-0.0810634266650653
URDEGR-PWY	65	60	0.000252157532926295	0.000276587637785937	0.000678881811708476	0.000526947649917012	-0.0400009587779895	-0.39441271080591	0.314410793249931
URSIN-PWY	65	60	0.000179114585469152	1.5354540011541e-05	0.00083123299574197	0.000118935755506748	0.270574971525518	-0.0854166355601023	0.626566578611139
VALDEG-PWY	65	60	0	0	0	0	NA	NA	NA
VALSYN-PWY	65	60	0.0254224592615529	0.0240851528390814	0.00255322606397247	0.00238669734438723	0.54038144707776	0.1796055699223	0.90115732423322
