len_control	len_case	mean_control	mean_case	sd_control	sd_case	cohen.d	lower	upper
1CMET2-PWY	251	187	0.0202570646614396	0.0201551486802579	0.00170536095190714	0.00169778831485147	0.0598753967805038	-0.130026779584926	0.249777573145933
3-HYDROXYPHENYLACETATE-DEGRADATION-PWY	251	187	0.000680313573400427	0.00088103036232717	0.00156737319852565	0.00187952371603223	-0.11754789941029	-0.307568841272729	0.0724730424521483
7ALPHADEHYDROX-PWY	251	187	6.21056789229674e-05	9.48178898090487e-05	0.000245296099298039	0.000309026831618134	-0.119256619825208	-0.309282256635122	0.0707690169847066
AEROBACTINSYN-PWY	251	187	0.000211813766242211	0.000223394557498926	0.000773748050164396	0.000680670775591524	-0.015745834381329	-0.205609261406866	0.174117592644208
ALL-CHORISMATE-PWY	251	187	0	0	0	0	NA	NA	NA
ALLANTOINDEG-PWY	251	187	0.000891199670671453	0.00105614681149588	0.00109699790123918	0.00115144920605662	-0.147201841891735	-0.337313856626198	0.0429101728427282
ANAEROFRUCAT-PWY	251	187	0.0158125725452389	0.0157939582319202	0.00157023600561115	0.00153072960977569	0.0119821374372853	-0.177880077680967	0.201844352555538
ANAGLYCOLYSIS-PWY	251	187	0.019059218041248	0.0189797953368509	0.00175739161011465	0.00162879612449111	0.0466172386580938	-0.143268544340849	0.236503021657036
ARG+POLYAMINE-SYN	251	187	0.00854686270190749	0.00879869343957819	0.0030443293863092	0.00282293892930786	-0.0853109868608877	-0.275256034394644	0.104634060672869
ARGDEG-PWY	251	187	0.00150871702124622	0.00162964199416588	0.00275333049592735	0.00277244095022345	-0.0437896084534532	-0.233672423127356	0.146093206220449
ARGININE-SYN4-PWY	251	187	0.0130920063562678	0.0131866563351633	0.0037226708570141	0.00328938396503697	-0.0267047488889016	-0.216573578234141	0.163164080456338
ARGORNPROST-PWY	251	187	0.00300186416276806	0.0032172999412659	0.00159684767579187	0.00166536854119993	-0.132459123464839	-0.322523315833119	0.0576050689034413
ARGSYN-PWY	251	187	0.0180908026824029	0.0177769551405063	0.0025226159202895	0.00239071823475963	0.127207459050017	-0.0628409132856688	0.317255831385703
ARGSYNBSUB-PWY	251	187	0.0178525108401585	0.017531668064211	0.00269570584580339	0.00253303080870917	0.122107671519252	-0.0679259495266607	0.312141292565165
ARO-PWY	251	187	0.0203516986744897	0.0201492889437716	0.00182681950478945	0.00173761008012967	0.113121898758838	-0.0768871965818624	0.303130994099539
ASPASN-PWY	251	187	0.015863722379465	0.015749566879284	0.00266039601917302	0.00219814548215411	0.0461460990509817	-0.143739176477593	0.236031374579557
AST-PWY	251	187	0.00147662652877565	0.00165469255919913	0.0023884849593504	0.00250495906745137	-0.0730121765410331	-0.262934620246239	0.116910267164173
BIOTIN-BIOSYNTHESIS-PWY	251	187	0.00932234865599495	0.00992023060783216	0.0033292725930247	0.00305988085474341	-0.185844493207823	-0.376105707728993	0.00441672131334692
BRANCHED-CHAIN-AA-SYN-PWY	251	187	0.0205652542235828	0.0202366736402989	0.002584833263027	0.00209774951815314	0.137526482882455	-0.0525535796149285	0.327606545379839
CALVIN-PWY	251	187	0.0193435205014427	0.0191733816254724	0.00200225842395897	0.00197105437912175	0.0855396287437489	-0.104405872230623	0.275485129718121
CATECHOL-ORTHO-CLEAVAGE-PWY	251	187	0.000527036227362506	0.000639196031135078	0.00135562655915115	0.00151203162097212	-0.0787389263814007	-0.268671458638202	0.111193605875401
CENTFERM-PWY	251	187	0.00484213386278801	0.00487228148206584	0.00171773281549174	0.0016503592666445	-0.0178460132859603	-0.207710259576695	0.172018233004774
CITRULBIO-PWY	251	187	0.01287161849726	0.0127904999161762	0.00321226443753032	0.0031530196956271	0.0254519609464028	-0.164416109626441	0.215320031519247
COA-PWY-1	251	187	0.021322381003061	0.0211569860182509	0.00198735544898698	0.00195662912869153	0.0837737369922119	-0.10616829336386	0.273715767348284
COA-PWY	251	187	0.0195903575184549	0.0194335949498855	0.00214889372979144	0.00185240255045415	0.0773098382947573	-0.112620105156022	0.267239781745537
COBALSYN-PWY	251	187	0.0120811224828916	0.011854236470192	0.00208143558501444	0.00200595078821465	0.11069913975041	-0.0793036631297671	0.300701942630588
CODH-PWY	251	187	8.94846471171496e-06	5.05818270791774e-05	8.16701302169793e-05	0.0003518704041342	-0.174930462781165	-0.365146042104248	0.0152851165419174
COLANSYN-PWY	251	187	0.00987868066506578	0.0100739303052858	0.00181932028070311	0.0016018485929569	-0.112868066192686	-0.302876495893343	0.0771403635079707
COMPLETE-ARO-PWY	251	187	0.0200438004939446	0.0197650637100287	0.00173446039958043	0.00159575117038521	0.166242254327996	-0.0239389633264234	0.356423471982416
CRNFORCAT-PWY	251	187	0.000203339173406301	0.000201393980780993	0.000655070949685917	0.000531794439483964	0.00321223310519411	-0.186648434560403	0.193072900770791
DAPLYSINESYN-PWY	251	187	0.00840970496226997	0.00845918813050152	0.00356713250860722	0.00346074826625478	-0.0140491712750236	-0.203912011250659	0.175813668700612
DENITRIFICATION-PWY	251	187	0.000419033278443938	0.000353001435489097	0.00090846567669856	0.000731503933731419	0.0788385038211292	-0.111094210586847	0.268771218229106
DENOVOPURINE2-PWY	251	187	0.0167754842506776	0.0169854657605365	0.00191445685179376	0.00146286172157367	-0.120941068113824	-0.310971399382407	0.0690892631547581
DHGLUCONATE-PYR-CAT-PWY	251	187	3.0381557732408e-05	4.74674547260921e-05	0.000190329775485854	0.000216783991823249	-0.0845671614394273	-0.274510742214011	0.105376419335157
DTDPRHAMSYN-PWY	251	187	0.0238693855041342	0.0231964322981245	0.00363412485355276	0.00312190106952908	0.196483285410575	0.00617494053526318	0.386791630285886
ECASYN-PWY	251	187	0.00133933538702607	0.0016097219430601	0.00205781865692978	0.00241084515941445	-0.122053428497782	-0.312086895881634	0.0679800388860702
ENTBACSYN-PWY	251	187	0.00271683877014197	0.00311285803105877	0.00363547274954625	0.00388051771158815	-0.105831660163022	-0.29582223225727	0.0841589119312255
FAO-PWY	251	187	0.00594307350482708	0.00601146128769498	0.00305869206812479	0.00330271695379693	-0.0216068566231595	-0.211472825953491	0.168259112707172
FASYN-ELONG-PWY	251	187	0.00957148986377385	0.0102431699114282	0.00387783046146241	0.0037058899561254	-0.176505690540296	-0.366727686581456	0.0137163055008646
FASYN-INITIAL-PWY	251	187	0.00838688211154238	0.00900131700637492	0.0039295239718417	0.00374508996853159	-0.159513778709581	-0.349669583879969	0.0306420264608076
FERMENTATION-PWY	251	187	0.00684967463214111	0.0071791638630135	0.00351018347547334	0.00320402793911963	-0.0973965464485007	-0.287367223623063	0.0925741307260613
FOLSYN-PWY	251	187	0.00515322244016921	0.00592483869944585	0.00328662985209147	0.00329692541232538	-0.234460704575806	-0.42495856673713	-0.0439628424144825
FUC-RHAMCAT-PWY	251	187	0.00636127980662457	0.00675903923786601	0.00262046812306809	0.00255030909162439	-0.153529409568737	-0.343663492008012	0.0366046728705377
FUCCAT-PWY	251	187	0.00511008306810155	0.00551718266676479	0.00259800616918203	0.00250169349522655	-0.159187298081555	-0.349341896801986	0.0309673006388757
GALACT-GLUCUROCAT-PWY	251	187	0.0081731519745403	0.00792176681829431	0.00198346003444725	0.00195485719357252	0.127521965856199	-0.0625273359176949	0.317571267630094
GALACTARDEG-PWY	251	187	0.00379763565969918	0.00422994108194618	0.00296946866509706	0.00301433335365301	-0.144647099929007	-0.334750467333081	0.0454562674750682
GALACTUROCAT-PWY	251	187	0.0080286607724002	0.00790216316455489	0.00198858610114478	0.0019239289046019	0.0644980108608778	-0.12541084054915	0.254406862270906
GALLATE-DEGRADATION-I-PWY	251	187	0	1.76328599155561e-06	0	2.41125732815691e-05	-0.111960793880442	-0.301966856592711	0.0780452688318266
GALLATE-DEGRADATION-II-PWY	251	187	0	1.76328599155561e-06	0	2.41125732815691e-05	-0.111960793880442	-0.301966856592711	0.0780452688318266
GLCMANNANAUT-PWY	251	187	0.00973626128592248	0.0100711073495883	0.00240767823471932	0.0022715486370865	-0.142453192983154	-0.332549254937633	0.0476428689713238
GLUCARDEG-PWY	251	187	0.00305159396186469	0.00339086606960372	0.00246600193922201	0.00248020315240038	-0.1372420990419	-0.327321255153611	0.0528370570698116
GLUCARGALACTSUPER-PWY	251	187	0.00379763565969918	0.00422994108194618	0.00296946866509706	0.00301433335365301	-0.144647099929007	-0.334750467333081	0.0454562674750682
GLUCONEO-PWY	251	187	0.0131335915846453	0.0133209504740998	0.00227341490811865	0.00201719392498858	-0.0864274602209877	-0.276374733430794	0.103519812988819
GLUCOSE1PMETAB-PWY	251	187	0.00456907055246913	0.00464516713226224	0.00347403855636266	0.00321135522893666	-0.0226175961995412	-0.212484084605443	0.167248892206361
GLUCUROCAT-PWY	251	187	0.00865463080102643	0.0084882849986393	0.00193839708276302	0.00188285455653398	0.0868692128758504	-0.103078948945374	0.276817374697075
GLUDEG-I-PWY	251	187	0.00380791023684989	0.00394573033994327	0.00259040671039354	0.0026868593858213	-0.0523635336583294	-0.242255920782945	0.137528853466286
GLUTORN-PWY	251	187	0.0168271578799416	0.0165071931437872	0.00247975540232691	0.00241704389634018	0.13042758191481	-0.0596304149346337	0.320485578764254
GLYCOCAT-PWY	251	187	0.00569410729732908	0.00574840289792125	0.00407237374032189	0.00368264709431877	-0.0138832639225084	-0.203746050082183	0.175979522237166
GLYCOGENSYNTH-PWY	251	187	0.0151697223716044	0.014943976633794	0.00266028053306903	0.00261573914023476	0.0854653720562772	-0.104479981519917	0.275410725632471
GLYCOL-GLYOXDEG-PWY	251	187	0.000794180737814201	0.000892995732015703	0.00126286924742159	0.00142761013845666	-0.0739834676782446	-0.263907568878661	0.115940633522172
GLYCOLYSIS-E-D	251	187	0.010154188454148	0.0103446478224053	0.00227005070164375	0.00192468719177783	-0.0894352596813819	-0.279388672760899	0.100518153398135
GLYCOLYSIS-TCA-GLYOX-BYPASS	251	187	0.00392481105651212	0.00414281772900434	0.0041539737238452	0.00439293137502692	-0.0512046635763933	-0.241095657121402	0.138686329968615
GLYCOLYSIS	251	187	0.0142230812309935	0.0143689465620366	0.00228498522151381	0.00229726981360376	-0.063690144277049	-0.253597793366487	0.126217504812389
GLYOXYLATE-BYPASS	251	187	0.00270812494286228	0.00290860929827847	0.00305591458617446	0.00318579451261764	-0.0644233013749471	-0.254332040961764	0.12548543821187
GOLPDLCAT-PWY	251	187	0.00420194077159895	0.00472619540485554	0.00215115615468409	0.00192293590286437	-0.254876648301343	-0.445490103733587	-0.0642631928690987
HCAMHPDEG-PWY	251	187	0.00115071646156138	0.00122046249488592	0.00245067288125469	0.00264272877791373	-0.0275198973847465	-0.217389240011678	0.162349445242185
HEME-BIOSYNTHESIS-II	251	187	0.00383161172757042	0.00411609487838571	0.00264354518676517	0.00242998400844099	-0.111360116630826	-0.301364622727172	0.0786443894655193
HEMESYN2-PWY	251	187	0.00472279153966139	0.00495294618196355	0.00241965185955465	0.00214756538514236	-0.0997417505761473	-0.289717793563561	0.0902342924112665
HEXITOLDEGSUPER-PWY	251	187	0.00907359180084762	0.00938561244904067	0.00275761952047362	0.00267769391083528	-0.114553028853831	-0.304565905068368	0.0754598473607058
HISDEG-PWY	251	187	0.0121112885497658	0.0123768497331627	0.00308270692713224	0.00277168474722128	-0.0898978996378739	-0.279852275730304	0.100056476454556
HISTSYN-PWY	251	187	0.0191203056844781	0.0187487263261667	0.00219014485005457	0.00195638482048894	0.177482080494982	-0.0127439216558007	0.367708082645765
HOMOSER-METSYN-PWY	251	187	0.00723902817816143	0.00745694985504574	0.00319881176536995	0.00307335449362034	-0.0692715821036738	-0.25918784702076	0.120644682813412
HSERMETANA-PWY	251	187	0.0148519683242339	0.0145940926720117	0.00225097271919256	0.00214863844451514	0.116796981651036	-0.073221918354564	0.306815881656636
ILEUDEG-PWY	251	187	0	3.09867643641723e-06	0	4.23737629668711e-05	-0.111960793880442	-0.301966856592711	0.0780452688318266
ILEUSYN-PWY	251	187	0.0232790553336828	0.0227875465729357	0.00221976775094917	0.0020824543411588	0.227312949381637	0.0368532929802367	0.417772605783038
KDO-NAGLIPASYN-PWY	251	187	0.00125910986215536	0.00140201614947106	0.00177171337041043	0.00194269989320197	-0.0773890958626749	-0.267319181648235	0.112540989922885
KETOGLUCONMET-PWY	251	187	0.00201960391069549	0.00200769519540218	0.00265937184992916	0.00252918333333091	0.00457213545038814	-0.185288655149359	0.194432926050135
LACTOSECAT-PWY	251	187	0.00515599400009994	0.00545872963446589	0.00257514878450164	0.00251141769301953	-0.11880578305573	-0.308830174560037	0.0712186084485778
LEU-DEG2-PWY	251	187	0	3.08945369645051e-06	0	4.22476438946564e-05	-0.111960793880442	-0.301966856592711	0.0780452688318266
LIPASYN-PWY	251	187	4.67080357730446e-05	6.9873472417595e-05	0.000309239513981766	0.000319317386556152	-0.0738744639935278	-0.263798378090184	0.116049450103129
LPSSYN-PWY	251	187	0.000619569166455875	0.000730928963767412	0.00150272321018229	0.00158505675217697	-0.0723874138122977	-0.262308802936881	0.117533975312286
LYSINE-AMINOAD-PWY	251	187	0	0	0	0	NA	NA	NA
LYSINE-DEG1-PWY	251	187	0	0	0	0	NA	NA	NA
MET-SAM-PWY	251	187	0.00970943797824992	0.00995155668859101	0.00351399186850875	0.00328065363133575	-0.0708695806855498	-0.260788445484103	0.119049284113003
METH-ACETATE-PWY	251	187	0.00478859417425883	0.00495112835310419	0.00222346943229547	0.00237082273665126	-0.0710534290492718	-0.260972596762772	0.118865738664229
METHANOGENESIS-PWY	251	187	5.97506257271567e-05	0.000145763279996393	0.000334129861260009	0.000575838389229797	-0.189751205680917	-0.380029423727072	0.000527012365238388
METHGLYUT-PWY	251	187	0.00325640872629255	0.00334049309232901	0.00229052449771365	0.00222938299106727	-0.0371291909741956	-0.227005747455081	0.15274736550669
METHYLGALLATE-DEGRADATION-PWY	251	187	0	1.97062464114694e-06	0	2.69478866716346e-05	-0.111960793880442	-0.301966856592711	0.0780452688318266
METSYN-PWY	251	187	0.00938945874249602	0.00963423149122283	0.00353572024366555	0.00330484488095134	-0.0711729990548908	-0.261092364197008	0.118746366087227
NAD-BIOSYNTHESIS-II	251	187	0.00540817621329515	0.0055585764603269	0.00309654271696256	0.0029802160283213	-0.0493526526291222	-0.239241483794686	0.140536178536442
NADSYN-PWY	251	187	0	0	0	0	NA	NA	NA
NAGLIPASYN-PWY	251	187	0.00903163981528102	0.00927925831680202	0.00291753901798409	0.00281006740536162	-0.0862126502343238	-0.27615949297682	0.103734192508172
NONMEVIPP-PWY	251	187	0.00730030168630526	0.00712917275009026	0.00457771883438379	0.00426867502187441	0.0384688584383267	-0.151408874053827	0.228346590930481
NONOXIPENT-PWY	251	187	0.015397222496502	0.0153731501201512	0.00303089316910553	0.00280849764376925	0.00819324034206424	-0.181668087061241	0.198054567745369
OANTIGEN-PWY	251	187	0.0150225588952245	0.0150902216432041	0.00225013566328228	0.00221055867170006	-0.0302966938408549	-0.220167900769185	0.159574513087475
ORNARGDEG-PWY	251	187	0.00150871702124622	0.00162964199416588	0.00275333049592735	0.00277244095022345	-0.0437896084534532	-0.233672423127356	0.146093206220449
ORNDEG-PWY	251	187	0.00242188009890736	0.00246394491961205	0.00352823591786461	0.0036649543033251	-0.0117263723852458	-0.201588517085517	0.178135772315025
P101-PWY	251	187	0	1.52125880799266e-05	0	0.000151011442162722	-0.154233964914956	-0.344370561820303	0.0359026319903911
P105-PWY	251	187	0.00300448018610675	0.00317750949611826	0.00343251523296247	0.00341421508643664	-0.0505236332867403	-0.240413822414583	0.139366555841102
P108-PWY	251	187	0.00508050832894019	0.0053747779395422	0.00184822197763073	0.0016928495538866	-0.164986750346158	-0.355163146736608	0.0251896460442919
P122-PWY	251	187	0.00241993838095222	0.00241323366570624	0.0026204342848296	0.0026421115172218	0.00254960856473056	-0.187311014763442	0.192410231892904
P124-PWY	251	187	0.00394431785840892	0.00400910024090534	0.00312321368168501	0.00301219015613265	-0.0210582612282535	-0.210923958755199	0.168807436298692
P125-PWY	251	187	0.00167252260602518	0.00151277314392462	0.00189247376857981	0.00163513803762933	0.0893838058996648	-0.100569500382443	0.279337112181773
P161-PWY	251	187	0.00399350064145065	0.00433287482981633	0.00332851014358308	0.00349826643802479	-0.09975827453966	-0.289734355786185	0.0902178067068648
P162-PWY	251	187	0.00229115393442052	0.00220113305990538	0.00235499948603801	0.00215093952632364	0.0396534386132058	-0.150225368463948	0.229532245690359
P163-PWY	251	187	0.000515876197858337	0.000864094447191709	0.000938239070524784	0.00123379577169062	-0.324130032590854	-0.515206743088074	-0.133053322093633
P164-PWY	251	187	0.00660715559836966	0.00697187493007754	0.00181646031517404	0.00173856427224595	-0.204479712885001	-0.394825200733368	-0.0141342250366335
P165-PWY	251	187	1.22136922570249e-05	1.34036920143476e-05	0.000115757992996671	0.000141511379439912	-0.00934190872645529	-0.19920347003714	0.18051965258423
P185-PWY	251	187	0.00312264773030982	0.00329287999213421	0.00213491340484889	0.0021867112263761	-0.0789148896893935	-0.268847743981476	0.111017964602689
P221-PWY	251	187	0.000922780343421002	0.00107959728866726	0.00158623684692386	0.00163856522570809	-0.0974763829781385	-0.287447240721605	0.0924944747653276
P23-PWY	251	187	0.00153182320230733	0.00175149746657578	0.00139410228667588	0.00159995815709324	-0.14788748211965	-0.338001843319319	0.0422268790800183
P241-PWY	251	187	8.940671984719e-06	6.29937184871444e-06	8.18043848925596e-05	8.61426144467784e-05	0.0315633101506865	-0.158308806631087	0.22143542693246
P261-PWY	251	187	0	8.0875693943787e-06	0	7.81059614727428e-05	-0.158533340099655	-0.348685529648322	0.0316188494490119
P4-PWY	251	187	0.00730476812611769	0.00742999381725395	0.00341071639872153	0.00330017488890358	-0.0372252011078006	-0.227101840483781	0.15265143826818
P42-PWY	251	187	0.00466625968592942	0.00481058879707287	0.00229383445529222	0.0023206461891101	-0.0626072293229057	-0.252513290507025	0.127298831861214
P441-PWY	251	187	0.00790464110895774	0.00833401937895291	0.00297631488192744	0.00299785229004204	-0.143820172787144	-0.333920773544408	0.0462804279701198
P461-PWY	251	187	0.00596385624886806	0.00621768690193528	0.00362714089731643	0.0035931765969328	-0.0702608337102453	-0.260178701114129	0.119657033693638
P562-PWY	251	187	0.000719031842537139	0.000947631270095366	0.0010717387108621	0.00106795140844108	-0.213619435926919	-0.404009182186591	-0.0232296896672478
P621-PWY	251	187	0.00103780780266966	0.00100732579321055	0.00130754462450345	0.00125086579919294	0.0237459626812344	-0.166121133236168	0.213613058598637
PANTO-PWY	251	187	0.0184449047632361	0.0184950835784787	0.00230660684082367	0.00174076624970894	-0.0240770706578058	-0.213944350454753	0.165790209139142
PANTOSYN-PWY	251	187	0.0187504945762644	0.0187659571987368	0.00227683484890513	0.00169564385536352	-0.00754584654854738	-0.197407055623651	0.182315362526557
PENTOSE-P-PWY	251	187	0.0120950841925281	0.0122190445032747	0.00257086745276194	0.00212594451517813	-0.0518400460118079	-0.24173179976448	0.138051707740865
PEPTIDOGLYCANSYN-PWY	251	187	0.0219467870611173	0.021755680658465	0.00248561775841943	0.00225644707114659	0.0799427481209677	-0.109992001635882	0.269877497877818
PHOSLIPSYN-PWY	251	187	0.0142430753493277	0.0143685979885941	0.00261278385058843	0.00226538542824309	-0.0508072886896946	-0.240697811556353	0.139083234176964
PHOTOALL-PWY	251	187	1.15642661758959e-05	2.37086083119182e-05	0.000105447810776369	0.000211436024032638	-0.0761296890149886	-0.26605753033496	0.113798152304983
POLYAMINSYN3-PWY	251	187	0.00384735075160526	0.00396832922573295	0.00252104028113401	0.00236400860807135	-0.0492728139310137	-0.239161553668461	0.140615925806433
POLYAMSYN-PWY	251	187	0.00691290762777954	0.00704422530453993	0.00291237822018656	0.00272762010764603	-0.0463196384240342	-0.236205100274522	0.143565823426454
POLYISOPRENSYN-PWY	251	187	0.00836638569913569	0.00820657888839582	0.00249536810822102	0.00222328703480483	0.0670583973187406	-0.122854364700559	0.25697115933804
PPGPPMET-PWY	251	187	0.00455359964517847	0.00476920708342855	0.002179490180047	0.0025368807097359	-0.0921933382451273	-0.282152565842254	0.097765889351999
PROPFERM-PWY	251	187	0.00119422066068057	0.00134625011880246	0.000991841494564432	0.00122037155694598	-0.138816648865631	-0.328900846877502	0.0512675491462411
PROTOCATECHUATE-ORTHO-CLEAVAGE-PWY	251	187	0.000725055497583155	0.000765770817996186	0.00168979709937463	0.00155769994898459	-0.0249061483389939	-0.214773899730139	0.164961603052152
PRPP-PWY	251	187	0.00991126491254272	0.0104576824737936	0.00269895563501418	0.00244171860700019	-0.210781536357408	-0.401157334283625	-0.0204057384311905
PWY-101	251	187	8.73296894921229e-05	7.81233899472688e-05	0.000274594496285992	0.000295404070437681	0.032455545536655	-0.157417234532866	0.222328325606176
PWY-1042	251	187	0.023891623071981	0.0234097105449199	0.00225719752383477	0.00203245578045423	0.22267695627861	0.0322414515195181	0.413112461037702
PWY-1269	251	187	0.0112431068991836	0.0113244522910604	0.00375809174951109	0.0032707995861958	-0.0228602239572769	-0.212726840498315	0.167006392583761
PWY-1361	251	187	1.23439309628172e-05	3.32051581329361e-05	0.000138135527951665	0.000272890921282392	-0.100942424086949	-0.290921263560026	0.0890364153861282
PWY-1501	251	187	6.20236398658951e-05	4.02787840403262e-05	0.000536075601834847	0.000332096251128133	0.0472457720500765	-0.142640695973481	0.237132240073634
PWY-1541	251	187	0.000135338425634865	8.56805866404062e-05	0.000838614356233342	0.000404880572208643	0.0721891279440786	-0.117731928373336	0.262110184261493
PWY-1622	251	187	5.33222766487707e-05	3.93306213241888e-05	0.00029709408675976	0.000218022360230518	0.0525509284119263	-0.137341686989368	0.242443543813221
PWY-181	251	187	9.97667326921495e-05	9.32145672169498e-05	0.000519317157743335	0.00053916822385951	0.0124122948062211	-0.177450042170572	0.202274631783014
PWY-1861	251	187	0.00502727876012402	0.00508572736370237	0.00302394097272921	0.00276744927724724	-0.0200353104038191	-0.209900519774047	0.169829898966409
PWY-2201	251	187	0	0	0	0	NA	NA	NA
PWY-2221	251	187	7.89279694234271e-05	0.000181454311798246	0.00046476469473964	0.000704622828981798	-0.17696336254444	-0.367187233664056	0.0132605085751761
PWY-241	251	187	0.00690597838270516	0.0071773690229745	0.00317339785785495	0.00299927238018534	-0.0875365772803693	-0.277486090128112	0.102412935567373
PWY-2723	251	187	0.00425468574136613	0.00431770938001994	0.00330044706329525	0.00301311221409905	-0.0198122474946194	-0.209677353645674	0.170052858656436
PWY-2941	251	187	0.0111214900144159	0.0115317792428038	0.00301482825681213	0.00293655682629791	-0.137602979705355	-0.327683286332219	0.0524773269215101
PWY-2942	251	187	0.0204133946862498	0.0201578917334955	0.0020512104781185	0.00187314750340155	0.129223976588337	-0.060830394746957	0.319278347923632
PWY-3001	251	187	0.0185868013151191	0.0184721000288483	0.00144500791737645	0.00127173229552553	0.083494214990816	-0.106447272633972	0.273435702615604
PWY-3502	251	187	0	0	0	0	NA	NA	NA
PWY-3781	251	187	0.000943237120601063	0.00105365754410753	0.00121516263784513	0.00137643639026341	-0.0858342307002071	-0.27578031771436	0.104111856313946
PWY-3801	251	187	0.00051494441041199	0.000609830657089443	0.00178397585997884	0.00184907294050873	-0.0523645338181237	-0.242256922158929	0.137527854522682
PWY-3841	251	187	0.0210402389308457	0.0208855505641281	0.00201796268362746	0.00196239296189808	0.0775595775363107	-0.112370814902818	0.267489969975439
PWY-4041	251	187	0.00767363182082951	0.00764183780227877	0.00349510146851469	0.00316398023546242	0.00946859444293758	-0.180392994541469	0.199330183427344
PWY-4242	251	187	0.0194224438011174	0.0193211370180435	0.00210431424177141	0.00193755500315224	0.0497859708563599	-0.140103359109182	0.239675300821902
PWY-4321	251	187	0.000218119071681952	0.000217400904300596	0.000907728863469012	0.000658116791881948	0.000885863034236082	-0.188974693917335	0.190746419985808
PWY-4361	251	187	3.49513415321227e-05	4.77247178274376e-05	0.000297110350489558	0.00046986786889629	-0.0335676500284257	-0.223441282716986	0.156305982660134
PWY-4702	251	187	0.00191392342846229	0.00198943674545098	0.00311912761894183	0.00318627898392516	-0.0239880931500989	-0.213855323283564	0.165879136983366
PWY-4722	251	187	0.00050601629735536	0.000471024373561461	0.000656951890114696	0.0006346400513197	0.0540392799660472	-0.135855177433565	0.243933737365659
PWY-4981	251	187	0.0101984191405017	0.0103857840904107	0.00250236934913039	0.00254506840461051	-0.0743313056318593	-0.264256005736243	0.115593394472525
PWY-4984	251	187	0.0114308784759887	0.0114939285411085	0.00346377175532058	0.00335555643596273	-0.018446340990123	-0.208310840290238	0.171418158309992
PWY-5004	251	187	0.000375668309487249	0.00052874595965895	0.000842095230299404	0.000973419603743971	-0.169998548153956	-0.360194407869093	0.0201973115611818
PWY-5005	251	187	0.00485083050814433	0.00502923175736068	0.00299222122313525	0.00287510220237242	-0.0606223893070349	-0.250525610731351	0.129280832117281
PWY-5022	251	187	0.00408879204731612	0.00440805030218964	0.00227266561455698	0.0022997835704612	-0.13976357589845	-0.329850833716127	0.0503236819192263
PWY-5028	251	187	8.77967589532448e-05	0.000218747729563216	0.000432612719026418	0.000926707441938147	-0.190268985167032	-0.380549483221389	1.15128873258707e-05
PWY-5030	251	187	0.0107737832406399	0.0109611564510945	0.00338576764982341	0.00296986700237754	-0.0582822166802398	-0.248182207420336	0.131617774059856
PWY-5044	251	187	0	0	0	0	NA	NA	NA
PWY-5055	251	187	1.97864702351685e-05	3.81000141225521e-05	0.000141774345161702	0.000205854635957905	-0.106439738018582	-0.296431808049597	0.0835523320124341
PWY-5067	251	187	0	0	0	0	NA	NA	NA
PWY-5079	251	187	3.15941437117553e-06	0	5.00545371706343e-05	0	0.0833559066372308	-0.106585313112679	0.273297126387141
PWY-5080	251	187	0	0	0	0	NA	NA	NA
PWY-5083	251	187	0.00493654918512135	0.00543826163031098	0.00316594834008824	0.00323204717790402	-0.15706423447683	-0.347211047916542	0.0330825789628824
PWY-5088	251	187	0.000874431684267732	0.00114457654579555	0.00133018045585582	0.00156453302139794	-0.18827450285756	-0.378546252318217	0.00199724660309661
PWY-5097	251	187	0.0206922079628088	0.0204243135501875	0.00205539923382529	0.00193656045041003	0.133575639545692	-0.056491998508652	0.323643277600035
PWY-5100	251	187	0.0132459543244049	0.0133945058797802	0.00271239197160489	0.00261696834655154	-0.0555935500987028	-0.245489985966862	0.134302885769457
PWY-5101	251	187	0.000209905319461894	0.0003196529447123	0.000601494809977025	0.0008719540139769	-0.150494386632671	-0.340617768712232	0.0396289954468894
PWY-5103	251	187	0.0199259293448955	0.0195990197225678	0.00279803519510987	0.00224953740774661	0.126790054509649	-0.0632570878392106	0.316837196858508
PWY-5104	251	187	0.00995648135192258	0.0100844723926048	0.00290742403522484	0.00288086170629992	-0.0441939365860192	-0.234077164332018	0.14568929115998
PWY-5109	251	187	0	2.96815734752635e-06	0	4.05889412699957e-05	-0.111960793880442	-0.301966856592711	0.0780452688318266
PWY-5121	251	187	0.00544477688095102	0.00538855132360214	0.00331390025552084	0.00291075204515873	0.0178593875710728	-0.172004864265125	0.207723639407271
PWY-5129	251	187	0	0	0	0	NA	NA	NA
PWY-5136	251	187	0.00573717797113081	0.00579461150908245	0.00284268428262642	0.00309343940526725	-0.019454066609522	-0.20931900943502	0.170410876215977
PWY-5138	251	187	0.00402819584103163	0.00469263015588648	0.00241484118362858	0.00270157128832876	-0.261472816479072	-0.452125664416265	-0.0708199685418782
PWY-5154	251	187	0.0154350197918137	0.0154099315113039	0.00248967378561084	0.00183879557017767	0.0112236400335595	-0.178638370681118	0.201085650748237
PWY-5156	251	187	1.23809357102564e-05	2.01202154500675e-05	0.000196150910868232	0.000196025648356167	-0.0394664919829842	-0.229345127307342	0.150412143341373
PWY-5173	251	187	0.00328390931644007	0.00342119497151032	0.00297932243178009	0.00300793335854626	-0.0458909690111273	-0.235775971886897	0.143994033864643
PWY-5177	251	187	0.00801781329749807	0.00782032889228966	0.00267800263243867	0.00293692015246075	0.0707475129504012	-0.119171151158369	0.260666177059171
PWY-5178	251	187	6.06566792108084e-05	0.000103419897182408	0.000301436138296884	0.000396337412752039	-0.123905357321337	-0.313944109487166	0.0661333948444923
PWY-5180	251	187	0.000539546427053066	0.000777969023585735	0.00150999937493413	0.00225576659154833	-0.127841535385385	-0.317891783905112	0.0622087131343413
PWY-5181	251	187	0.000468408338392317	0.000541426052842003	0.00154375820439637	0.00143119778089989	-0.048783361720658	-0.238671544191208	0.141104820749893
PWY-5182	251	187	0.000547836463483486	0.000777969023585735	0.0015100872907388	0.00225576659154833	-0.123393740310308	-0.313431024552073	0.066643543931457
PWY-5183	251	187	8.15327655979934e-06	3.10382818327659e-05	9.11822924429999e-05	0.000248047660430006	-0.129945920889051	-0.320002462847748	0.0601106210696468
PWY-5188	251	187	0.00984175648472347	0.00981197710148553	0.00235656174655234	0.00200282485980879	0.0134591010150097	-0.176403550463879	0.203321752493898
PWY-5189	251	187	0.00236695607222532	0.00276209297691048	0.00253698988031003	0.00264726241155509	-0.152880772643574	-0.343012550331406	0.037251005044259
PWY-5198	251	187	2.59302407248311e-05	0.000104335040438818	0.000213656891494888	0.000451743276785745	-0.232999839144226	-0.423489797237856	-0.0425098810505967
PWY-5265	251	187	0.00225449089286723	0.00223411864200619	0.00291070774904567	0.00269466189616745	0.00722275249711363	-0.182638401165374	0.197083906159601
PWY-5304	251	187	0	0	0	0	NA	NA	NA
PWY-5306	251	187	0	0	0	0	NA	NA	NA
PWY-5345	251	187	0.00633115074360741	0.00635678878283198	0.00400304301759624	0.00419024620754064	-0.00627774835028649	-0.196138753855075	0.183583257154502
PWY-5347	251	187	0.00978825630449385	0.010053469032443	0.00348751427881399	0.00325959567149288	-0.0781841085963879	-0.268115630169062	0.111747412976286
PWY-5367	251	187	0.00215185326439587	0.00292252079033	0.00213691325807127	0.00258222506655368	-0.329727560794932	-0.520846499270898	-0.138608622318967
PWY-5381	251	187	0	0	0	0	NA	NA	NA
PWY-5384	251	187	0.00568045683027019	0.00559307140946268	0.00299296616337716	0.00268932489415294	0.0304758462714535	-0.159395487086083	0.22034717962899
PWY-5392	251	187	0.000680467878921614	0.000879672680462312	0.0010000336521223	0.00104666254484883	-0.195263124149259	-0.385565931096391	-0.00496031720212717
PWY-5415	251	187	0.000286376764911445	0.00035694472951409	0.000618622717714193	0.000910260902217953	-0.0932319267021157	-0.283193389548836	0.0967295361446042
PWY-5417	251	187	0.000546523134068668	0.000668960698435221	0.00151067246107529	0.00167727156497907	-0.0773018471147947	-0.267231776222694	0.112628081993104
PWY-5419	251	187	1.12559481732052e-05	4.86136529716227e-06	0.00010786422080974	6.64781706074169e-05	0.0691292719778028	-0.120786764279783	0.259045308235389
PWY-5420	251	187	1.43805788231751e-05	6.42247056716917e-06	0.000137631845478166	8.78259641040783e-05	0.0668958407261381	-0.123016668489267	0.256808349941544
PWY-5430	251	187	0	0	0	0	NA	NA	NA
PWY-5431	251	187	0.000546523134068668	0.000668960698435221	0.00151067246107529	0.00167727156497907	-0.0773018471147947	-0.267231776222694	0.112628081993104
PWY-5464	251	187	0.00351983160554658	0.00365390167142403	0.00218104531561896	0.00221741996980673	-0.0610342489062287	-0.250938052070083	0.128869554257625
PWY-5484	251	187	0.0138064230168989	0.0139633065455566	0.00221989660246044	0.00223500264336102	-0.0704665865379832	-0.260384790093251	0.119451617017285
PWY-5505	251	187	0.00724697745645974	0.00713489229991872	0.00196324309940266	0.0019822835883762	0.0568559489797787	-0.133042135096324	0.246754033055881
PWY-5509	251	187	0.000222938567233921	0.000225248669068488	0.00077038427742197	0.000757298679450875	-0.00302041503687463	-0.19288106881882	0.186840238745071
PWY-5514	251	187	5.07189979990372e-05	5.09744288877431e-05	0.000226142902211302	0.000236573859382351	-0.00110743691780955	-0.190967998998385	0.188753125162766
PWY-5531	251	187	9.64644421770296e-06	1.28545358475587e-05	8.83715611044847e-05	0.000124136866498305	-0.0305160238324459	-0.220387385645905	0.159355337981013
PWY-5532	251	187	6.11678576965083e-06	6.26890296579944e-06	6.85327224336508e-05	8.5725958739415e-05	-0.00199256200471183	-0.191853155949851	0.187868031940427
PWY-5534	251	187	1.47397659543429e-05	2.58852246393214e-05	0.000129376635304953	0.000238212946569607	-0.0606183173210655	-0.250521533013477	0.129284898371346
PWY-561	251	187	0.00279978269975037	0.00293031071757232	0.00337598547780225	0.00336550472951781	-0.0387149069118281	-0.228592859924459	0.151163046100802
PWY-5647	251	187	5.87867867160457e-06	7.63566415817713e-06	7.94327778730967e-05	0.000104416136945015	-0.0193214964114602	-0.209186379542244	0.170543386719324
PWY-5651	251	187	0	0	0	0	NA	NA	NA
PWY-5654	251	187	0.000100933734749087	8.0486014157948e-05	0.000594155564432662	0.000348812130736038	0.0405462000670942	-0.149333438404224	0.230425838538413
PWY-5656	251	187	0.00139412751348341	0.00147787237281715	0.00212931034374372	0.0022422615608108	-0.0384465987189102	-0.228324311330172	0.151431113892351
PWY-5659	251	187	0.0109934657102471	0.010896929270796	0.00221096349613843	0.00183088331069439	0.0469210030909889	-0.142965109828887	0.236807116010865
PWY-5667	251	187	0.0200560612421398	0.019908289142878	0.00182873438697904	0.00163985712648646	0.0844097298589358	-0.105533542119782	0.274353001837653
PWY-5675	251	187	0.002582072042631	0.00280832207984062	0.00325252602561194	0.00356385620341761	-0.0667632460960621	-0.256675549557763	0.123149057365639
PWY-5676	251	187	0.00639465864870626	0.0066091054051626	0.0023815922918179	0.00216129899151998	-0.0936364043028597	-0.283598744433663	0.0963259358279432
PWY-5677	251	187	0.00134907686092189	0.0014397278112589	0.0010234018337243	0.00111862090566841	-0.0851131089599187	-0.275057765042734	0.104831547122897
PWY-5686	251	187	0.0228516014784405	0.0226060004787205	0.00281512200968762	0.00241685334457978	0.0925907960668576	-0.0973692839842301	0.282550876117945
PWY-5690	251	187	0.00619786989657443	0.00636067928698791	0.00236665356121769	0.00209679037820981	-0.0721838889683874	-0.262104936504965	0.11773715856819
PWY-5692	251	187	0.000314732966551959	0.000296102919009687	0.000711897768072174	0.000807218993559468	0.0247070550079061	-0.165160581678997	0.214574691694809
PWY-5695	251	187	0.021498594727306	0.0212261719409111	0.00199257388731083	0.00171328892784069	0.145020310337203	-0.0450843108970438	0.335124931571451
PWY-5705	251	187	0.000737507199144187	0.000793195591872563	0.00123839634967978	0.0013969673429575	-0.0425623310498427	-0.232443915151385	0.1473192530517
PWY-5723	251	187	0.00336748913921694	0.00377396087896116	0.00407229459540695	0.00435815069834684	-0.0968568279451753	-0.286826288297118	0.0931126324067672
PWY-5724	251	187	0	0	0	0	NA	NA	NA
PWY-5747	251	187	0.00129384793362652	0.00145366255609089	0.00173495750685565	0.00196851542655385	-0.0869395169366703	-0.276887820596129	0.103008786722788
PWY-5751	251	187	2.41370376714968e-05	9.76399814075831e-06	0.000221094456523231	0.000133520666424868	0.0761400415243576	-0.113787818095447	0.266067901144162
PWY-5754	251	187	4.75769612815813e-05	3.854169599104e-05	0.000245682690211337	0.000203664601213248	0.0395064293817058	-0.150372242566031	0.229385101329442
PWY-5757	251	187	0	0	0	0	NA	NA	NA
PWY-5791	251	187	0.00357892722428463	0.00386904872352678	0.0027791755767522	0.00280068302542558	-0.104046948103215	-0.294033173235631	0.0859392770292013
PWY-5837	251	187	0.00357892722428463	0.00386904872352678	0.0027791755767522	0.00280068302542558	-0.104046948103215	-0.294033173235631	0.0859392770292013
PWY-5838	251	187	0.00552157808955884	0.00599827163200948	0.00351574330099367	0.00362383492117092	-0.133817843124004	-0.323886232453304	0.0562505462052952
PWY-5840	251	187	0.00471650125444445	0.00516317391246359	0.00303271610923232	0.0032299300377053	-0.143238941133312	-0.333337606734962	0.0468597244683387
PWY-5845	251	187	0.00459329527330235	0.00500272328142743	0.00329782915886441	0.00337462543902712	-0.12292154834127	-0.312957483156434	0.0671143864738939
PWY-5850	251	187	0.00293976713275856	0.00344616897239627	0.00347548528669854	0.00375638954330229	-0.140745217975074	-0.330835669679902	0.0493452337297529
PWY-5855	251	187	0.00103099610465609	0.00124066130048436	0.00169493522844772	0.00210502246083222	-0.111473733091011	-0.301478532975832	0.0785310667938107
PWY-5856	251	187	0.00103099610465609	0.00124066130048436	0.00169493522844772	0.00210502246083222	-0.111473733091011	-0.301478532975832	0.0785310667938107
PWY-5857	251	187	0.00103099610465609	0.00124066130048436	0.00169493522844772	0.00210502246083222	-0.111473733091011	-0.301478532975832	0.0785310667938107
PWY-5860	251	187	0.00252739844553494	0.00296221505108076	0.00309704439651984	0.00333741237035409	-0.135804033044489	-0.325878634431526	0.0542705683425487
PWY-5861	251	187	0.00479362020154348	0.00518481161753428	0.0032636556248713	0.0033126233393434	-0.119097384885334	-0.309122581317159	0.070927811546491
PWY-5862	251	187	0.00394039249564869	0.00427910711491897	0.00298360982107872	0.00303095376483754	-0.112758352171826	-0.302766494625076	0.077249790281425
PWY-5863	251	187	0.00362205426887369	0.00385259452590974	0.00265094527185946	0.00262844139064234	-0.0872806130987557	-0.277229606546053	0.102668380348542
PWY-5870	251	187	0	2.89850390322267e-05	0	0.000180975902449742	-0.24521097892829	-0.435768514668055	-0.0546534431885246
PWY-5871	251	187	0	2.62618095764598e-05	0	0.000164141852478689	-0.244958260858891	-0.435514363307472	-0.0544021584103091
PWY-5872	251	187	0	0	0	0	NA	NA	NA
PWY-5873	251	187	0	2.62618095764598e-05	0	0.000164141852478689	-0.244958260858891	-0.435514363307472	-0.0544021584103091
PWY-5896	251	187	0.00294284379809972	0.00344616897239627	0.00347584801833976	0.00375638954330229	-0.139882303615489	-0.329969946542168	0.0502053393111905
PWY-5897	251	187	0.00537431084344135	0.00584193405655819	0.00350164373693761	0.00363891444825927	-0.131323426094284	-0.321384143189591	0.058737291001024
PWY-5898	251	187	0.00537431084344135	0.00584193405655819	0.00350164373693761	0.00363891444825927	-0.131323426094284	-0.321384143189591	0.058737291001024
PWY-5899	251	187	0.00537431084344135	0.00584193405655819	0.00350164373693761	0.00363891444825927	-0.131323426094284	-0.321384143189591	0.058737291001024
PWY-5910	251	187	0.00136197516841396	0.00144275829758654	0.00181161007084751	0.00167704245377028	-0.046018083129816	-0.235903221661219	0.143867055401587
PWY-5913	251	187	0.00709138209285071	0.007284893579969	0.00407264205106817	0.00364816970156459	-0.0496537444035946	-0.23954292169889	0.140235432891701
PWY-5918	251	187	0.00319431964858478	0.00352816989881861	0.00290774309624785	0.00284752039329511	-0.115831515476951	-0.305847809432629	0.0741847784787265
PWY-5920	251	187	0.00175134416246656	0.00199290091070313	0.00216234604304842	0.0023140948955632	-0.108401754832815	-0.298398716525326	0.0815952068596956
PWY-5941	251	187	0.0061466776104077	0.00648816167156085	0.00305787545369353	0.00274264316795878	-0.116644993392812	-0.306663481709441	0.0733734949238165
PWY-5971	251	187	0.00668833939077868	0.00804691214854787	0.00527327705786339	0.00480418555069154	-0.267516559596459	-0.458206377079864	-0.0768267421130535
PWY-5973	251	187	0.018261372226588	0.0182848073383256	0.00210771142170508	0.00201725762686464	-0.0113234603115283	-0.201185497162736	0.17853857653968
PWY-5989	251	187	0.00866416386979147	0.00926506673755895	0.00356354872119858	0.00337757537216212	-0.172404458609627	-0.362609867846971	0.0178009506277163
PWY-5994	251	187	0.00254804709584474	0.00249040998687581	0.00331305394468357	0.00319560625058911	0.0176613113959979	-0.172202858735468	0.207525481527464
PWY-6071	251	187	0.000179100104610424	0.000199431844567867	0.000772700181528018	0.000806533299621625	-0.0258242665745904	-0.215692558834346	0.164044025685165
PWY-6107	251	187	1.39074281083842e-05	2.99477329998806e-05	0.000106470943563126	0.000164549982689816	-0.119388018068891	-0.309414018714416	0.070637982576634
PWY-6113	251	187	0.00513757447921205	0.00635855176448717	0.0042892671243404	0.00423018132599682	-0.286334710269304	-0.47714499861122	-0.0955244219273877
PWY-6121	251	187	0.0200553438517644	0.0197871751003816	0.0017696677798297	0.00156729865786591	0.159027060371404	-0.0311269471211275	0.349181067863936
PWY-6122	251	187	0.0207339076200586	0.020430114826624	0.0024461000632911	0.00212827227603305	0.131179596988867	-0.0588806821148215	0.321239876092555
PWY-6123	251	187	0.0177658014939538	0.0178342762041191	0.00210621082230352	0.00184842405425906	-0.0342321352459595	-0.224106291082989	0.15564202059107
PWY-6124	251	187	0.0171257127133472	0.0171923966044953	0.00230917973667727	0.00203209365935266	-0.0303763757979914	-0.220247638866445	0.159494887270462
PWY-6125	251	187	0.0163919190996983	0.0167204144409079	0.00248986749571896	0.0021574007088078	-0.139560416913785	-0.329647016515217	0.0505261826876466
PWY-6126	251	187	0.0189278011103682	0.0188769192129742	0.0016672583523383	0.00146257989762261	0.0321390248237176	-0.157733517828544	0.22201156747598
PWY-6138	251	187	9.65769663040016e-05	6.84479538543687e-05	0.000346676366091334	0.000277602151374672	0.0881667611714358	-0.101784036916304	0.278117559259175
PWY-6143	251	187	0.00133553223604222	0.00140442738627177	0.00185387346644686	0.0021512936331686	-0.0346867551626023	-0.224561274828402	0.155187764503197
PWY-6145	251	187	2.08580166209747e-05	7.73095465544561e-06	0.000207868510760531	0.000105719214896877	0.0763718225055544	-0.113556447477876	0.266300092488984
PWY-6147	251	187	0.0161195218336325	0.0158978016036819	0.00361442484791586	0.00304190171415587	0.0655577864975503	-0.124352665108497	0.255468238103597
PWY-6148	251	187	0	0	0	0	NA	NA	NA
PWY-6151	251	187	0.0213958104802936	0.0208708195332421	0.00269956886178318	0.00269522858055941	0.194605560012272	0.00430572330308282	0.384905396721462
PWY-6163	251	187	0.0212837056080553	0.021001900026662	0.00194539477715033	0.00181692241095578	0.148973015389835	-0.0411450830665517	0.339091113846223
PWY-6165	251	187	5.73503123872385e-05	5.56305067941532e-05	0.000340783233893258	0.000291329892845393	0.00536399203771759	-0.184496889932293	0.195224874007728
PWY-6167	251	187	5.80670864612704e-05	0.00017110420693351	0.000457383281341691	0.000795758668977148	-0.180982440301928	-0.371222985283791	0.00925810467993538
PWY-6168	251	187	0.0170662776727511	0.0166721797734438	0.00210199737769112	0.00176175173790192	0.200653790373306	0.010326257665189	0.390981323081423
PWY-6174	251	187	1.58161697094356e-05	5.84342646169351e-05	0.000124882548125731	0.0003219586170723	-0.184836715532762	-0.375093600964526	0.00542016989900229
PWY-6182	251	187	0.000445525309463993	0.000522377416640908	0.00137727398018547	0.00134136981555401	-0.0564229061222537	-0.246320420642431	0.133474608397924
PWY-6185	251	187	0.000523017061245524	0.000609979016960448	0.00148385870192426	0.0015737894965798	-0.0571038660655897	-0.247002278171879	0.132794546040699
PWY-6210	251	187	0.000106746939143603	0.000103582490001976	0.000595866521889679	0.000367493455143274	0.00619170701705261	-0.183669286028385	0.19605270006249
PWY-6215	251	187	0.000125226964211777	0.000147478953743054	0.000540717366830201	0.000496482531421726	-0.0426034442480586	-0.232485069007043	0.147278180510926
PWY-621	251	187	0.0091288647585887	0.00899400048739889	0.00292701993058345	0.00260941986888349	0.0482356501695215	-0.141651915296872	0.238123215635915
PWY-622	251	187	0.00352639580833239	0.00332673876821499	0.00326658191145546	0.00290380580231179	0.0640544786350377	-0.125853710805771	0.253962668075846
PWY-6263	251	187	0.00216827004658654	0.0026314813860843	0.00201816219465946	0.00222956758911798	-0.219433690396439	-0.409852593128685	-0.0290147876641935
PWY-6269	251	187	0	0	0	0	NA	NA	NA
PWY-6270	251	187	0.00508368844387639	0.00492494520335891	0.00358666742971742	0.00324312113351282	0.0460886497960757	-0.1437965642057	0.235973863797851
PWY-6277	251	187	0.0207339076200586	0.020430114826624	0.0024461000632911	0.00212827227603305	0.131179596988867	-0.0588806821148215	0.321239876092555
PWY-6281	251	187	5.05709947645613e-06	7.1494857693087e-06	8.01195234247432e-05	9.77677474689757e-05	-0.0237550088191365	-0.213622109726448	0.166112092088175
PWY-6282	251	187	0.00876063245321256	0.00941775498243891	0.00378389286417556	0.00364802633564267	-0.176335956318521	-0.366557258189608	0.0138853455525654
PWY-6284	251	187	0.00342063753563501	0.00442995338750408	0.0030889036843102	0.00336762208416064	-0.314353498474108	-0.505358167044842	-0.123348829903374
PWY-6285	251	187	0.0032832333730342	0.0040521754250514	0.00377166642749161	0.00412496883962495	-0.195845063334022	-0.386150507237139	-0.00553961943090367
PWY-6305	251	187	0.0107411449001495	0.0108769199440362	0.00295324453905134	0.00241031851028679	-0.0496463621619998	-0.239535530945634	0.140242806621634
PWY-6307	251	187	0	0	0	0	NA	NA	NA
PWY-6309	251	187	0	0	0	0	NA	NA	NA
PWY-6313	251	187	0	0	0	0	NA	NA	NA
PWY-6317	251	187	0.0145258615810181	0.0142276619692692	0.00253082092101613	0.00234372224495956	0.121577672877111	-0.0684544496851432	0.311609795439364
PWY-6318	251	187	0.00185707388241921	0.00233292334970541	0.00179868609420631	0.00215346578942678	-0.243038798647535	-0.433584062754481	-0.0524935345405887
PWY-6344	251	187	0	2.01630025239745e-05	0	0.000275724912614361	-0.111960793880442	-0.301966856592711	0.0780452688318266
PWY-6349	251	187	3.81585821569454e-05	0.000100193119149666	0.000258791558630705	0.000471914294449011	-0.169840798890495	-0.360036037139843	0.0203544393588528
PWY-6350	251	187	0	0	0	0	NA	NA	NA
PWY-6351	251	187	0	0	0	0	NA	NA	NA
PWY-6352	251	187	0	0	0	0	NA	NA	NA
PWY-6353	251	187	0.00855008404012964	0.00883476366636749	0.00298829298427673	0.00299120532945946	-0.0952253626267323	-0.285191185823003	0.094740460569538
PWY-6385	251	187	0.0219057629326862	0.0217016584063513	0.0023805867805562	0.00214518263901027	0.0893967035645963	-0.100556629482123	0.279350036611316
PWY-6386	251	187	0.022205324526827	0.0219723058706665	0.00249312802437908	0.00230093335904289	0.0965676400708937	-0.0934011710713218	0.286536451213109
PWY-6387	251	187	0.0221689835162721	0.0219384789313414	0.00249987178907851	0.0022620605162702	0.0959914848135215	-0.0939760386741204	0.285959008301163
PWY-6396	251	187	0.000325903322689305	0.000243741261337818	0.000993369192855896	0.00074838375908477	0.0915885881541048	-0.0983693494231609	0.28154652573137
PWY-6415	251	187	0.000354237816500536	0.00050480246886355	0.00074446434814408	0.000990271354458249	-0.175486603260756	-0.365704441487286	0.0147312349657733
PWY-6435	251	187	0.000771464666895791	0.000658501941807278	0.00119483862420297	0.00110753091901094	0.0975163520153053	-0.0924545961829581	0.287487300213569
PWY-6467	251	187	7.63541758568452e-05	8.77302052233828e-06	0.000685143237439624	0.000119969251306174	0.1288011431614	-0.0612519624719143	0.318854248794715
PWY-6470	251	187	0.00740027471109387	0.00808871146963217	0.00314169200679349	0.00300664431895429	-0.223170405297539	-0.413608457204983	-0.0327323533900947
PWY-6471	251	187	0.0103684210916653	0.0104151169144267	0.00363413061504456	0.00326653268645749	-0.0134103980507772	-0.203273034332871	0.176452238231316
PWY-6478	251	187	0.00123015924460661	0.00125382623631021	0.00140031382487242	0.00135783680981755	-0.0171208074194084	-0.20698475923328	0.172743144394463
PWY-6507	251	187	0.00786056892802875	0.00752639073340655	0.00203150064707436	0.00204850136302106	0.163911622576961	-0.0262606741666475	0.354083919320569
PWY-6519	251	187	0.00886126047740747	0.00947140232522117	0.00341233325994754	0.003191047487539	-0.183792274724524	-0.374044698310013	0.00646014886096422
PWY-6524	251	187	0	0	0	0	NA	NA	NA
PWY-6527	251	187	0.013732862416261	0.013363677830708	0.00308217260960965	0.0027910951042588	0.124661411958035	-0.0653795205675756	0.314702344483645
PWY-6531	251	187	0.00338033322889714	0.00356635390282259	0.00252290163059676	0.00231204381370218	-0.0763887989984618	-0.266317099087425	0.113539501090501
PWY-6545	251	187	0.0114574082831545	0.0117800562773395	0.00210961523955079	0.0021289586037692	-0.15234415949416	-0.342474037830458	0.0377857188421384
PWY-6549	251	187	0.0058566183205544	0.00616691480826816	0.00207341123056587	0.00209425411023074	-0.149014191338836	-0.339132432091713	0.0411040494140413
PWY-6562	251	187	0.000467106415179123	0.000623227868820463	0.000915858406310412	0.00129034126176151	-0.143041120387107	-0.333139129146334	0.0470568883721202
PWY-6565	251	187	1.5466192569212e-05	5.14359010300598e-06	0.000123679980298478	7.0337536782486e-05	0.0989559758665507	-0.0910182550684581	0.28893020680156
PWY-6572	251	187	0.00235499314540339	0.00247961101819622	0.00179346670755577	0.00177081476352016	-0.0698593940306701	-0.259776608405312	0.120057820343972
PWY-6588	251	187	0.00386104435983511	0.00420999251738512	0.00201373484750869	0.00193270323685267	-0.176274543286276	-0.366495594157494	0.0139465075849428
PWY-6590	251	187	0.00537345792009313	0.00541570571263893	0.00187127250522509	0.00180612464455706	-0.0229139123847189	-0.212780557464101	0.166952732694663
PWY-6595	251	187	0.00219035877318637	0.00251394389888561	0.00134412120932517	0.00131217356334081	-0.243189939206567	-0.433736053666212	-0.0526438247469213
PWY-6596	251	187	0	0	0	0	NA	NA	NA
PWY-6598	251	187	0	0	0	0	NA	NA	NA
PWY-6606	251	187	0.0062612939202629	0.00650593263054647	0.00249580434511078	0.00256390618721752	-0.096883486256839	-0.286853006552732	0.0930860340390537
PWY-6608	251	187	0.00905001133041185	0.00960815202380723	0.0030671798722469	0.00298380369504463	-0.184089925163455	-0.374343617744879	0.00616376741796829
PWY-6609	251	187	0.0227251112524937	0.0223439457038585	0.00229820412890287	0.00206587309238049	0.173092593625724	-0.0171155715440742	0.363300758795522
PWY-6612	251	187	0.00432954791487211	0.00500720006593283	0.00286927539740701	0.00290703862834384	-0.23485180000599	-0.425351786531223	-0.0443518134807575
PWY-6628	251	187	0.00451336332256336	0.00491720684853732	0.0042552621193872	0.00416309677510502	-0.0957839892191235	-0.285751050858106	0.0941830724198595
PWY-6629	251	187	0.0039090311533932	0.00406005045867449	0.0045783800040778	0.00453234840898106	-0.0331269898172577	-0.223000281228774	0.156746301594259
PWY-6630	251	187	0.00344460209304599	0.0034936976152533	0.00362683200865814	0.00346263799002759	-0.013799742685788	-0.2036625019953	0.176063016623724
PWY-6641	251	187	2.40391943274258e-06	0	3.80852463352736e-05	0	0.0833559066372308	-0.106585313112679	0.273297126387141
PWY-6654	251	187	0	0	0	0	NA	NA	NA
PWY-6660	251	187	2.91958290038275e-06	7.40067300644398e-06	4.62548920911512e-05	0.000101202681275417	-0.0599020957050518	-0.24980430919968	0.130000117789576
PWY-6662	251	187	2.80046981664979e-06	7.57193630582472e-06	4.43677859452734e-05	0.000103544671670928	-0.0631853314439239	-0.2530922369271	0.126721574039253
PWY-6690	251	187	0.00115071646156138	0.00122046249488592	0.00245067288125469	0.00264272877791373	-0.0275198973847465	-0.217389240011678	0.162349445242185
PWY-6700	251	187	0.0211421173643762	0.0208577329371463	0.00260723619594838	0.00234830846845911	0.113751121446504	-0.0762596303792354	0.303761873272244
PWY-6703	251	187	0.0171225256006176	0.0166952154966133	0.00286456405962401	0.00232927559397343	0.161281509527937	-0.0288808707610781	0.351443889816951
PWY-6708	251	187	0.00103099610465609	0.00124066130048436	0.00169493522844772	0.00210502246083222	-0.111473733091011	-0.301478532975832	0.0785310667938107
PWY-6731	251	187	0.0041042806851929	0.00435284526096656	0.002706787382522	0.00266053987925441	-0.0925010088913632	-0.28246089604968	0.0974588782669535
PWY-6737	251	187	0.0219054880965007	0.0214932804954814	0.00282603472328134	0.00281743904154281	0.146050114201099	-0.0440579834554411	0.336158211857639
PWY-6748	251	187	5.49610492134206e-05	3.53045194854142e-05	0.000261288255977383	0.000180005308801801	0.0854071951197303	-0.104538043065652	0.275352433305113
PWY-6749	251	187	0.00180141128000956	0.00200769794363106	0.0018592080875199	0.00219317229408133	-0.102707731350902	-0.292690743086532	0.0872752803847272
PWY-6785	251	187	0.00011242317891685	9.97810095678246e-05	0.000349907586592658	0.000369833386265199	0.0352597917604898	-0.15461519333919	0.22513477686017
PWY-6797	251	187	5.44669560606375e-05	3.6468331511954e-05	0.000424335890503556	0.000236475544959076	0.0504850834031808	-0.139405060512422	0.240375227318783
PWY-6803	251	187	0.00253857156729374	0.00276823508859947	0.00312214191260404	0.00316398385438423	-0.0731398487221723	-0.263062509048676	0.116782811604332
PWY-6823	251	187	0.00110953651741927	0.00117082326871177	0.00150473309281048	0.00167279116932629	-0.0388230572859585	-0.228701107672888	0.151054993100971
PWY-6834	251	187	0	0	0	0	NA	NA	NA
PWY-6837	251	187	0.000986096607754301	0.00109351940155997	0.00148570715904394	0.00176842908720862	-0.0666232291833806	-0.256535315816756	0.123288857449995
PWY-6859	251	187	0.00713016310634766	0.00703044026800452	0.00249867665868378	0.00221065461058798	0.0418990908071631	-0.147981842829683	0.231780024444009
PWY-6876	251	187	0.00148085183582129	0.00160148479005503	0.00153581837367761	0.0017801458110522	-0.0733555958061255	-0.263278623050129	0.116567431437878
PWY-6891	251	187	0.00505902768764215	0.00518818573351423	0.00327350090425505	0.00336429776632287	-0.038990640305713	-0.228868842114198	0.150887561502772
PWY-6892	251	187	0.0125795231100971	0.0127737030187783	0.00234711123291392	0.00211784787636861	-0.0862193166254363	-0.276166172710919	0.103727539460046
PWY-6895	251	187	0.00855765266092466	0.00869251217720199	0.00373127401199821	0.00394149981457109	-0.0352816314709908	-0.22515663446024	0.154593371518259
PWY-6897	251	187	0.0160867034632643	0.0159732149278353	0.0023538090420593	0.00173753787851732	0.0537095883324399	-0.136184456603787	0.243603633268667
PWY-6901	251	187	0.0113583312105783	0.0115655320118351	0.00230680040288782	0.00184573186141259	-0.0976260693938856	-0.287597266086324	0.0923451272985529
PWY-6906	251	187	0.00014756120582925	0.000176775292540526	0.0004391865086011	0.000475633262657026	-0.0641937992204415	-0.254102196104581	0.125714597663698
PWY-6936	251	187	0.0159148638952266	0.0153883612670558	0.00292676569009929	0.002261838925615	0.197674361984328	0.00736057806996676	0.38798814589869
PWY-6953	251	187	0.000302089428768432	0.000431027869101931	0.000887131336786258	0.00109064057611722	-0.131685851631758	-0.321747674517448	0.0583759712539324
PWY-6957	251	187	5.66526841505813e-06	0	8.97547314623495e-05	0	0.0833559066372308	-0.10658531311268	0.273297126387141
PWY-6969	251	187	0.00576479176107329	0.00608066245477638	0.00287522718139936	0.00279143311962896	-0.111230590020789	-0.301234761553229	0.078773581511652
PWY-6981	251	187	0	0	0	0	NA	NA	NA
PWY-6992	251	187	7.77543176859261e-05	4.38200588302469e-05	0.000679578213570571	0.000469809138760194	0.0566382247619443	-0.133259572410143	0.246536021934032
PWY-7003	251	187	0.00354626810073828	0.00369395438617004	0.00208418992061784	0.00215975876413288	-0.0697700379080416	-0.259687107434286	0.120147031618202
PWY-7007	251	187	0	3.34263706040273e-06	0	4.57098743247785e-05	-0.111960793880442	-0.301966856592711	0.0780452688318266
PWY-7013	251	187	0.00410731781505618	0.00417264201091882	0.00333100106926789	0.00276585396096047	-0.0210551864602354	-0.210920882483474	0.168810509563003
PWY-7031	251	187	0.000158506988418772	0.000190714263123404	0.000411003200943276	0.000532870342573967	-0.0689812174896349	-0.258897016356658	0.120934581377388
PWY-7039	251	187	0.000124290811639507	0.000284937763644388	0.00074336024319612	0.00100659990771548	-0.185610015816483	-0.375870221005587	0.00465018937262179
PWY-7046	251	187	0.00215083923778972	0.00206714555045134	0.00160343236850924	0.00169994854856721	0.0508683654522502	-0.139022229519542	0.240758960424042
PWY-7090	251	187	4.5684724738233e-06	1.49018652912915e-05	7.23782158302094e-05	0.000144431250960375	-0.094714343356822	-0.284679039990238	0.0952503532765936
PWY-7094	251	187	0.00144397099042554	0.00157617799000794	0.0020985137208996	0.00245836721701872	-0.058523245870401	-0.248423563487263	0.131377071746461
PWY-7111	251	187	0.0233545902663525	0.0228278349645165	0.00219070236274705	0.00205277416663041	0.246960623774892	0.0563931246814336	0.43752812286835
PWY-7115	251	187	0.00541654174519941	0.00550161966214962	0.002963981851825	0.00281434815981771	-0.0293261760353479	-0.219196711017301	0.160544358946606
PWY-7117	251	187	0.00782671567936994	0.00792621194356729	0.00405912410725086	0.00359362168243461	-0.0257269318234624	-0.215595165815114	0.164141302168189
PWY-7118	251	187	1.99555872613118e-05	2.00894926339981e-05	0.000150012918390108	0.000150892015598636	-0.00089039591629947	-0.190750952961373	0.188970161128774
PWY-7124	251	187	5.07908332075052e-06	0	8.04678130196208e-05	0	0.0833559066372308	-0.10658531311268	0.273297126387141
PWY-7159	251	187	9.64644421770296e-06	1.28545358475587e-05	8.83715611044847e-05	0.000124136866498305	-0.0305160238324459	-0.220387385645905	0.159355337981013
PWY-7165	251	187	0.000474800044866036	0.000499248734464475	0.00149943143245635	0.00143315197875484	-0.0166145658645869	-0.206478319353397	0.173249187624224
PWY-7184	251	187	0.0135429790315995	0.0139824773268428	0.00217727742701389	0.00187999118799764	-0.213793043468256	-0.404183649033889	-0.0234024379026227
PWY-7187	251	187	0.0142030281186646	0.0145400737593865	0.0018779396993337	0.00161705431702091	-0.190276114516675	-0.380556644007831	4.41497448080974e-06
PWY-7196	251	187	0.00737771514619062	0.00718708741172115	0.00284701282372333	0.00273887203566403	0.0680475533537585	-0.121866760194671	0.257961866902188
PWY-7197	251	187	0.0110958372219365	0.0114936027072258	0.00203341788920458	0.00181015464865815	-0.204894814429183	-0.395242270648324	-0.0145473582100419
PWY-7198	251	187	0.00761067708962896	0.0076087950200342	0.00274581372965414	0.00245060602120889	0.000717268054553376	-0.189143285758277	0.190577821867384
PWY-7199	251	187	0.0189077286064195	0.0190259779850543	0.0023042148500279	0.00176823614327334	-0.0565131315780795	-0.246410764407531	0.133384501251373
PWY-7200	251	187	0.000215057825650615	0.000351141599705771	0.000917466012499429	0.000974384990814669	-0.14443675017798	-0.334539412315314	0.0456659119593551
PWY-7204	251	187	0.00157259394722735	0.00181233162643481	0.00229858133443547	0.00259056637474162	-0.0987613980477055	-0.288735182483648	0.0912123863882374
PWY-7208	251	187	0.0144537596991154	0.0148798507403439	0.00240212194063826	0.00228913403163113	-0.180962352163957	-0.371202812879194	0.00927810855127989
PWY-7209	251	187	0.00220414739654211	0.00219744628873855	0.00173905629023827	0.00177990332944968	0.00381482141156997	-0.186045895428027	0.193675538251167
PWY-7210	251	187	0.00341284743573447	0.00330247110042852	0.00288119869896836	0.0030630239751224	0.0372876312350255	-0.152589062157931	0.227164324627982
PWY-7211	251	187	0.00832336963127838	0.00847970847588814	0.00259395788553269	0.00263698987453413	-0.0598448587717766	-0.249746992689421	0.130057275145868
PWY-7218	251	187	1.55970800218225e-05	2.7329269402925e-05	0.000142216848833396	0.000230386735320796	-0.0634027423095548	-0.253309967321149	0.12650448270204
PWY-7219	251	187	0.0230383656720607	0.0227074998901127	0.00256091393413796	0.00237026937923074	0.133339638630944	-0.0567272686943851	0.323406545956273
PWY-7220	251	187	0.0171624987016929	0.0171512052523451	0.00244552194105856	0.00211905650804316	0.0048849311688984	-0.184975893783361	0.194745756121158
PWY-7221	251	187	0.0225924176575748	0.0223789626922128	0.00246926983083232	0.00218293982778807	0.0907782767148545	-0.0991779456457285	0.280734499075437
PWY-7222	251	187	0.0171624987016929	0.0171512052523451	0.00244552194105856	0.00211905650804316	0.0048849311688984	-0.184975893783361	0.194745756121158
PWY-7224	251	187	0	3.95762382098628e-06	0	5.41196917921555e-05	-0.111960793880442	-0.301966856592711	0.0780452688318266
PWY-7228	251	187	0.0165888273758055	0.0169478218762457	0.00271956993807619	0.00237536170451968	-0.139233923662399	-0.329319467457063	0.0508516201322642
PWY-7229	251	187	0.0197999792294125	0.0197040866873314	0.00155096762941381	0.00138795699408578	0.0646342276047311	-0.125274828024374	0.254543283233836
PWY-7234	251	187	0.00905142535618906	0.00949796145491408	0.00308015347485687	0.00291450756576947	-0.148321153578173	-0.338437004545374	0.0417946973890287
PWY-7235	251	187	0	8.78100357983396e-06	0	8.72678413413855e-05	-0.154055317489282	-0.344191275738952	0.0360806407603878
PWY-7237	251	187	0.0157465937573962	0.0152182723187293	0.00340892206911864	0.00300765728533007	0.162870300539745	-0.0272980509322104	0.353038652011701
PWY-7238	251	187	0	0	0	0	NA	NA	NA
PWY-7242	251	187	0.00795135017163885	0.00780365084696668	0.00193639927246767	0.00192680669413283	0.0764365483924752	-0.113491836409486	0.266364933194437
PWY-7245	251	187	0.000267808518594916	0.000501798039136734	0.0011067002837372	0.00166259644426896	-0.170585464527486	-0.360783641495095	0.0196127124401233
PWY-724	251	187	0.0186309710659254	0.0184705009353773	0.00156060747295114	0.00152308930960033	0.103883427784006	-0.0861024027597706	0.293869258327783
PWY-7254	251	187	0.00285092129116404	0.00300585042316754	0.00320229316950043	0.00319678807770992	-0.0484161734160207	-0.238303941474746	0.141471594642705
PWY-7268	251	187	0.000377702049899992	0.000659692815420027	0.00138170483858306	0.00205609142167192	-0.165643464222435	-0.355822377917772	0.0245354494729013
PWY-7269	251	187	0.000966076656902121	0.00122308743011445	0.00196051701604711	0.00240341464389986	-0.118953846198746	-0.30897864616522	0.0710709537677283
PWY-7279	251	187	0.000362295101887132	0.000400109988526081	0.000739528616913525	0.000927683563890177	-0.0458328171005978	-0.235717758041967	0.144052123840771
PWY-7282	251	187	0.0128801672289309	0.013189773056493	0.00259678308128413	0.00217784552653044	-0.127571339072545	-0.317620786963393	0.0624781088183036
PWY-7283	251	187	0	0	0	0	NA	NA	NA
PWY-7286	251	187	4.63739903300506e-05	0.000123588827548811	0.000296690092776563	0.000539829608415729	-0.184688170184507	-0.374944419495369	0.0055680791263561
PWY-7288	251	187	0.00252649373480515	0.00285426987390628	0.00177765227042266	0.00179609956720799	-0.18357200978054	-0.373823495610222	0.00667947604914121
PWY-7290	251	187	0	0	0	0	NA	NA	NA
PWY-7294	251	187	0.000219621037828594	0.000298098828911113	0.000684874545546856	0.000800466231486122	-0.10656820052572	-0.296560588107323	0.0834241870558831
PWY-7312	251	187	0.00310129030077031	0.00277808321078435	0.00356380406078393	0.00310716240284337	0.0957208249012979	-0.0942460963432362	0.285687746145832
PWY-7315	251	187	0.00393574262369899	0.00402293743100412	0.0028643403914654	0.00310781885858589	-0.02935208350864	-0.219222636143705	0.160518469126425
PWY-7316	251	187	0.00121738809970462	0.00156684675875341	0.00207246674936792	0.00239101045534728	-0.157842410655923	-0.347992065571922	0.0323072442600754
PWY-7317	251	187	2.78668845126068e-05	4.13879501345641e-05	0.000182897213675962	0.000245194376580671	-0.0638607303902265	-0.253768632095717	0.126047171315264
PWY-7323	251	187	0.0091371149636146	0.00933141980322795	0.00210610142389877	0.00181639023254342	-0.0977545718528886	-0.287726059939896	0.0922169162341184
PWY-7328	251	187	0.00453313477614566	0.00463534700646662	0.00321534662677058	0.00291826831425718	-0.0330558809676792	-0.222929117730222	0.156817355794863
PWY-7332	251	187	0.00477907408992351	0.00480460671073127	0.00370006006229597	0.0034114819696256	-0.00713242057137313	-0.196993559175067	0.182728718032321
PWY-7337	251	187	0	0	0	0	NA	NA	NA
PWY-7338	251	187	0	0	0	0	NA	NA	NA
PWY-7345	251	187	0.000501801537274507	0.000596378767201893	0.00174332851921689	0.00181951914331594	-0.0532460005650651	-0.243139469794519	0.136647468664389
PWY-7347	251	187	0	0	0	0	NA	NA	NA
PWY-7357	251	187	0.0164055158390628	0.0160826365362327	0.00261762645671916	0.00190282320180318	0.138008988772262	-0.0520726158458787	0.328090593390403
PWY-7371	251	187	0.00161726467773053	0.00183738341099211	0.00221820777319265	0.0022648691253449	-0.098344881266114	-0.288317712868697	0.0916279503364693
PWY-7373	251	187	0	0	0	0	NA	NA	NA
PWY-7374	251	187	3.36932224232639e-05	3.06063381075867e-05	0.000230518286677554	0.000198735995451734	0.0141907139184577	-0.175672172475216	0.204053600312131
PWY-7383	251	187	0.00646401546905552	0.0069212939752112	0.00294898452308891	0.00301225090166682	-0.153648245675593	-0.343782751420606	0.0364862600694192
PWY-7384	251	187	4.28672928099869e-05	8.43827931601277e-05	0.000247993334427145	0.00041458428621189	-0.125984472363098	-0.316029252270422	0.0640603075442257
PWY-7385	251	187	0.00154019719922857	0.00169603239382838	0.00225274128169828	0.00223563918554068	-0.0694000783405892	-0.259316550125193	0.120516393444014
PWY-7388	251	187	0.00859123003059716	0.00910223654583822	0.00401716241494349	0.00376037178661243	-0.130702983454454	-0.320761814587192	0.0593558476782837
PWY-7389	251	187	5.00981315939858e-05	9.14801531895316e-05	0.000306390004167455	0.000421767177815384	-0.114899039452495	-0.304912836909328	0.0751147580043381
PWY-7391	251	187	2.37665509489212e-05	8.5845454546368e-05	0.00016883876638191	0.000396157453167181	-0.215094183579242	-0.4054912515007	-0.0246971156577834
PWY-7392	251	187	0.00448154663601501	0.00439352050665882	0.00295357093946726	0.00255868628492105	0.0315285442357379	-0.158343547075249	0.221400635546724
PWY-7397	251	187	2.27564040230545e-06	0	3.60529242835007e-05	0	0.0833559066372308	-0.10658531311268	0.273297126387141
PWY-7399	251	187	0.000194170812995881	0.000192177200140803	0.000432112833483084	0.00045870174486247	0.00449365373293795	-0.185367128604234	0.19435443607011
PWY-7400	251	187	0.0181144538049748	0.0177995583054293	0.00251028394877906	0.00238235620995697	0.128187419019855	-0.0618638568679222	0.318238694907632
PWY-7409	251	187	0.000298606896133398	0.000358349997967574	0.00105570924481162	0.00112836706140394	-0.054946317636952	-0.244841922813274	0.13494928753937
PWY-7411	251	187	0	0	0	0	NA	NA	NA
PWY-7413	251	187	0	0	0	0	NA	NA	NA
PWY-7420	251	187	0	0	0	0	NA	NA	NA
PWY-7431	251	187	0	0	0	0	NA	NA	NA
PWY-7446	251	187	0.000836724217015412	0.000901755031261355	0.00144977546601537	0.001505102093867	-0.0441296103491429	-0.234012772123895	0.145753551425609
PWY-7456	251	187	0.00841053475438943	0.00845934764858993	0.00212062690926451	0.0018237932273656	-0.0244138545180971	-0.214281323958548	0.165453614922354
PWY-7527	251	187	3.96189496290245e-05	3.88967522334424e-05	0.000333958031720541	0.000318579692472618	0.00220527794680934	-0.187655326368064	0.192065882261683
PWY-7528	251	187	2.96428898242155e-06	6.33285752073203e-06	4.69631696332111e-05	8.66005241246602e-05	-0.0504175252560819	-0.240307590021056	0.139472539508892
PWY-7539	251	187	0.0158001264547546	0.0156002780501904	0.00348825481169418	0.0029565524861072	0.0610781338216785	-0.128825731560429	0.250981999203786
PWY-7546	251	187	0	0	0	0	NA	NA	NA
PWY-7560	251	187	0.00507594224307818	0.00501314883201608	0.00344229945806087	0.00306111145932695	0.019114630316761	-0.170750160480168	0.20897942111369
PWY-7616	251	187	0.000404602786305192	0.00048757504479075	0.000790800560434035	0.00076158351832103	-0.106583684998104	-0.296576110882101	0.0834087408858935
PWY-7619	251	187	0	0	0	0	NA	NA	NA
PWY-7626	251	187	0	0	0	0	NA	NA	NA
PWY-7663	251	187	0.0176349830524766	0.0176553828313225	0.00208787931979185	0.00206084478518072	-0.00982464075915705	-0.199686309515645	0.180037027997331
PWY-7664	251	187	0.00918865926441564	0.0098505976680839	0.00384078648638963	0.00367974935173412	-0.175444222110511	-0.365661887943978	0.0147734437229546
PWY-821	251	187	0.00332223697202229	0.00344279774133317	0.00300216836893525	0.00309620176098715	-0.0396237508609931	-0.229502530609025	0.150255028887039
PWY-841	251	187	0.0170533183843283	0.0172694225405669	0.00205879463231266	0.00160452612276428	-0.115041695010115	-0.30505587309046	0.0749724830702308
PWY-922	251	187	0.0012538391243199	0.00127813782677082	0.00170998736333545	0.00154022449271343	-0.0148188423580354	-0.204681940356646	0.175044255640575
PWY0-1061	251	187	0.00674674442983644	0.0066336874851217	0.00365075355898309	0.00358222660909274	0.0312167286246316	-0.158655135493553	0.221088592742816
PWY0-1241	251	187	0.00596429399692771	0.00604321622769104	0.00189006650907761	0.00180498392896681	-0.042562946209844	-0.232444530919438	0.14731863849975
PWY0-1261	251	187	0.0123113310685645	0.012384025035572	0.00244863296729307	0.00244981305321306	-0.0296814685329781	-0.219552246966759	0.160189309900803
PWY0-1277	251	187	0.00131140169851061	0.00137138446226143	0.0025847789033905	0.00283279711899335	-0.0222704455407927	-0.212136752988974	0.167595861907389
PWY0-1296	251	187	0.0167124786771972	0.0164728187378005	0.00256076841526032	0.00245703414810826	0.0952150757450475	-0.094750724713653	0.285180876203748
PWY0-1297	251	187	0.00655675465849845	0.00714744535075506	0.00335430256530081	0.00350997306962275	-0.172636880797386	-0.362843219645969	0.0175694580511972
PWY0-1298	251	187	0.00539447562847441	0.00566993033922205	0.00318996098589528	0.00322161136410832	-0.0859855112942789	-0.275931900027087	0.103960877438529
PWY0-1319	251	187	0.0200588567106996	0.0199128880648629	0.00182821294036629	0.00163884870274853	0.0834136502143004	-0.106527681319105	0.273354981747706
PWY0-1338	251	187	0.0010174702014781	0.00136083945478281	0.00182610115273678	0.00238447084154519	-0.164867751520653	-0.355043692833385	0.0253081897920789
PWY0-1415	251	187	0.00283883070222222	0.00285415196101065	0.00249071974082661	0.00243722544085536	-0.00620786336571079	-0.196068858737582	0.18365313200616
PWY0-1479	251	187	0.00708451386713723	0.00723098415014354	0.00296950549805599	0.00282934986644832	-0.0503240935813603	-0.240214049057067	0.139565861894346
PWY0-1533	251	187	0.000342012971426819	0.000445043104047177	0.000787481431232743	0.000980619523767461	-0.117734690700962	-0.307756142505587	0.072286761103662
PWY0-1586	251	187	0.0202951576767872	0.0200443796226745	0.00278552931677107	0.00277749936161938	0.0901396303682902	-0.0998152508755912	0.280094511612171
PWY0-162	251	187	0.0125815948414578	0.0130663542633538	0.00278137192583624	0.00232471117559168	-0.186704439686597	-0.376969366796304	0.00356048742311049
PWY0-166	251	187	0.0145572242089108	0.0149444393290262	0.00202503544275062	0.00170218932445266	-0.204437638974358	-0.394782927534042	-0.0140923504146729
PWY0-321	251	187	0.000169861000942418	0.000188206535840619	0.000731828774274381	0.000762599662683293	-0.0246212026798373	-0.214488790188437	0.165246384828763
PWY0-41	251	187	0.000491607967092876	0.000520384042467899	0.00104301565677863	0.00117482157064951	-0.0261321294819041	-0.216000607488016	0.163736348524208
PWY0-42	251	187	0.00118288806090224	0.00130081557176632	0.00181394301769609	0.00201494273991881	-0.0619923960127768	-0.251897567764609	0.127912775739055
PWY0-781	251	187	0.00724152777601714	0.00745635884725518	0.00330959156182603	0.00329464586639383	-0.0650367872902377	-0.254946448962285	0.12487287438181
PWY0-845	251	187	0.0113625087010679	0.0117524153266466	0.00322799786740065	0.00290861724925191	-0.125947746192286	-0.315992418755032	0.0640969263704594
PWY0-862	251	187	0.00875184001001852	0.00940477065171959	0.00378705980647228	0.003629407036295	-0.175489676037284	-0.365707526764506	0.0147281746899375
PWY0-881	251	187	0.00184311182068583	0.00193065372167947	0.00248956966024802	0.00252902667394539	-0.0349262565574685	-0.224800969824509	0.154948456709572
PWY1F-823	251	187	4.97136864677146e-05	6.83775266441297e-05	0.000201503973209542	0.000271337512249162	-0.0798077867128306	-0.269742286190713	0.110126712765052
PWY1G-0	251	187	0.000373408644956705	0.00033428161576988	0.000729326932428786	0.000659638110768866	0.0558601792061481	-0.134036601695723	0.24575696010802
PWY3DJ-35471	251	187	0.000990838228107268	0.0011737489564153	0.00202773747227987	0.00196859242470966	-0.0913311759953044	-0.281288567048312	0.0986262150577027
PWY3O-1109	251	187	5.2448382701223e-05	4.18317629725759e-05	0.000270201053979103	0.000221157346699793	0.0423891454891351	-0.147492267777532	0.232270558755802
PWY3O-19	251	187	3.72730888083676e-06	1.76738790333821e-05	5.90516782554426e-05	0.000141480077704043	-0.135854578236115	-0.325929338901091	0.0542201824288619
PWY3O-355	251	187	0.00117773312020204	0.00123121677616521	0.00170580252029275	0.0017853505017013	-0.0307345021043894	-0.22060601931212	0.159137015103341
PWY490-3	251	187	0.00109785686932029	0.00101402045682266	0.000955513503874705	0.000886679301929901	0.0904604748310206	-0.0994950789834862	0.280416028645527
PWY4FS-7	251	187	0.0126688587426085	0.0126156605486324	0.00280821167373213	0.00241299064614507	0.0200987885405351	-0.169766450414506	0.209964027495576
PWY4FS-8	251	187	0.0126682675767314	0.0126148178864276	0.00280754272492242	0.00241205572396181	0.0201996868747978	-0.169665599297818	0.210064973047413
PWY4LZ-257	251	187	0.00410590818179673	0.00439727075614204	0.00288499249922242	0.00301094808248723	-0.0991236162000113	-0.289098232524352	0.0908510001243293
PWY5F9-12	251	187	3.80936085737524e-05	0.000119393760717251	0.000278145739228101	0.000605524435012437	-0.181439294192174	-0.37168175812053	0.00880316973618189
PWY66-367	251	187	0.000785332981395955	0.000855044081658728	0.000928901301592104	0.000896619677975529	-0.0761645991656868	-0.266092502205274	0.1137633038739
PWY66-388	251	187	0.000293552470564034	0.000309400002976523	0.000698210123959587	0.000668936666351555	-0.0231055783835664	-0.212972325889999	0.166761169122866
PWY66-389	251	187	0.00203061271032615	0.00201321690493397	0.00247194157960416	0.00230302422034972	0.0072442250217682	-0.182616932248178	0.197105382291714
PWY66-391	251	187	0.00299985137512209	0.0031908157334951	0.00193135114008716	0.00196033406101505	-0.0982444056390924	-0.288217007993487	0.0917281967153019
PWY66-398	251	187	0.00245272670884135	0.00268747312494902	0.00177150108381788	0.00176863279123993	-0.132604265026176	-0.322668903684601	0.0574603736322492
PWY66-399	251	187	0.00738072615273889	0.00785412543962218	0.00263202761368911	0.00263795482133684	-0.179688326656073	-0.369923462064405	0.0105468087522591
PWY66-400	251	187	0.013234047548004	0.0133577103332476	0.00321287327443132	0.002983012804679	-0.0396750878028666	-0.229553914822129	0.150203739216396
PWY66-409	251	187	0.00887726155545291	0.0096068107313505	0.00361278845134713	0.00376063026460682	-0.198431159423432	-0.388748416242911	-0.00811390260395189
PWY66-422	251	187	0.0152055845839867	0.0150078790865133	0.00249853240646115	0.00232259180002808	0.0815267997426491	-0.10841091914077	0.271464518626068
PWYG-321	251	187	0.00921881654120773	0.00999199713724611	0.0040010920632715	0.00375648314567099	-0.198321707417516	-0.388638461150362	-0.0080049536846695
PYRIDNUCSAL-PWY	251	187	0.00691648396970333	0.00672457953987718	0.00387320157106298	0.00381943162311635	0.0498407126148598	-0.140048680674976	0.239730105904696
PYRIDNUCSYN-PWY	251	187	0.0173875097254898	0.0174102687798801	0.00184347934251687	0.00147693182886244	-0.013412765704953	-0.203275402724552	0.176449871314646
PYRIDOXSYN-PWY	251	187	0.0106369473425728	0.0110916100470582	0.00327453757950362	0.00295462058002937	-0.144702766747714	-0.334806320964422	0.0454007874689935
REDCITCYC	251	187	0.00196371575048795	0.00207761377261628	0.00190118094493739	0.00196511744914373	-0.0590538113314976	-0.248954853236904	0.130847230573909
RHAMCAT-PWY	251	187	0.0119455273562037	0.0118547555819088	0.00213019041042378	0.00201387398717674	0.043611669224509	-0.146270964864837	0.233494303313855
RIBOSYN2-PWY	251	187	0.0195831446636171	0.0193029177023871	0.00298423399935582	0.00238379431768136	0.102116127445473	-0.0878654779998266	0.292097732890773
RUMP-PWY	251	187	0.00101936081907045	0.00113170743458305	0.00139897512393571	0.00130483173077365	-0.0826314675339761	-0.27257129144309	0.107308356375138
SALVADEHYPOX-PWY	251	187	0.00728804775010093	0.00752534217822115	0.00331134141433145	0.00343256048078566	-0.0705479963901772	-0.260466333221099	0.119370340440745
SER-GLYSYN-PWY	251	187	0.0162462812107425	0.0163321716692755	0.00204470587586889	0.00169994589014525	-0.045080353488914	-0.23496450010339	0.144803793125562
SO4ASSIM-PWY	251	187	0.00466517472391362	0.00481932049850094	0.00375643495904822	0.00403108195901782	-0.0397694780487749	-0.22964839214259	0.15010943604504
SPHINGOLIPID-SYN-PWY	251	187	0	0	0	0	NA	NA	NA
SUCSYN-PWY	251	187	0	0	0	0	NA	NA	NA
SULFATE-CYS-PWY	251	187	0.00593784348436213	0.00607310789298054	0.0040116517518343	0.00426319046451713	-0.0328244916066173	-0.222697551353187	0.157048568139952
TCA-GLYOX-BYPASS	251	187	0.00313285461082971	0.00334211982083971	0.00363333593404114	0.00382574879512575	-0.0563049620990702	-0.246202322248608	0.133592398050468
TCA	251	187	0.00769867736769152	0.0079394982521998	0.00300729784098354	0.0030607908424992	-0.0794727088768288	-0.269406588797057	0.110461171043399
TEICHOICACID-PWY	251	187	0.00697335516330622	0.00707041515581367	0.00208186941365527	0.00168919138590299	-0.0504423392161341	-0.24033243304065	0.139447754608382
THISYN-PWY	251	187	0.0152132362838954	0.015370367535666	0.00178228072966093	0.00138892973714677	-0.0966275239294595	-0.286596469348216	0.0933414214892967
THISYNARA-PWY	251	187	0.0159590063093862	0.0157113999328618	0.00240298616262978	0.00183884023081158	0.113568102872519	-0.0764421661943276	0.303578371939365
THREOCAT-PWY	251	187	0.00102950625156272	0.00117987982931905	0.00211531129626157	0.00234453938129718	-0.067858012436656	-0.257772026924321	0.122056002051009
THRESYN-PWY	251	187	0.0177808426461108	0.0176230772884921	0.00170476209746868	0.00147437212887613	0.0979597208260594	-0.092012233254071	0.28793167490619
TRIGLSYN-PWY	251	187	0	0	0	0	NA	NA	NA
TRNA-CHARGING-PWY	251	187	0.0214751981700294	0.0212871171506356	0.0022068843714398	0.0019273215362311	0.089896498055048	-0.100057875112407	0.279850871222503
TRPSYN-PWY	251	187	0.0149206225203448	0.0144508317029882	0.00241287018220146	0.00205059082628716	0.207375009802948	0.0170157099920774	0.397734309613818
TYRFUMCAT-PWY	251	187	1.30017718083049e-05	2.53823905944691e-05	0.000120104421878122	0.000148394780363918	-0.0931491455051077	-0.283110429272777	0.096812138262562
UBISYN-PWY	251	187	0.00107227115309003	0.00129382319595658	0.00178766319990591	0.00217898766389065	-0.112797166498819	-0.30280541054179	0.0772110775441515
UDPNACETYLGALSYN-PWY	251	187	0.000179173547177395	0.000170825992327922	0.000586544990356303	0.00040773510873058	0.0161189941152408	-0.173744570993693	0.205982559224174
UDPNAGSYN-PWY	251	187	0.0128689175843202	0.0129225820582476	0.00274080524113892	0.00250936548637122	-0.0202924769054933	-0.210157806709922	0.169572852898935
UNINTEGRATED	251	187	1.08368410048053	1.08936832314098	0.0444308354318807	0.0399228832409806	-0.13353856954537	-0.323606092734609	0.0565289536438703
UNMAPPED	251	187	0.42850983726461	0.42251864445237	0.0482062889817004	0.0434233895270651	0.129605316094599	-0.060450200285892	0.319660832475089
URDEGR-PWY	251	187	0.000314732966551959	0.000296102919009687	0.000711897768072174	0.000807218993559468	0.0247070550079061	-0.165160581678997	0.214574691694809
URSIN-PWY	251	187	0.000265341275090553	0.000264028992562982	0.000980115895635162	0.000860363879967587	0.00140966948135428	-0.188450901433775	0.191270240396484
VALDEG-PWY	251	187	0	5.25000586632716e-06	0	7.17927504594984e-05	-0.111960793880442	-0.301966856592711	0.0780452688318266
VALSYN-PWY	251	187	0.0232790553336828	0.0227875465729357	0.00221976775094917	0.0020824543411588	0.227312949381637	0.0368532929802367	0.417772605783038
