len_control	len_case	mean_control	mean_case	sd_control	sd_case	cohen.d	lower	upper
1CMET2-PWY	53	75	0.0202230666668815	0.0203713413545296	0.00189933836962995	0.00200373055146771	-0.0755993773717349	-0.430842973614926	0.279644218871456
3-HYDROXYPHENYLACETATE-DEGRADATION-PWY	53	75	0.00202046644314565	0.00153356795299261	0.00295651379924965	0.00231122003196016	0.187482362270521	-0.168394447709984	0.543359172251026
7ALPHADEHYDROX-PWY	53	75	7.78269888698526e-05	0.000292484457092717	0.000337251310402125	0.000614329776716596	-0.414193004485269	-0.772989695647799	-0.0553963133227393
AEROBACTINSYN-PWY	53	75	0.000741012087625994	0.000761305664355982	0.00151701017668177	0.0017635815137353	-0.0121791930360389	-0.367302902371451	0.342944516299374
ALL-CHORISMATE-PWY	53	75	6.85034771438939e-05	0	0.000498712841405364	0	0.213818690742613	-0.142285208198753	0.56992258968398
ALLANTOINDEG-PWY	53	75	0.00149785097487365	0.00175284969518348	0.00125472212039123	0.00139700666557287	-0.190280783229568	-0.546180314228961	0.165618747769825
ANAEROFRUCAT-PWY	53	75	0.0169238614434138	0.0171280339150282	0.00154696349796631	0.00171142194904193	-0.124076024073895	-0.479527979314917	0.231375931167127
ANAGLYCOLYSIS-PWY	53	75	0.0193571809928764	0.0196855244860714	0.00162640413279447	0.0019873688554792	-0.177774275580531	-0.533574862337675	0.178026311176612
ARG+POLYAMINE-SYN	53	75	0.0101167003646365	0.00975710565799571	0.00402383842149524	0.00339597543877756	0.0980318712588944	-0.257295581469972	0.45335932398776
ARGDEG-PWY	53	75	0.00391944716905134	0.00364679508073154	0.00418615457562303	0.00327302278357956	0.0741415727940027	-0.281097323152912	0.429380468740918
ARGININE-SYN4-PWY	53	75	0.0122402409261186	0.0120244034868189	0.00454052902241593	0.00372438783182512	0.0528879027967956	-0.302292854868562	0.408068660462153
ARGORNPROST-PWY	53	75	0.00428850564401243	0.00455725837329249	0.00169390635881225	0.00180060523909998	-0.152930152456397	-0.508554064829339	0.202693759916544
ARGSYN-PWY	53	75	0.0208224335781889	0.0202471022451584	0.00323899276056996	0.00316103693052563	0.18016038110205	-0.175658566144589	0.535979328348689
ARGSYNBSUB-PWY	53	75	0.0208705935312175	0.0202820606136929	0.00342400940775651	0.00352699586738672	0.168882685604146	-0.186851630406134	0.524617001614426
ARO-PWY	53	75	0.0213234848411704	0.020920333740999	0.00231450005643985	0.00223819364699017	0.177599911894223	-0.178199342738471	0.533399166526917
ASPASN-PWY	53	75	0.0151175029692658	0.0150650958553118	0.003171882550191	0.00261302615060746	0.0183437631663009	-0.336783998976546	0.373471525309148
AST-PWY	53	75	0.00285862636302722	0.00276233326007307	0.00328419325618776	0.00277595315087579	0.0321387381672835	-0.323004023473118	0.387281499807685
BIOTIN-BIOSYNTHESIS-PWY	53	75	0.0102971640160117	0.0103663096365974	0.00336104303718936	0.00287371866638357	-0.0224194321859153	-0.37755077273004	0.332711908358209
BRANCHED-CHAIN-AA-SYN-PWY	53	75	0.0208878739553889	0.0212582858968797	0.00173778713280181	0.00245623876939766	-0.169253237943045	-0.524990248105917	0.186483772219828
CALVIN-PWY	53	75	0.0205964859481747	0.0205303992054824	0.00214133212277143	0.0018689388218525	0.0332781782997122	-0.321866188752139	0.388422545351564
CATECHOL-ORTHO-CLEAVAGE-PWY	53	75	0.000863851763465737	0.000835497379238612	0.00146718959293424	0.00144695205083415	0.0194830212347442	-0.335645669115595	0.374611711585083
CENTFERM-PWY	53	75	0.00604725729568216	0.00553518792500074	0.00173255886764395	0.0018472222191868	0.284358834883712	-0.0724991014994544	0.641216771266879
CITRULBIO-PWY	53	75	0.010743895967605	0.011067935362614	0.00344736996880981	0.00334225152965557	-0.095698935514402	-0.451016658813843	0.259618787785039
COA-PWY-1	53	75	0.0222681944100877	0.0219397388033337	0.00262602484758842	0.00245531051640235	0.129970143202546	-0.22551403308856	0.485454319493651
COA-PWY	53	75	0.0205195208530657	0.0201614615482018	0.00238480453865988	0.00223541170823186	0.155796969835861	-0.199845978767756	0.511439918439479
COBALSYN-PWY	53	75	0.0126954148121766	0.0117779215060507	0.00241236068859729	0.00209838092987447	0.410821114533427	0.0520837337861929	0.76955849528066
CODH-PWY	53	75	0	0	0	0	NA	NA	NA
COLANSYN-PWY	53	75	0.0106884865028393	0.0103827123939758	0.00203333774210859	0.00177763065771486	0.162011223305165	-0.193674199247526	0.517696645857857
COMPLETE-ARO-PWY	53	75	0.0209168513444291	0.0205321377632263	0.00208068839169461	0.00212419835756417	0.182644592496017	-0.17319372921085	0.538482914202884
CRNFORCAT-PWY	53	75	0.000213701140130243	0.000323752483449129	0.000496397024760751	0.000955083415589225	-0.137842263096823	-0.493371800441641	0.217687274247995
DAPLYSINESYN-PWY	53	75	0.00990174681718685	0.0100941652252955	0.0037012910863781	0.0040677367688791	-0.0490780886845077	-0.404250480240402	0.306094302871387
DENITRIFICATION-PWY	53	75	0.000441609432587809	0.000255455478842813	0.00072787482639118	0.000594364272028892	0.285170375308641	-0.0716974678768584	0.642038218494141
DENOVOPURINE2-PWY	53	75	0.0164626360764668	0.0168473885084581	0.00202027804003267	0.0016270822626087	-0.213775815007578	-0.569879320148746	0.14232769013359
DHGLUCONATE-PYR-CAT-PWY	53	75	9.38977029842038e-05	7.84455744171389e-05	0.000451794666915776	0.000290729495226703	0.042230878014953	-0.3129280485869	0.397389804616806
DTDPRHAMSYN-PWY	53	75	0.0229289955872886	0.0225466859734806	0.0042343143347415	0.00321939281725483	0.104103470468436	-0.251250400821912	0.459457341758784
ECASYN-PWY	53	75	0.00253217095206016	0.00245417073899839	0.00256965689659271	0.00234603968810416	0.031956689091528	-0.323185821232122	0.387099199415179
ENTBACSYN-PWY	53	75	0.0050605784335565	0.00501599378675385	0.00444028731758396	0.00435187022962738	0.0101592520625063	-0.344963485373606	0.365281989498619
FAO-PWY	53	75	0.00795819118469541	0.00801702304300313	0.0050832967150076	0.00389174138956017	-0.0133026310464906	-0.368426956988698	0.341821694895716
FASYN-ELONG-PWY	53	75	0.0106805028479419	0.0108070270864927	0.00386503467894851	0.00343968382399543	-0.0349390421906171	-0.390085849470238	0.320207765089004
FASYN-INITIAL-PWY	53	75	0.00996524258831274	0.0100420467938766	0.00437791734327925	0.00404727263126392	-0.0183439539753961	-0.373471716269023	0.336783808318231
FERMENTATION-PWY	53	75	0.00919907134436136	0.00895428165837261	0.00452547874615055	0.00396847005268577	0.0581822288353277	-0.297011192498209	0.413375650168864
FOLSYN-PWY	53	75	0.0065269555716724	0.00655236517195377	0.0031270298631721	0.00292495195845289	-0.00844174514678566	-0.363563794460986	0.346680304167415
FUC-RHAMCAT-PWY	53	75	0.007810871533078	0.00791951473612202	0.00299570238502123	0.00263088814259213	-0.0389787876502747	-0.394132026249418	0.316174450948868
FUCCAT-PWY	53	75	0.00666718308226213	0.00695123705486917	0.00311973388641351	0.00288129548289288	-0.095255874106634	-0.450571776080897	0.260060027867629
GALACT-GLUCUROCAT-PWY	53	75	0.00899841653531575	0.00853237896200038	0.00252226853321604	0.0018856884018703	0.214650843499571	-0.141460714058407	0.570762401057549
GALACTARDEG-PWY	53	75	0.00548566799215334	0.0056960103987396	0.00464056299957107	0.00404051688412913	-0.048935974039163	-0.404108065611856	0.30623611753353
GALACTUROCAT-PWY	53	75	0.00843586590747597	0.0081060861509441	0.00255152895900725	0.00181588488922101	0.153371318172051	-0.202255500677491	0.508998137021593
GALLATE-DEGRADATION-I-PWY	53	75	0	0	0	0	NA	NA	NA
GALLATE-DEGRADATION-II-PWY	53	75	0	0	0	0	NA	NA	NA
GLCMANNANAUT-PWY	53	75	0.0104480252752076	0.0101681465094083	0.00291683588646498	0.00236743354088386	0.107305858583544	-0.248062585301353	0.462674302468441
GLUCARDEG-PWY	53	75	0.00466130124006618	0.0046202663682811	0.00398479065776555	0.00318635066961597	0.0115990728724494	-0.343524339346048	0.366722485090946
GLUCARGALACTSUPER-PWY	53	75	0.00548566799215334	0.0056960103987396	0.00464056299957107	0.00404051688412913	-0.048935974039163	-0.404108065611856	0.30623611753353
GLUCONEO-PWY	53	75	0.0146979359164087	0.0148225545049765	0.00194706650296764	0.00185549307716286	-0.0658026942824044	-0.421016461742794	0.289411073177985
GLUCOSE1PMETAB-PWY	53	75	0.00590055354515273	0.00584883479551134	0.00402306944067449	0.00386506683789507	0.0131564922754946	-0.34196775038124	0.368280734932229
GLUCUROCAT-PWY	53	75	0.00955456200222395	0.00881567194443909	0.00230365566665741	0.00187754099269348	0.357974401561801	0.000104354544533225	0.715844448579068
GLUDEG-I-PWY	53	75	0.00496228273594347	0.00512106358021324	0.00239388640010781	0.00265891288066588	-0.0621969123463805	-0.417400741026162	0.293006916333401
GLUTORN-PWY	53	75	0.0191864849757302	0.0181910939873874	0.00300777410841078	0.00299002279827256	0.332089071076488	-0.0253989806796137	0.689577122832589
GLYCOCAT-PWY	53	75	0.00702811294570884	0.00694137916733139	0.00435532007094344	0.00440960293292313	0.0197693653631839	-0.335359567077331	0.374898297803699
GLYCOGENSYNTH-PWY	53	75	0.0172784778974148	0.0166374309637184	0.00291076685918283	0.0030848750312006	0.212672832050691	-0.143420569536178	0.56876623363756
GLYCOL-GLYOXDEG-PWY	53	75	0.00211065062676064	0.00188224872283613	0.0022467659104022	0.00188755652089673	0.111771687236652	-0.243617814638466	0.46716118911177
GLYCOLYSIS-E-D	53	75	0.0112634577531329	0.0111039653207739	0.00263500175110657	0.00226068996741342	0.0658464271315006	-0.28936746430688	0.421060318569882
GLYCOLYSIS-TCA-GLYOX-BYPASS	53	75	0.00696663050166706	0.00707681085404432	0.00524921281869514	0.00462498624697207	-0.0225213351009626	-0.377652774283654	0.332610104081729
GLYCOLYSIS	53	75	0.0158924077222808	0.0162516275653164	0.00255712219844982	0.00246052327519056	-0.143639574928749	-0.499204218862551	0.211925069005054
GLYOXYLATE-BYPASS	53	75	0.00525755791162287	0.00509820405455152	0.00429656709935801	0.00366299782094379	0.0404775332502319	-0.314678270114924	0.395633336615388
GOLPDLCAT-PWY	53	75	0.00450720133166664	0.00481790599518347	0.00240372229995932	0.00208004453643225	-0.139997786690474	-0.495540208690348	0.215544635309401
HCAMHPDEG-PWY	53	75	0.00326706912266779	0.00290020483061388	0.00421255366579489	0.00358107400716561	0.0951845118484338	-0.260131097561148	0.450500121258015
HEME-BIOSYNTHESIS-II	53	75	0.00451243417912433	0.00442273572884142	0.00326070684780665	0.00297852972811224	0.0289527290390561	-0.326185840460248	0.38409129853836
HEMESYN2-PWY	53	75	0.00536481677742144	0.00495668154598652	0.00282364668440096	0.0026108247556509	0.151122618375622	-0.204489472827748	0.506734709578991
HEXITOLDEGSUPER-PWY	53	75	0.0110317409097194	0.0111185789686392	0.00331257023136674	0.00311519392969758	-0.0271527828708116	-0.382289177279978	0.327983611538355
HISDEG-PWY	53	75	0.00978052783670046	0.0111035260087809	0.00369217369305192	0.00389087282868689	-0.347232130851196	-0.704940222974949	0.010475961272556
HISTSYN-PWY	53	75	0.0200079140664723	0.019283646200504	0.00244284900985836	0.00252421579179482	0.290758765982237	-0.0661780559264469	0.64769558789092
HOMOSER-METSYN-PWY	53	75	0.00841378531398027	0.00838284058691573	0.00384677278235847	0.00356104103870218	0.00840512349186656	-0.346716912533458	0.363527159517191
HSERMETANA-PWY	53	75	0.0152975767222268	0.0155336770112215	0.00284305463148772	0.00263490498100498	-0.086714315763323	-0.441996755737942	0.268568124211296
ILEUDEG-PWY	53	75	0	0	0	0	NA	NA	NA
ILEUSYN-PWY	53	75	0.024133304276703	0.0237666663412858	0.00203965034750501	0.00266724668551433	0.151005413301073	-0.204605916226585	0.50661674282873
KDO-NAGLIPASYN-PWY	53	75	0.00237665532380862	0.00231807496297551	0.00239888489040817	0.00218046342400533	0.0257705596607558	-0.329364259170245	0.380905378491757
KETOGLUCONMET-PWY	53	75	0.00374579155290158	0.00362309653338877	0.0036590606324445	0.00330654156166467	0.0354980707755015	-0.319649584582229	0.390645726133232
LACTOSECAT-PWY	53	75	0.00524742687136844	0.00601534900920309	0.0028374729102319	0.00331616829258719	-0.245538376050144	-0.601955113743627	0.110878361643338
LEU-DEG2-PWY	53	75	0	0	0	0	NA	NA	NA
LIPASYN-PWY	53	75	5.72344178237248e-05	4.8439957186556e-05	0.000241632495227272	0.000211302952148609	0.0392054268618804	-0.31594819337107	0.39435904709483
LPSSYN-PWY	53	75	0.00242331467360169	0.00212640565496002	0.00261632183180165	0.00225105731479313	0.123274264154993	-0.232173423451834	0.47872195176182
LYSINE-AMINOAD-PWY	53	75	1.16820976595573e-05	0	8.50469546988838e-05	0	0.213818690742613	-0.142285208198753	0.56992258968398
LYSINE-DEG1-PWY	53	75	0	0	0	0	NA	NA	NA
MET-SAM-PWY	53	75	0.0111521928555486	0.011148726238664	0.00391324422317303	0.00372968394182038	0.000910706968431772	-0.354209825252238	0.356031239189101
METH-ACETATE-PWY	53	75	0.00525636040105764	0.0053193620999096	0.00200588228633279	0.00243082172598501	-0.0278137030568733	-0.382950879922272	0.327323473808526
METHANOGENESIS-PWY	53	75	0.000255427479794558	0.000573181998404625	0.000810987554345385	0.00195233605156924	-0.20056486400192	-0.556550772250411	0.15542104424657
METHGLYUT-PWY	53	75	0.00419071235595617	0.00457776675283142	0.00321083810277814	0.00258126022562409	-0.135431089135503	-0.490946450029204	0.220084271758197
METHYLGALLATE-DEGRADATION-PWY	53	75	0	0	0	0	NA	NA	NA
METSYN-PWY	53	75	0.0107331618059113	0.0107526535697084	0.00399132858778101	0.00376101584121612	-0.00505264815474514	-0.360173712394506	0.350068416085015
NAD-BIOSYNTHESIS-II	53	75	0.00613956051609665	0.00584706809043905	0.00301035545377693	0.0028391648743	0.100477115485456	-0.254860786273772	0.455815017244685
NADSYN-PWY	53	75	1.38135250672656e-05	0	0.000100563980448025	0	0.213818690742613	-0.142285208198753	0.56992258968398
NAGLIPASYN-PWY	53	75	0.00881902690611178	0.00839449640470546	0.003256780834226	0.00314936689321596	0.132909411195052	-0.222591390579794	0.488410212969898
NONMEVIPP-PWY	53	75	0.00781285584082614	0.0079046870855977	0.00473319716713011	0.00564218791344476	-0.0173724537384476	-0.3724994686628	0.337754561185905
NONOXIPENT-PWY	53	75	0.0169611852247353	0.0170380648146905	0.00370977747096425	0.0031495175430765	-0.0226651784682877	-0.377796757647806	0.332466400711231
OANTIGEN-PWY	53	75	0.0164981898347818	0.0164403832101047	0.00260614302396259	0.00260769931982608	0.0221731328912127	-0.332957971090635	0.37730423687306
ORNARGDEG-PWY	53	75	0.00391944716905134	0.00364679508073154	0.00418615457562303	0.00327302278357956	0.0741415727940027	-0.281097323152912	0.429380468740918
ORNDEG-PWY	53	75	0.00507923720740077	0.00508811044440116	0.00506760625880071	0.00411478489602172	-0.00195775490882631	-0.357078351821194	0.353162842003541
P101-PWY	53	75	0	0	0	0	NA	NA	NA
P105-PWY	53	75	0.00569065826328265	0.00584857452258466	0.00431485309603867	0.00373845042480136	-0.039613315070738	-0.394767627712689	0.315540997571213
P108-PWY	53	75	0.00497457397533129	0.00559697293398596	0.00153967809008631	0.00171085419448521	-0.378963074541643	-0.73716356606662	-0.0207625830166668
P122-PWY	53	75	0.00297568654348999	0.003012881873711	0.0027741930798222	0.00274766710886153	-0.0134831871822735	-0.368607617295138	0.341641242930592
P124-PWY	53	75	0.00497285950168507	0.00540372497793508	0.00324794934412278	0.00425129055726712	-0.111367076304301	-0.466754634977404	0.244020482368801
P125-PWY	53	75	0.00126960541363209	0.00143818201562512	0.00131891362499645	0.00153920168743848	-0.116072082494515	-0.471482672436826	0.239338507447796
P161-PWY	53	75	0.00558324659760966	0.00606201865087199	0.00499550348327457	0.00408249763948585	-0.106823684786016	-0.462189906326229	0.248542536754196
P162-PWY	53	75	0.00183922431033892	0.0032139632272659	0.00145150083668355	0.00223168250263145	-0.705737435114377	-1.07142863597443	-0.34004623425432
P163-PWY	53	75	0.000281135942515785	0.0013210240940977	0.000682602303712483	0.00148438546440526	-0.852953335363421	-1.22341308823523	-0.482493582491611
P164-PWY	53	75	0.00726121945860757	0.00802616820762037	0.00197841916574525	0.00227415494909626	-0.354631434186603	-0.712450560337326	0.00318769196412072
P165-PWY	53	75	3.38269766965582e-05	1.15660443526986e-05	0.000186733769292514	0.000100164882307345	0.15630662965986	-0.199339740089775	0.511952999409495
P185-PWY	53	75	0.00356726924838231	0.00379555051522497	0.00244027952765746	0.00202335517780487	-0.103529216298242	-0.458880521042172	0.251822088445688
P221-PWY	53	75	0.00205744106062394	0.00190599397447683	0.00234600244573537	0.00177151988426779	0.0746624941771633	-0.28057807083832	0.429903059192647
P23-PWY	53	75	0.00165071188825456	0.00197793835421114	0.00146410494827429	0.00161939934748343	-0.210139398750925	-0.566209790378709	0.145930992876859
P241-PWY	53	75	3.9796538195075e-05	5.42013659445474e-06	0.000206195342183787	4.69397598277947e-05	0.250445888565763	-0.106023082507263	0.606914859638789
P261-PWY	53	75	0	0	0	0	NA	NA	NA
P4-PWY	53	75	0.00894252126008963	0.00892634018763453	0.00372675293947307	0.00378275007731015	0.00430377291896785	-0.35081714039912	0.359424686237055
P42-PWY	53	75	0.0042131569155361	0.00511618625767516	0.00193900324876966	0.00208457826425897	-0.44577138038888	-0.805146541225662	-0.0863962195520985
P441-PWY	53	75	0.00957238848734077	0.00968414230435092	0.00378629721298496	0.00325601151479744	-0.0320702854934722	-0.38721295246825	0.323072381481306
P461-PWY	53	75	0.00801263370762831	0.00791497251202426	0.00472848867796816	0.00434225544655237	0.0216751893343444	-0.333455444370872	0.376805823039561
P562-PWY	53	75	0.000480427448145558	0.000423883316129784	0.000931671676805033	0.000861057223552629	0.0634700988871362	-0.291737175213713	0.418677372987986
P621-PWY	53	75	0.000879268529376392	0.000819480543781026	0.00123767019401491	0.0010728810915981	0.0522727253579023	-0.302906639106646	0.40745208982245
PANTO-PWY	53	75	0.0186106456012374	0.0186237840125244	0.00175884471585754	0.00208079497889229	-0.00672259980982485	-0.361844087600859	0.348398887981209
PANTOSYN-PWY	53	75	0.0189315295847827	0.0188516993957973	0.00185134573991309	0.00199209087981683	0.0412506572170512	-0.313906506997287	0.39640782143139
PENTOSE-P-PWY	53	75	0.0122023602241003	0.0125369930471622	0.00348124696896654	0.0026484032559341	-0.110802642828905	-0.466187502483997	0.244582216826188
PEPTIDOGLYCANSYN-PWY	53	75	0.0228351919623621	0.0227420690391337	0.00221083696317335	0.00254484328612707	0.0385984190696544	-0.316554184005266	0.393751022144575
PHOSLIPSYN-PWY	53	75	0.0144084411624687	0.0140939409174775	0.002445925425858	0.00282889225373643	0.117460890310467	-0.237956679777022	0.472878460397956
PHOTOALL-PWY	53	75	0.000212108822718247	0.000187343117031189	0.000487052784657146	0.000474804485140142	0.0516062697924256	-0.303571603729779	0.40678414331463
POLYAMINSYN3-PWY	53	75	0.00483245430237478	0.00428089454107125	0.00251419430967699	0.0019846254748088	0.248612694477898	-0.107836644849051	0.605062033804847
POLYAMSYN-PWY	53	75	0.00831920904960088	0.00783058966923449	0.00395427895487987	0.00334563497077049	0.135378575681141	-0.220136479238021	0.490893630600304
POLYISOPRENSYN-PWY	53	75	0.00815580070539987	0.0082600286194651	0.0026111444610399	0.00268788368228492	-0.0392353143921824	-0.394388985117318	0.315918356332953
PPGPPMET-PWY	53	75	0.00547704277219291	0.00543989746498532	0.00210625221958162	0.00215666041990058	0.0173901152690189	-0.337736912879406	0.372517143417443
PROPFERM-PWY	53	75	0.00142004898391458	0.00198242308578102	0.000997830925794444	0.00120146013705445	-0.501264580510644	-0.861756585552667	-0.140772575468621
PROTOCATECHUATE-ORTHO-CLEAVAGE-PWY	53	75	0.00102041032625847	0.00107774939655162	0.00167176039763733	0.00167427786414218	-0.0342683009763018	-0.389414108466377	0.320877506513774
PRPP-PWY	53	75	0.0108151339198557	0.0109571804667873	0.0027545659954152	0.00241508308514999	-0.0554729037470497	-0.410659693790347	0.299713886296248
PWY-101	53	75	0.00032958318055234	0.000365403850773565	0.000473698073858333	0.000583527447465444	-0.0662229291600654	-0.421437891347033	0.288992033026903
PWY-1042	53	75	0.0243661995210741	0.0237737051596127	0.00231362713631324	0.00225479631148698	0.259950348266646	-0.0966227006998449	0.616523397233137
PWY-1269	53	75	0.010372419316924	0.01109394247591	0.00287980968551666	0.00303144795628021	-0.242952996495306	-0.599342629254691	0.113436636264079
PWY-1361	53	75	0	2.80090992468192e-05	0	0.00024256591484865	-0.150674160700177	-0.506283340716937	0.204935019316583
PWY-1501	53	75	4.02098216846056e-05	0.000135088546470238	0.000166345080316217	0.000571365497048346	-0.210504417865156	-0.566578107875054	0.145569272144743
PWY-1541	53	75	0.000377255187451114	0.000391528808837498	0.00111804492330719	0.000906665007384919	-0.0142831274963229	-0.369408036022998	0.340841781030352
PWY-1622	53	75	0	1.22677567896771e-05	0	0.000106241890273094	-0.150674160700177	-0.506283340716937	0.204935019316583
PWY-181	53	75	0	2.28669290154387e-05	0	0.000198033414339054	-0.150674160700177	-0.506283340716937	0.204935019316583
PWY-1861	53	75	0.00623745628274881	0.00632985820552645	0.00310650450390766	0.00380318268876147	-0.0261587228215948	-0.381293975804632	0.328976530161442
PWY-2201	53	75	2.63335027080165e-05	0	0.000191710793484026	0	0.213818690742613	-0.142285208198753	0.56992258968398
PWY-2221	53	75	5.67103762833918e-05	0.000123935646236078	0.000315402105511169	0.000395858039178364	-0.184274369323213	-0.540125545271659	0.171576806625233
PWY-241	53	75	0.00826395100299219	0.00846599332294875	0.00357104373312695	0.00320328818604291	-0.0601326815203597	-0.415331072387955	0.295065709347235
PWY-2723	53	75	0.00515471701134621	0.00517374838112985	0.00329845694078728	0.00357493522993302	-0.00549482360077878	-0.360615988296387	0.34962634109483
PWY-2941	53	75	0.0112159703417044	0.0124556116027424	0.00316235951369198	0.00316537324795934	-0.391779518119602	-0.750190887811319	-0.0333681484278842
PWY-2942	53	75	0.0203684516748252	0.0206457344975866	0.00176717310108718	0.0021999848991226	-0.13642021019483	-0.491941356412479	0.219100936022818
PWY-3001	53	75	0.0188824940646469	0.0190604120586438	0.00153515268881285	0.00152729207226648	-0.11624516471856	-0.471656620050631	0.23916629061351
PWY-3502	53	75	1.54334066330588e-05	0	0.000112356896254619	0	0.213818690742613	-0.142285208198753	0.56992258968398
PWY-3781	53	75	0.00104071392791501	0.00104131867291876	0.00134699617354243	0.00137272917412449	-0.000443957683884074	-0.355564476285454	0.354676560917686
PWY-3801	53	75	0.00139060259042802	0.00123197432998742	0.00255095193503306	0.00221580142483399	0.0672184143868575	-0.287999408293514	0.422436237067229
PWY-3841	53	75	0.0214282538796098	0.0215984009042486	0.00254240134628025	0.00255901901323214	-0.0666674850105321	-0.421883719342693	0.288548749321629
PWY-4041	53	75	0.00982512467305648	0.0093462286600518	0.00382375522610431	0.00335812684275244	0.134608921719601	-0.220901662323599	0.4901195057628
PWY-4242	53	75	0.0206508297801075	0.0199668824558939	0.00242569402437178	0.00215400546045985	0.301288431110808	-0.0557819602085964	0.658358822430213
PWY-4321	53	75	0.000678566199976351	0.000656755415044073	0.00137091050184582	0.0011904380115531	0.0172004546068117	-0.337926432235788	0.372327341449412
PWY-4361	53	75	0	4.14431015163671e-05	0	0.000358907787247913	-0.150674160700177	-0.506283340716937	0.204935019316583
PWY-4702	53	75	0.00351118009032475	0.00331585518662813	0.00422502589559499	0.00363246638919866	0.0502382108161974	-0.304936662113822	0.405413083746216
PWY-4722	53	75	0.000399295551278219	0.000530745115064277	0.000569234736753237	0.000679750324351536	-0.206528895804886	-0.562566968967273	0.149509177357501
PWY-4981	53	75	0.010535436434631	0.0118506545728988	0.00309042511642211	0.00308846516400755	-0.42573694011999	-0.784740279759487	-0.0667336004804929
PWY-4984	53	75	0.00835678199483736	0.00893252633751353	0.00377382403227858	0.00383396072404541	-0.151143457300351	-0.506755683990474	0.204468769389772
PWY-5004	53	75	0.000726892095771623	0.00105256261509266	0.000939807748158725	0.00132148437328672	-0.276217388243749	-0.632977486268511	0.0805427097810125
PWY-5005	53	75	0.00542695437109004	0.00553389823293367	0.00299509998523186	0.00317971595401322	-0.0344440665747742	-0.389590134183004	0.320702001033455
PWY-5022	53	75	0.00487725698236597	0.00523347480834887	0.00222244757013489	0.00236077581148784	-0.154561851018266	-0.51019655496877	0.201072852932238
PWY-5028	53	75	4.0733556105267e-05	0.000283265744120532	0.000211406836734978	0.00137435103085432	-0.228381174211128	-0.584623366638902	0.127861018216647
PWY-5030	53	75	0.00863165136561268	0.00946357553668627	0.00388901524343172	0.00381013591320776	-0.216484245849993	-0.572612781287891	0.139644289587906
PWY-5044	53	75	2.59457604258502e-05	0	0.000188887987061135	0	0.213818690742613	-0.142285208198753	0.56992258968398
PWY-5055	53	75	1.81722333775817e-05	4.58714787516457e-05	0.000132295855922446	0.000235644464721209	-0.138782772073326	-0.494317906788523	0.21675236264187
PWY-5067	53	75	1.49956150101979e-05	0	0.000109169725131585	0	0.213818690742613	-0.142285208198753	0.56992258968398
PWY-5079	53	75	5.1941131858269e-05	0	0.000280921708099885	0	0.28781253819658	-0.0690877526072257	0.644712829000385
PWY-5080	53	75	1.20786551582283e-05	0	8.79339368666271e-05	0	0.213818690742613	-0.142285208198753	0.56992258968398
PWY-5083	53	75	0.00658296674568845	0.00654031999918022	0.00334543864258123	0.00320520797622397	0.0130665482334647	-0.34205764362091	0.36819074008784
PWY-5088	53	75	0.000665360153581774	0.00133334152276656	0.00113514199473277	0.00143993525658333	-0.505018529381347	-0.865590678854406	-0.144446379908287
PWY-5097	53	75	0.0211358880988664	0.0211159647233886	0.00197461445378686	0.00234740698628295	0.00905105751096057	-0.346071221381274	0.364173336403196
PWY-5100	53	75	0.0150494747859694	0.0146736913258662	0.0026406107391372	0.00297097233477881	0.132350983271572	-0.223146631301016	0.48784859784416
PWY-5101	53	75	0.000618029949722128	0.000891368603193858	0.00134238704573725	0.00235325493031608	-0.136736897461172	-0.49225990484545	0.218786109923106
PWY-5103	53	75	0.0201150936478987	0.0206177823420517	0.00185875736559124	0.00260661691713222	-0.215997886204444	-0.5721219038069	0.140126131398012
PWY-5104	53	75	0.0106798679839312	0.0104661314078495	0.00311575903284494	0.00307340327347156	0.0691490692279099	-0.286074422707253	0.424372561163073
PWY-5109	53	75	0	0	0	0	NA	NA	NA
PWY-5121	53	75	0.00557779358671027	0.00525626380263767	0.00313126094168332	0.00331454211131525	0.0992327202830278	-0.256099831790805	0.454565272356861
PWY-5129	53	75	1.19638085009273e-05	0	8.70978405810594e-05	0	0.213818690742613	-0.142285208198753	0.56992258968398
PWY-5136	53	75	0.00756051093434381	0.00771410537823786	0.00463812316906123	0.00353249982900548	-0.0381529335170691	-0.393304800191897	0.316998933157759
PWY-5138	53	75	0.00415967660986158	0.004657303943623	0.00319499415211802	0.00268653190051041	-0.17117237395413	-0.52692343161829	0.184578683710029
PWY-5154	53	75	0.0146905434069939	0.0145966636712133	0.0032879061343376	0.00304628043445814	0.0298196838603995	-0.325319983077424	0.384959350798223
PWY-5156	53	75	0	0	0	0	NA	NA	NA
PWY-5173	53	75	0.00505819244863858	0.00477082907977585	0.00419743088400085	0.00349843401631103	0.0755719640934402	-0.279671542919325	0.430815471106206
PWY-5177	53	75	0.0104872083971682	0.00977130916374842	0.00378411884631527	0.00300401684798885	0.213824800760237	-0.142279154306121	0.569928755826595
PWY-5178	53	75	0.000139543991777065	0.000234917959503935	0.000368746542586623	0.000784910110300869	-0.147526882934092	-0.503115874996171	0.208062109127987
PWY-5180	53	75	0.00141539287306643	0.00205193742937764	0.00234509103260774	0.00372252393925681	-0.197308579193828	-0.553266648018975	0.158649489631319
PWY-5181	53	75	0.000792346742245373	0.000781115824455441	0.00170788972516902	0.00162047419875567	0.00677741487090189	-0.34834408885931	0.361898918601113
PWY-5182	53	75	0.00141539287306643	0.00205193742937764	0.00234509103260774	0.00372252393925681	-0.197308579193828	-0.553266648018975	0.158649489631319
PWY-5183	53	75	1.88378309419434e-05	1.96525323889477e-05	0.000137141479333037	0.000170195922975252	-0.00517606247567594	-0.360297153906032	0.34994502895468
PWY-5188	53	75	0.0127185132998352	0.0121848708515339	0.00259630579135185	0.0031915730078248	0.180257309971545	-0.175562388272511	0.536077008215602
PWY-5189	53	75	0.00438632483397875	0.00430146003777103	0.00375374568132859	0.00321062893113582	0.0246330187567004	-0.330500565137827	0.379766602651227
PWY-5198	53	75	0.000223547125520405	0.000416778077483655	0.000675045943487592	0.00153953423632809	-0.153723208690378	-0.509352351841308	0.201905934460553
PWY-5265	53	75	0.00182086669004157	0.00209220039099485	0.00304170711267501	0.00241852563789851	-0.100746062968462	-0.45608512969025	0.254593003753326
PWY-5304	53	75	7.72652779502653e-05	0	0.000562499714103734	0	0.213818690742613	-0.142285208198753	0.56992258968398
PWY-5306	53	75	0	0	0	0	NA	NA	NA
PWY-5345	53	75	0.00803686441761366	0.00821257486267996	0.00442647844140091	0.0042250876753813	-0.0407743089567186	-0.395930631661015	0.314382013747578
PWY-5347	53	75	0.010968147747795	0.0110481161958972	0.00385909864969021	0.00361339243039914	-0.0215156109195393	-0.376646096172748	0.333614874333669
PWY-5367	53	75	0.00374699599185976	0.00328749993778682	0.00308207903249666	0.00276707489806281	0.158380041688497	-0.19728036090648	0.514040444283475
PWY-5381	53	75	0	0	0	0	NA	NA	NA
PWY-5384	53	75	0.00683827387172705	0.00679370054494813	0.00331026494514173	0.00339249762300573	0.0132705934846111	-0.341853714120438	0.36839490108966
PWY-5392	53	75	0.0010003045338725	0.0012183482500244	0.00110781351612246	0.0010544955942332	-0.202488583155434	-0.558491151214707	0.153513984903839
PWY-5415	53	75	0.000540068544342028	0.000567301888368685	0.000712290582532943	0.000853784624425586	-0.0341084108574293	-0.38925398287944	0.321037161164582
PWY-5417	53	75	0.000882687605648641	0.000895909886943997	0.00163446502359449	0.00159420906995862	-0.00820778174083388	-0.363329747151362	0.346914183669694
PWY-5419	53	75	0	0	0	0	NA	NA	NA
PWY-5420	53	75	0	0	0	0	NA	NA	NA
PWY-5430	53	75	0	0	0	0	NA	NA	NA
PWY-5431	53	75	0.000882687605648641	0.000895909886943997	0.00163446502359449	0.00159420906995862	-0.00820778174083388	-0.363329747151362	0.346914183669694
PWY-5464	53	75	0.00418072170178178	0.00451956610182385	0.0017465051196782	0.00174852905791531	-0.193880843712826	-0.549810097322939	0.162048409897287
PWY-5484	53	75	0.0149948638820627	0.0155389229471904	0.00240479228926286	0.00243689261314435	-0.224474925420615	-0.58067913332814	0.131729282486909
PWY-5505	53	75	0.00773361012431288	0.00725887341021566	0.00205840794762285	0.00207259485572858	0.229701857352986	-0.126553324749956	0.585957039455928
PWY-5509	53	75	0.000430137346129086	0.000674555026651079	0.000899384506632909	0.00121130766240723	-0.223536051655394	-0.579731226998984	0.132659123688197
PWY-5514	53	75	7.35388982052014e-05	2.45154189774645e-05	0.000274538288115971	0.000149177630447793	0.233245845698378	-0.123044561346247	0.589536252743003
PWY-5531	53	75	0	2.72022238814872e-05	0	0.000172161395422262	-0.206175971318302	-0.562210915264465	0.149858972627861
PWY-5532	53	75	6.21862232714827e-05	2.14381253400986e-05	0.000261716377835127	0.000131182195880092	0.208010286609957	-0.148040979428031	0.564061552647946
PWY-5534	53	75	1.80389740986985e-05	2.23908335770286e-05	0.00013132571372841	0.000193910306896164	-0.0254669700823831	-0.380601453877969	0.329667513713202
PWY-561	53	75	0.00552639075978149	0.00549194036968408	0.00464178516922067	0.00395620075585797	0.00810110146488883	-0.347020826470818	0.363223029400596
PWY-5647	53	75	0	2.9876103231508e-05	0	0.000187371825950625	-0.208060230387314	-0.564111942845922	0.147991482071295
PWY-5651	53	75	1.09254281223975e-05	0	7.95383173184892e-05	0	0.213818690742613	-0.142285208198753	0.56992258968398
PWY-5654	53	75	0.000217516070053595	0.000169772100969804	0.000496868498718689	0.000423114599303592	0.104930908757771	-0.250426685581397	0.46028850309694
PWY-5656	53	75	0.00292126407140653	0.00258878393970231	0.00330796050247689	0.00279580537390857	0.110175817771206	-0.245206060568527	0.46555769611094
PWY-5659	53	75	0.0115168320711935	0.010924833777835	0.00226865128149454	0.00203437923024465	0.27738888261457	-0.0793851202245033	0.634162885453643
PWY-5667	53	75	0.0209849237936024	0.0200888724388431	0.00167689148478938	0.00207450590501465	0.466592813483176	0.106813546540952	0.8263720804254
PWY-5675	53	75	0.00501523792058408	0.00475246490014196	0.00493843614390258	0.00416236593009666	0.0584082523710603	-0.296785736455103	0.413602241197224
PWY-5676	53	75	0.00727536096167351	0.00753644390678434	0.00321086625840669	0.00277916588689888	-0.0880562859682398	-0.443343775382097	0.267231203445617
PWY-5677	53	75	0.00100946052407058	0.00131341624956155	0.00110491632767317	0.00138784181805376	-0.237709044989724	-0.594044575524699	0.118626485545251
PWY-5686	53	75	0.0234583012200667	0.0234543761087473	0.00284416735349262	0.00306183939253819	0.00131983633535306	-0.353800715541728	0.356440388212435
PWY-5690	53	75	0.00806590637765879	0.00798745597688066	0.00270717423457142	0.00268783720048882	0.0291006011198512	-0.326038153273996	0.384239355513698
PWY-5692	53	75	0.000985624191992058	0.000938926723251768	0.00136033262656145	0.00125193169568613	0.035982954811347	-0.319165447043229	0.391131356665923
PWY-5695	53	75	0.0207927454443892	0.0206900962196568	0.00214868796391587	0.00210132824402058	0.0483965785695294	-0.306774382332848	0.403567539471906
PWY-5705	53	75	0.00163947454146222	0.00156538025114178	0.00185428952297042	0.00176005338695437	0.0411739564872866	-0.313983071568588	0.396330984543161
PWY-5723	53	75	0.00627677275823975	0.00609751012740223	0.00557609374375326	0.00482555095740351	0.0348179091257504	-0.320328716162364	0.389964534413865
PWY-5724	53	75	0	0	0	0	NA	NA	NA
PWY-5747	53	75	0.00337969019330465	0.00315221125533015	0.00396098412690207	0.00344349455718155	0.0620522575033739	-0.293151184134673	0.417255699141421
PWY-5751	53	75	2.31871843021161e-05	9.10174901727019e-05	0.000118383891499819	0.000404969409276698	-0.212279380440605	-0.568369190506475	0.143810429625266
PWY-5754	53	75	0.00034879815926542	0.00028099482146396	0.000518925076739493	0.000469774603348558	0.13818916295045	-0.217342434523409	0.493720760424309
PWY-5757	53	75	4.14062680987676e-05	0	0.000301442181864038	0	0.213818690742613	-0.142285208198753	0.56992258968398
PWY-5791	53	75	0.00481539210578165	0.0045982068391012	0.00314838099937813	0.0027168085727034	0.0748216937931957	-0.280419383638818	0.43006277122521
PWY-5837	53	75	0.00481539210578165	0.0045982068391012	0.00314838099937813	0.0027168085727034	0.0748216937931957	-0.280419383638818	0.43006277122521
PWY-5838	53	75	0.00697419655637821	0.00696439155876788	0.00354412542573457	0.00319195499058834	0.00293405040893587	-0.352186649372132	0.358054750190004
PWY-5840	53	75	0.00602620590384954	0.00601823838423229	0.00338229416722209	0.00294811895643799	0.00254179874145978	-0.352578854774984	0.357662452257903
PWY-5845	53	75	0.00607120989437657	0.00629874878702773	0.00340585419685395	0.00300590326921829	-0.0716191007023593	-0.426850079664886	0.283611878260167
PWY-5850	53	75	0.00513491517395687	0.004957665580662	0.00394817966035043	0.0037035674705581	0.0465659083676901	-0.308601308535416	0.401733125270797
PWY-5855	53	75	0.00193641098769322	0.00196875432977871	0.00212174331211335	0.00191246706377503	-0.0161596429420877	-0.371285781916448	0.338966496032272
PWY-5856	53	75	0.00193641098769322	0.00196875432977871	0.00212174331211335	0.00191246706377503	-0.0161596429420877	-0.371285781916448	0.338966496032272
PWY-5857	53	75	0.00193641098769322	0.00196875432977871	0.00212174331211335	0.00191246706377503	-0.0161596429420877	-0.371285781916448	0.338966496032272
PWY-5860	53	75	0.00446645864383513	0.00428140000037457	0.00364059244577214	0.0033553029609637	0.0532407977293498	-0.301940766496734	0.408422361955433
PWY-5861	53	75	0.00612773935990845	0.00606657896751183	0.00341427316100915	0.00305444643891586	0.0190659019640616	-0.336062442051836	0.374194245979959
PWY-5862	53	75	0.00526128208041858	0.00542571645249477	0.00320596510197994	0.00279428378369229	-0.0553445154576855	-0.410530999103248	0.299841968187877
PWY-5863	53	75	0.00466415960125133	0.00451912251909979	0.00274530501527714	0.00239419969897978	0.0569895382235703	-0.298200924965019	0.412180001412159
PWY-5870	53	75	2.45038760164238e-05	2.06573132854126e-05	0.000178390910112871	0.000178897580791011	0.021526620031991	-0.333603875427506	0.376657115491488
PWY-5871	53	75	2.20294808429393e-05	1.86083925614989e-05	0.000160377041340398	0.000161153406818514	0.0212709989729527	-0.333859260852987	0.376401258798893
PWY-5872	53	75	1.19913199782762e-05	0	8.7298127159376e-05	0	0.213818690742613	-0.142285208198753	0.56992258968398
PWY-5873	53	75	2.20294808429393e-05	1.86083925614989e-05	0.000160377041340398	0.000161153406818514	0.0212709989729527	-0.333859260852987	0.376401258798893
PWY-5896	53	75	0.00513491517395687	0.004957665580662	0.00394817966035043	0.0037035674705581	0.0465659083676901	-0.308601308535416	0.401733125270797
PWY-5897	53	75	0.00682362126864629	0.00678163125436364	0.00356775292804271	0.00321662773222096	0.0124748318181973	-0.342649034509458	0.367598698145853
PWY-5898	53	75	0.00682362126864629	0.00678163125436364	0.00356775292804271	0.00321662773222096	0.0124748318181973	-0.342649034509458	0.367598698145853
PWY-5899	53	75	0.00682362126864629	0.00678163125436364	0.00356775292804271	0.00321662773222096	0.0124748318181973	-0.342649034509458	0.367598698145853
PWY-5910	53	75	0.000996069888686574	0.00116235764258918	0.00151254211017343	0.00148537838514046	-0.111106747633338	-0.466493059760792	0.244279564494116
PWY-5913	53	75	0.00876627639719181	0.00874713346415265	0.00487852668795254	0.00415514535578305	0.00428454824540248	-0.350836361516374	0.359405458007179
PWY-5918	53	75	0.00490239346363533	0.00494470280412576	0.00372298672077655	0.00331535778797005	-0.0121252390774531	-0.367248920168107	0.342998442013201
PWY-5920	53	75	0.00304746629325476	0.00305756937838655	0.00257955804975735	0.00257402320982482	-0.0039215348933496	-0.359042380491185	0.351199310704486
PWY-5941	53	75	0.00587317828524678	0.00611284821819526	0.00282909590184844	0.00354262539548772	-0.073358767977147	-0.428595177723011	0.281877641768717
PWY-5971	53	75	0.00958366151529597	0.00904025027440441	0.0045027966441854	0.00488808175678864	0.114816242167477	-0.240588107286574	0.470220591621527
PWY-5973	53	75	0.0167008740767183	0.0170062465656518	0.0034132570862445	0.00306553976570135	-0.0950248995668562	-0.45033985540488	0.260290056271167
PWY-5989	53	75	0.00983267225417097	0.00991240653408936	0.00355954951837905	0.00325264600616574	-0.0235713286382462	-0.378703810228129	0.331561152951637
PWY-5994	53	75	0.00226825990173948	0.00159921794110443	0.00286906568207492	0.00234749944735953	0.259763519668781	-0.0968074463942638	0.616334485731826
PWY-6071	53	75	0.00111186576837517	0.000779855322888882	0.0019128073541339	0.00159429840728808	0.191597250313065	-0.164313085303874	0.547507585930005
PWY-6107	53	75	1.18142319799657e-05	6.21098968390915e-05	8.60089070716022e-05	0.000254875621510096	-0.247773950743972	-0.604214355663961	0.108666454176017
PWY-6113	53	75	0.00780915469809427	0.00733052771748204	0.00429095557730398	0.00439836162210479	0.109919110164196	-0.245461552093253	0.465299772421645
PWY-6121	53	75	0.0215129313184925	0.0213911738542181	0.00210332105509075	0.00215081678653512	0.0571270918763578	-0.298063709352382	0.412317893105098
PWY-6122	53	75	0.0217130181280288	0.0217356870269911	0.00207322487566084	0.00236115540949258	-0.0100894016218892	-0.365212108593396	0.345033305349617
PWY-6123	53	75	0.0185830739200137	0.018973639166608	0.00253469261178848	0.00231407136790727	-0.162223654636736	-0.517910558411091	0.193463249137619
PWY-6124	53	75	0.0179474383427654	0.0184891655434687	0.00287650766032092	0.00251863489335015	-0.202731350109482	-0.558736031826544	0.15327333160758
PWY-6125	53	75	0.0154752849159574	0.0159168040564626	0.00273136139329044	0.00234752400580637	-0.175690687537088	-0.531475441048372	0.180094065974196
PWY-6126	53	75	0.0191968001890839	0.0193528599718538	0.00157918544474682	0.00163877775697653	-0.096664322191794	-0.45198604321549	0.258657398831902
PWY-6138	53	75	0.000136602640222313	0.000188721264495892	0.000474423599184821	0.000451579419669762	-0.113020196983777	-0.468415739360497	0.242375345392943
PWY-6143	53	75	0.00110587872543418	0.00136019117317903	0.00164585692289393	0.00155039869499503	-0.159895797749287	-0.515566575625075	0.195774980126501
PWY-6145	53	75	0	0	0	0	NA	NA	NA
PWY-6147	53	75	0.0127717652866725	0.0130402815501974	0.00337629552656627	0.00316460738252115	-0.0825279500653349	-0.437795135809634	0.272739235678964
PWY-6148	53	75	0	0	0	0	NA	NA	NA
PWY-6151	53	75	0.0203623660683883	0.0195820415736675	0.00229795183850271	0.00277031141585455	0.301767397200069	-0.0553091815936312	0.65884397599377
PWY-6163	53	75	0.0218411446951995	0.0214312061260012	0.00238685890291463	0.00227952568318765	0.17636145837823	-0.179428372043044	0.532151288799504
PWY-6165	53	75	0.0001484832210976	0.000254749780530115	0.000553782293792483	0.000943153844163647	-0.131909767079947	-0.487404872900883	0.22358533874099
PWY-6167	53	75	0.000363066641016377	0.000555099728542086	0.00119627419352756	0.00206457629240447	-0.109173879832177	-0.464551027811861	0.246203268147506
PWY-6168	53	75	0.0173608634266023	0.0168709335406115	0.0023265343783696	0.00231189661800278	0.211363549449431	-0.144717926308183	0.567445025207044
PWY-6174	53	75	7.02895973169525e-05	0.000132351149524763	0.000291476328511311	0.000489009605585118	-0.148142365546935	-0.503735272142136	0.207450541048266
PWY-6182	53	75	0.000735459784248496	0.000757614451408366	0.00153448748421675	0.0014896178958303	-0.0146885282563654	-0.369813689762529	0.340436633249798
PWY-6185	53	75	0.00077898328297232	0.000834761768956768	0.00155378000894643	0.00158249894278263	-0.0355116313980098	-0.390659307495183	0.319636044699163
PWY-6210	53	75	0.000217516070053595	0.000257843368993251	0.000496868498718689	0.000482548684435282	-0.0825517489786793	-0.437819019310124	0.272715521352766
PWY-6215	53	75	0.000465361563381078	0.000438035588710772	0.000846289035595977	0.000882170517726941	0.0314981519273239	-0.323643731716451	0.386640035571099
PWY-621	53	75	0.0112340120222604	0.0103874841328605	0.00229587140785484	0.00292195277496182	0.315710148106847	-0.0415508068986298	0.672971103112324
PWY-622	53	75	0.00375462220801868	0.00381882974500083	0.00275409441233683	0.00350813337523512	-0.0199499934215302	-0.375079080391053	0.335179093547993
PWY-6263	53	75	0.00216931130898015	0.00249288614249062	0.00158600298941349	0.00190997773787373	-0.181434959438405	-0.537263814159609	0.174393895282799
PWY-6269	53	75	0	0	0	0	NA	NA	NA
PWY-6270	53	75	0.00553140749470305	0.00571355439133959	0.00379142075200748	0.00453111860387367	-0.0429438926794299	-0.398104127241772	0.312216341882912
PWY-6277	53	75	0.0217130181280288	0.0217356870269911	0.00207322487566084	0.00236115540949258	-0.0100894016218892	-0.365212108593396	0.345033305349617
PWY-6281	53	75	1.50080993296057e-05	0	0.000109260612348766	0	0.213818690742613	-0.142285208198753	0.56992258968398
PWY-6282	53	75	0.0098873072706013	0.0099945489292086	0.00376642273623205	0.00342225937808972	-0.0300538221712878	-0.385193791046245	0.325086146703669
PWY-6284	53	75	0.00558053817680881	0.00501912894990845	0.00391404439131464	0.00361440986844518	0.150070170072222	-0.205535102743156	0.505675442887601
PWY-6285	53	75	0.00575924015494826	0.00551606450010569	0.00469688883021115	0.00422966907689408	0.05491191677164	-0.30027353970457	0.41009737324785
PWY-6305	53	75	0.0121245867365852	0.011142246417749	0.00347239882174909	0.00310957068015629	0.300943624083541	-0.0561223189000398	0.658009567067122
PWY-6307	53	75	3.72072693633695e-05	3.17240200480236e-05	8.99145603678932e-05	0.000178379153053612	0.0369479666135465	-0.318201951042271	0.392097884269364
PWY-6309	53	75	1.08724100615206e-05	0	7.91523400091889e-05	0	0.213818690742613	-0.142285208198753	0.56992258968398
PWY-6313	53	75	4.28319558409489e-05	1.39267009580448e-05	0.000103495797415011	7.11535114770082e-05	0.336153680819763	-0.0213924828272135	0.69369984446674
PWY-6317	53	75	0.0157632515550046	0.0148183672104234	0.00228558725456285	0.00244371400225411	0.397055434171766	0.0385552554420148	0.755555612901518
PWY-6318	53	75	0.00167037792367263	0.00203544430841577	0.00196273643850189	0.00180232565279108	-0.195202300891573	-0.551142603777419	0.160738001994272
PWY-6344	53	75	0	5.85642705483692e-05	0	0.000507181460489925	-0.150674160700177	-0.506283340716937	0.204935019316583
PWY-6349	53	75	0.00024681397322128	0.000394149832475331	0.00073249652316754	0.00155182469617345	-0.115199343559427	-0.470605589526467	0.240206902407614
PWY-6350	53	75	0	0	0	0	NA	NA	NA
PWY-6351	53	75	1.19239966922203e-05	0	8.6808006238781e-05	0	0.213818690742613	-0.142285208198753	0.56992258968398
PWY-6352	53	75	1.69381966054973e-05	0	0.000123311932614258	0	0.213818690742613	-0.142285208198753	0.56992258968398
PWY-6353	53	75	0.0101543827163359	0.0101449958030828	0.00377801747575917	0.00339991969265892	0.00263615966017129	-0.352484504380337	0.35775682370068
PWY-6385	53	75	0.0226083292408814	0.0224367068580293	0.0017761741151362	0.00214714786530004	0.0857085924737532	-0.26957011404745	0.440987298994957
PWY-6386	53	75	0.0228811405909295	0.0225876507099868	0.00221697328642344	0.00244988606905149	0.124541929850852	-0.230912518014775	0.479996377716479
PWY-6387	53	75	0.0229733252130454	0.0227817427739295	0.00222186531215449	0.00247937682190623	0.0806158420226065	-0.274644627257326	0.435876311302539
PWY-6396	53	75	0.000112592918144977	0.000369309705310022	0.000414135652505825	0.000736466086000673	-0.411433002795599	-0.770181111172611	-0.0526848944185876
PWY-6415	53	75	0.000239963650454832	0.000230271223415596	0.000512065818269253	0.00070451574933688	0.0153304981575903	-0.339795078434774	0.370456074749954
PWY-6435	53	75	0.00113508763568782	0.00119774505892183	0.00133127911906485	0.00160761220598434	-0.0417784928405569	-0.396936600935055	0.313379615253941
PWY-6467	53	75	0.00021862617813097	0.00016748862407951	0.0006308519645639	0.000515479546918845	0.0903568475287165	-0.264939478462594	0.445653173520027
PWY-6470	53	75	0.00805400136868349	0.00772850841718932	0.00294932815129974	0.00267535039955124	0.116593888545225	-0.238819314272751	0.472007091363202
PWY-6471	53	75	0.0104831559287538	0.0103236340903751	0.00389411606719756	0.00361987436815025	0.0427043459607258	-0.312455446732831	0.397864138654283
PWY-6478	53	75	0.00129447949893078	0.00177008452155468	0.00128868401295053	0.0016357256318659	-0.316595191028593	-0.673868127420331	0.0406777453631454
PWY-6507	53	75	0.00810026208041566	0.00765950083803839	0.00250127058209986	0.00181185312630539	0.207546636179883	-0.148500490624826	0.563593762984592
PWY-6519	53	75	0.00997194274993495	0.00998939128023668	0.00353610429452787	0.00306445636502463	-0.00534024345671442	-0.360461372076396	0.349780885162967
PWY-6524	53	75	0	0	0	0	NA	NA	NA
PWY-6527	53	75	0.0153480884373503	0.0143348943590976	0.00296206889808688	0.00303260565780447	0.337315786582767	-0.0202471199378555	0.69487869310339
PWY-6531	53	75	0.00524631142336713	0.00517254734851154	0.00340263749435595	0.00296565892188044	0.0233923155639247	-0.331739984948254	0.378524616076103
PWY-6545	53	75	0.0117340025965173	0.0120068934610221	0.00199294058933179	0.00167731121850227	-0.150416255905749	-0.506023765627709	0.205191253816211
PWY-6549	53	75	0.00735637124329098	0.00714681440917688	0.00243900091830592	0.00220480725132403	0.0909398741259902	-0.264358727460135	0.446238475712115
PWY-6562	53	75	0.000904282901007277	0.000974334073452255	0.00104404981680434	0.00139007204092001	-0.0556470016631351	-0.410834208323541	0.299540204997271
PWY-6565	53	75	1.4267465690843e-05	1.5496655811097e-05	0.000103868718070876	0.000134204976061137	-0.010026154534569	-0.365148834102775	0.345096525033637
PWY-6572	53	75	0.00193325048113326	0.00231998752799921	0.00142059352611272	0.00183950538809171	-0.23029201544883	-0.586553026153726	0.125968995256065
PWY-6588	53	75	0.0035935634755616	0.00465588519227933	0.00205979381496952	0.00219700604173963	-0.496077162164697	-0.856459374245809	-0.135694950083585
PWY-6590	53	75	0.00669544042368077	0.00614174170380371	0.00187678276223683	0.00200808292080548	0.283226988002547	-0.0736171781579951	0.64007115416309
PWY-6595	53	75	0.00246035681938718	0.00303165534086784	0.00114597302681323	0.00169962599082494	-0.381839957941063	-0.740087185161659	-0.023592730720467
PWY-6596	53	75	1.86985961453229e-05	0	0.000136127834713228	0	0.213818690742613	-0.142285208198753	0.56992258968398
PWY-6598	53	75	1.20786551582283e-05	0	8.79339368666271e-05	0	0.213818690742613	-0.142285208198753	0.56992258968398
PWY-6606	53	75	0.00774684838407048	0.00768034891496505	0.00362759875636475	0.00312428179069772	0.0199028635823388	-0.335226182931651	0.375031910096329
PWY-6608	53	75	0.0107849763254046	0.0108588715504765	0.00421439940103722	0.00383088299269235	-0.0185032936272955	-0.373631182380853	0.336624595126262
PWY-6609	53	75	0.0228333082662982	0.0225958424654115	0.00267499775540138	0.0028949154626467	0.0846204756258586	-0.270654240588534	0.439895191840251
PWY-6612	53	75	0.00553665960111166	0.00553245183492269	0.00284990034340441	0.00264414538702489	0.00154077607955488	-0.353579789410901	0.35666134157001
PWY-6628	53	75	0.00698762448081448	0.00729090820301709	0.00465790851119488	0.00439534226830234	-0.067313248185902	-0.422531345593351	0.287904849221547
PWY-6629	53	75	0.00641109161664655	0.00648432706122307	0.00487261335666093	0.0050189374192589	-0.0147679707477894	-0.369893182657515	0.340357241161936
PWY-6630	53	75	0.00530529315740553	0.00556596033889232	0.00351240516552519	0.00335781553100352	-0.0761636728376843	-0.431409113051281	0.279081767375913
PWY-6641	53	75	1.09900841100571e-05	3.81309770672351e-05	8.00090200136516e-05	0.000192572012142884	-0.17367581132154	-0.52944543060539	0.182093807962309
PWY-6654	53	75	0	0	0	0	NA	NA	NA
PWY-6660	53	75	0	0	0	0	NA	NA	NA
PWY-6662	53	75	0	0	0	0	NA	NA	NA
PWY-6690	53	75	0.00326706912266779	0.00290020483061388	0.00421255366579489	0.00358107400716561	0.0951845118484338	-0.260131097561148	0.450500121258015
PWY-6700	53	75	0.0214332195673335	0.0209739795847668	0.00241685770500368	0.00278039077632588	0.174189226509304	-0.181584232648915	0.529962685667524
PWY-6703	53	75	0.0157462290311714	0.0154720260098222	0.00287518938526055	0.00300365927876951	0.0929086747024048	-0.262397719304538	0.448215068709347
PWY-6708	53	75	0.00193641098769322	0.00196875432977871	0.00212174331211335	0.00191246706377503	-0.0161596429420877	-0.371285781916448	0.338966496032272
PWY-6731	53	75	0.00541367834584984	0.00520944580357905	0.0033315542490572	0.00328185221513442	0.0618426453946571	-0.293360236998908	0.417045527788222
PWY-6737	53	75	0.0237495133621019	0.022509435095446	0.00280613872284325	0.00300592652149504	0.42393974542309	0.0649689428764585	0.782910547969722
PWY-6748	53	75	1.06679751737517e-05	0	7.76640315610289e-05	0	0.213818690742613	-0.142285208198753	0.56992258968398
PWY-6749	53	75	0.00183031230752447	0.0022553007368997	0.0016992814755475	0.00230927729205925	-0.204386806049709	-0.560405968224171	0.151632356124754
PWY-6785	53	75	0.000426303276688776	0.00045651547012455	0.000613018015093451	0.000712556906496975	-0.0448742683820879	-0.40003815391506	0.310289617150884
PWY-6797	53	75	0	2.11624032866371e-05	0	0.000183271788513591	-0.150674160700177	-0.506283340716937	0.204935019316583
PWY-6803	53	75	0.00440967385145494	0.00427995884219619	0.00387356973219568	0.00348118414754108	0.03555551118848	-0.31959223207216	0.39070325444912
PWY-6823	53	75	0.00253730737620036	0.0023582767753518	0.00244995889294142	0.00209465723605584	0.0796362198392977	-0.275620869367148	0.434893309045743
PWY-6834	53	75	0	0	0	0	NA	NA	NA
PWY-6837	53	75	0.00172764407295972	0.00176914169522939	0.00172705760328908	0.00162969587206964	-0.0248404757945527	-0.379974280752867	0.330293329163761
PWY-6859	53	75	0.00646392609340324	0.00685879680617934	0.00257343601299214	0.00256175081662488	-0.153850943642895	-0.509480931820565	0.201779044534775
PWY-6876	53	75	0.000762496219327784	0.000787506205573882	0.00104001713470192	0.00111855405229565	-0.0230118661465153	-0.378143786405541	0.33212005411251
PWY-6891	53	75	0.00675127203705942	0.00586579686159519	0.00352320748760441	0.00355423521901861	0.250030893574444	-0.106433620766812	0.606495407915701
PWY-6892	53	75	0.0141806262714025	0.0141740680856399	0.00205484561978291	0.00217781095715877	0.00308196331053851	-0.352038755637241	0.358202682258318
PWY-6895	53	75	0.0100531666280969	0.00917650953208103	0.00294754996097362	0.00319259398109308	0.28335770852299	-0.0734880452253986	0.640203462271379
PWY-6897	53	75	0.015468381706309	0.0152169080157487	0.00180818047956342	0.00191535984297829	0.134343496978521	-0.221165551125621	0.489852545082662
PWY-6901	53	75	0.0125782753344432	0.0128234212296006	0.00263465927793409	0.00217685562030788	-0.103154074248218	-0.458503710005184	0.252195561508749
PWY-6906	53	75	8.15084314796852e-05	7.44108141539467e-05	0.000346068711506429	0.000321268150375437	0.0213958894706859	-0.33373448512868	0.376526264070052
PWY-6936	53	75	0.0168765462673578	0.0164497251854875	0.00286222534780865	0.00256543986099356	0.158558077343376	-0.197103538791139	0.514219693477891
PWY-6953	53	75	0.000699195371595743	0.000831434894072749	0.00117934049702898	0.00143259214619672	-0.0991363704297694	-0.45446851107068	0.256195770211141
PWY-6957	53	75	0	2.60267177782639e-05	0	0.000225397987731047	-0.150674160700177	-0.506283340716937	0.204935019316583
PWY-6969	53	75	0.00748585682023391	0.00769848055679107	0.00340505748873201	0.00311167641670706	-0.0657061467631549	-0.420919640813056	0.289507347286746
PWY-6981	53	75	2.05957677300083e-05	0	0.000149939452328558	0	0.213818690742613	-0.142285208198753	0.56992258968398
PWY-6992	53	75	0	0	0	0	NA	NA	NA
PWY-7003	53	75	0.00387036383684194	0.00442637574863227	0.00212136240011107	0.00192515729670973	-0.276835628682089	-0.633603057520199	0.0799318001560216
PWY-7007	53	75	1.39902508877056e-05	2.56143665618325e-05	0.000101850563841101	0.000221826921443936	-0.0638142708436558	-0.419022488303194	0.291393946615883
PWY-7013	53	75	0.00481690592911452	0.00488111443863993	0.00369484647967674	0.00297690638181501	-0.0195030582547171	-0.374631765430466	0.335625648921031
PWY-7031	53	75	0.000252786651857699	0.000382890770889056	0.000621112856799883	0.00087084559508217	-0.167322905833437	-0.523045945765971	0.188400134099096
PWY-7039	53	75	0.000519986487338307	0.000610418496180513	0.00159916267256693	0.00170394013294259	-0.0544279453554888	-0.409612262231593	0.300756371520616
PWY-7046	53	75	0.0033614604830047	0.0031178778188866	0.00265444803931061	0.00225593623979104	0.100308299168849	-0.255028872940998	0.455645471278695
PWY-7090	53	75	4.21861753661704e-05	2.15936618266067e-05	0.000307119992474179	0.000187006597025717	0.0844454734555325	-0.270828605751583	0.439719552662648
PWY-7094	53	75	0.00218521976289557	0.00225354805000831	0.00225772970473669	0.0022835065275247	-0.0300621100022016	-0.385202089608145	0.325077869603742
PWY-7111	53	75	0.0243189506471235	0.0238961322288647	0.00217941768066198	0.00269635105852969	0.169396932321947	-0.186341124174384	0.525134988818278
PWY-7115	53	75	0.00628463160648989	0.00605579196261488	0.00269453289272781	0.00290797503580345	0.0810957516411899	-0.27416638858095	0.43635789186333
PWY-7117	53	75	0.00919994908143562	0.00922041013615867	0.00458374051573	0.00386662920490681	-0.00489788935849136	-0.360018920429113	0.350223141712131
PWY-7118	53	75	3.65102950125912e-05	2.90485000117237e-05	0.000195653916661197	0.000217003661985762	0.0357952278121035	-0.319352883828557	0.390943339452764
PWY-7124	53	75	0.000116635475446091	0.000137281811277507	0.000405473406514033	0.000489425196321318	-0.0452123384524752	-0.400376879898809	0.309952202993858
PWY-7159	53	75	0	2.72022238814872e-05	0	0.000172161395422262	-0.206175971318302	-0.562210915264465	0.149858972627861
PWY-7165	53	75	0.00103256316565141	0.000960907645494578	0.00205327399252815	0.00167564446003534	0.0389241055094203	-0.316229041342675	0.394077252361516
PWY-7184	53	75	0.0131171079636295	0.013567840888238	0.00228937962558759	0.0020584088642358	-0.208989048476557	-0.565049082569148	0.147070985616035
PWY-7187	53	75	0.0143811336134886	0.0149442607528648	0.00167226704573924	0.00163716016802612	-0.340929824591312	-0.698545164042547	0.0166855148599219
PWY-7196	53	75	0.00725426120943304	0.0069661857150938	0.00223765571741538	0.00272243089369601	0.11370065545542	-0.241698207301463	0.469099518212303
PWY-7197	53	75	0.0108191657503265	0.0111780947515193	0.00204734914475633	0.00191518485447235	-0.182123203355696	-0.537957436817017	0.173711030105625
PWY-7198	53	75	0.00803173910001903	0.00860809210436298	0.0026647894213962	0.00281469649676673	-0.20929224492444	-0.565355003451619	0.146770513602738
PWY-7199	53	75	0.0178572193211645	0.0180552671100384	0.00208186470929139	0.00243077173101339	-0.0863622866975769	-0.441643414917379	0.268918841522225
PWY-7200	53	75	0.000946925038838166	0.000876563698389119	0.00140300185149754	0.00138495626496936	0.0505312581437102	-0.304644250750755	0.405706767038175
PWY-7204	53	75	0.0034615738141722	0.00338042111200689	0.00367299296979237	0.00317722606424973	0.0239344400446823	-0.331198413084145	0.379067293173509
PWY-7208	53	75	0.0133935146727665	0.0139993374228757	0.00241663121073535	0.00244149699322222	-0.249179980195438	-0.605635379312326	0.107275418921451
PWY-7209	53	75	0.00313281521050189	0.00308354091882704	0.00180478666391467	0.0020627200092091	0.0251349633534136	-0.329999158590905	0.380269085297732
PWY-7210	53	75	0.00440383387286944	0.00454315338026227	0.00292811467607186	0.00321147160792526	-0.0449755307231304	-0.400139612205927	0.310188550759666
PWY-7211	53	75	0.00862873011381505	0.0086668348769788	0.00187618152741611	0.00241500847023582	-0.0172527144031133	-0.372379640026984	0.337874211220757
PWY-7218	53	75	0.000285096644029204	0.000252321400010193	0.000653312301898862	0.000637812410022874	0.0508731407980891	-0.304303114715516	0.406049396311694
PWY-7219	53	75	0.024011426484163	0.0239706250171709	0.00228980209738384	0.00275196522599075	0.0158679195419831	-0.339258018189109	0.370993857273075
PWY-7220	53	75	0.0177469455988115	0.0181840903843543	0.0025865483105637	0.00283375945445502	-0.15986596169446	-0.51553653439329	0.19580461100437
PWY-7221	53	75	0.0228826324788763	0.0230205148804637	0.00223864337173424	0.00257125461812861	-0.056521027407148	-0.411710345335882	0.298668290521586
PWY-7222	53	75	0.0177469455988115	0.0181840903843543	0.0025865483105637	0.00283375945445502	-0.15986596169446	-0.51553653439329	0.19580461100437
PWY-7224	53	75	0	0	0	0	NA	NA	NA
PWY-7228	53	75	0.0154258982317591	0.0159406614416081	0.00298776906271029	0.00265878048732554	-0.18389370132789	-0.539741864723697	0.171954462067918
PWY-7229	53	75	0.0201190999446679	0.0203026895862111	0.00150355815052447	0.00160810501373563	-0.117249374091284	-0.472665875748361	0.238167127565793
PWY-7234	53	75	0.00963431480033662	0.0103633904927366	0.00264454105847106	0.00317392391163332	-0.245735050386832	-0.60215386165813	0.110683760884465
PWY-7235	53	75	2.20652024599133e-05	0	0.000160637098637392	0	0.213818690742613	-0.142285208198753	0.56992258968398
PWY-7237	53	75	0.0168608903571742	0.0157554900348269	0.00311666077750684	0.0034601854194373	0.332679320479976	-0.0248171268040807	0.690175767764032
PWY-7238	53	75	0	0	0	0	NA	NA	NA
PWY-7242	53	75	0.00885495840045236	0.00815790350719216	0.00253770723350772	0.00200511110604527	0.311142151553671	-0.0460574906123948	0.668341793719737
PWY-7245	53	75	0.000179007655839752	0.000322457224994358	0.000547834584995464	0.00113144945157525	-0.153291801691762	-0.508918096056104	0.20233449267258
PWY-724	53	75	0.01927471958503	0.0191285732591131	0.00175186818590425	0.00173932182098184	0.0837749705562579	-0.271496680217883	0.439046621330399
PWY-7254	53	75	0.00509087949429615	0.00507580502672668	0.00422980963887028	0.00389699925375411	0.00373345202946012	-0.351387362556627	0.358854266615547
PWY-7268	53	75	0.000168442822299108	0.000401547789257143	0.000520213297754226	0.00137610606426246	-0.210712022361796	-0.566787590865482	0.145363546141891
PWY-7269	53	75	0.00257200568493172	0.00244083775804969	0.00296610715064374	0.00259086979767447	0.0476638498311911	-0.307505595208211	0.402833294870593
PWY-7279	53	75	0.000576934762520921	0.000517322314856857	0.000709816269666592	0.000804558528806617	0.0777339036239453	-0.277516739810988	0.432984547058879
PWY-7282	53	75	0.0127283572515996	0.0126380994508027	0.0023140432608322	0.00243289505592621	0.0378508750684217	-0.317300497157674	0.393002247294517
PWY-7283	53	75	1.21812290103003e-05	0	8.86806857814781e-05	0	0.213818690742613	-0.142285208198753	0.56992258968398
PWY-7286	53	75	0.000271019124837153	0.000435531850775666	0.000784853162709992	0.00160792813653563	-0.123562916194927	-0.479012137067037	0.231886304677183
PWY-7288	53	75	0.00163043016911586	0.00209670709266728	0.00179098697709595	0.00187035686339805	-0.253684848502636	-0.610188855566444	0.102819158561172
PWY-7290	53	75	0.000218503108497989	0	0.00117207747386309	0	0.29019164286993	-0.0667381184961846	0.647121404236044
PWY-7294	53	75	0.000384935816753251	0.000253569796749458	0.00121298234295837	0.000605968207160083	0.144816326178254	-0.210755619889431	0.500388272245939
PWY-7312	53	75	0.00217225730384012	0.00207882042093049	0.00289738554322144	0.00293003040230124	0.0320362107816325	-0.323106409145257	0.387178830708522
PWY-7315	53	75	0.00547241458551571	0.00455406999072968	0.00362899107582551	0.00264628418235723	0.297203092504254	-0.0598149179336347	0.654221102942144
PWY-7316	53	75	0.00131721800927748	0.00250460330709158	0.00205114001536852	0.00245589617416043	-0.516813570070245	-0.877641308234758	-0.155985831905731
PWY-7317	53	75	9.62420390345756e-05	0.000131310396972468	0.000491252373733765	0.000462425643263629	-0.0739005200744713	-0.429138647623902	0.28133760747496
PWY-7323	53	75	0.00964531109929856	0.00933262550729425	0.00215483585440514	0.00193780903923801	0.154017955369322	-0.201613138725155	0.509649049463798
PWY-7328	53	75	0.00532700746062817	0.00547708740742776	0.00298528592032992	0.00341498547412654	-0.0462559679378311	-0.401422565250359	0.308910629374697
PWY-7332	53	75	0.00502660780161804	0.00559855338156116	0.00377175055775913	0.00357234578799834	-0.156442049435464	-0.512089330078094	0.199205231207166
PWY-7337	53	75	1.47310431864413e-05	0	0.00010724361318103	0	0.213818690742613	-0.142285208198753	0.56992258968398
PWY-7338	53	75	1.47310431864413e-05	0	0.00010724361318103	0	0.213818690742613	-0.142285208198753	0.56992258968398
PWY-7345	53	75	0.00135193985112049	0.00119772348689936	0.00249077558632147	0.00215865909544165	0.0670057752691472	-0.288211432817241	0.422222983355535
PWY-7347	53	75	0	0	0	0	NA	NA	NA
PWY-7357	53	75	0.0169656063136558	0.0162332252098356	0.00232476036496558	0.00255710894491209	0.297247566835895	-0.0597710100284088	0.654266143700198
PWY-7371	53	75	0.00210416158898952	0.00232003464868551	0.0023936063002102	0.00228371536230607	-0.0926614934905224	-0.447966900013792	0.262643913032748
PWY-7373	53	75	0	0	0	0	NA	NA	NA
PWY-7374	53	75	0	0.000249690108529779	0	0.000670398290670257	-0.48600177176045	-0.846173905995169	-0.125829637525731
PWY-7383	53	75	0.00796260148947489	0.00916969702630671	0.00290072602727835	0.00367386154587821	-0.357518790989636	-0.715381870347694	0.000344288368420875
PWY-7384	53	75	5.26635028303682e-05	5.21127764768509e-05	0.000271997971991792	0.000335108550088817	0.00177298622527256	-0.353347595839492	0.356893568290037
PWY-7385	53	75	0.00271676132647519	0.00291974401914116	0.00260697573669322	0.00246397259157393	-0.0804219317092761	-0.435681728646164	0.274837865227611
PWY-7388	53	75	0.0101224314217656	0.0101176744758235	0.00473747907931167	0.00432133454157583	0.00105762901926688	-0.354062909430415	0.356178167468948
PWY-7389	53	75	6.73170396112009e-05	6.70333012131657e-05	0.000347081613776077	0.00042915504610153	0.000714088800881905	-0.354406436538727	0.355834614140491
PWY-7391	53	75	0.000113908706519757	0.000129799987334169	0.00036112056291904	0.0004434298360577	-0.0386215775949095	-0.393774219185227	0.316531063995408
PWY-7392	53	75	0.00443599230952771	0.00416468392802826	0.00271053401750516	0.00278457021628751	0.0985051149223509	-0.256824340008272	0.453834569852973
PWY-7397	53	75	0	0	0	0	NA	NA	NA
PWY-7399	53	75	0.00022234559914021	0.000314559230911207	0.000405242337817001	0.000542665802730588	-0.187946199044711	-0.543826751847777	0.167934353758354
PWY-7400	53	75	0.0208105929376275	0.0202446587954072	0.00321777981644831	0.00314020570399372	0.178390230764786	-0.177415072265384	0.534195533794956
PWY-7409	53	75	0.00148073319017807	0.00112158346064822	0.00228249857055995	0.00190025511292448	0.17378837145117	-0.181982088712597	0.529558831614936
PWY-7411	53	75	1.54359975162257e-05	0	0.000112375758168784	0	0.213818690742613	-0.142285208198753	0.56992258968398
PWY-7413	53	75	0	2.37112917368706e-05	0	0.000149131541808506	-0.207469910126676	-0.563516352846607	0.148576532593254
PWY-7420	53	75	1.54029056025826e-05	0	0.000112134845401016	0	0.213818690742613	-0.142285208198753	0.56992258968398
PWY-7431	53	75	4.27936098878553e-05	1.3771885597983e-05	0.000103395589274663	7.03988153398786e-05	0.33914725011542	-0.0184421586412379	0.696736658872078
PWY-7446	53	75	0.00193314400498766	0.00184884390519806	0.00229522049469968	0.00222838314748761	0.0373636408592557	-0.31778694207948	0.392514223797991
PWY-7456	53	75	0.00866110573181928	0.00826361799495804	0.0021204414111824	0.00195308315330459	0.196403763328416	-0.159546650345245	0.552354177002076
PWY-7527	53	75	0	5.10093754249187e-05	0	0.000441754149491572	-0.150674160700177	-0.506283340716937	0.204935019316583
PWY-7528	53	75	0	2.58198133969885e-05	0	0.000223606143227658	-0.150674160700177	-0.506283340716937	0.204935019316583
PWY-7539	53	75	0.0127138120442832	0.0129476508112469	0.00335820725543429	0.00316709846917854	-0.0720095028422846	-0.427241689202336	0.283222683517767
PWY-7546	53	75	1.00437670944786e-05	0	7.31197281501442e-05	0	0.213818690742613	-0.142285208198753	0.56992258968398
PWY-7560	53	75	0.00578444528901485	0.00595419517223413	0.00350221179330943	0.0042915812216437	-0.0425992911551842	-0.397758890843759	0.31256030853339
PWY-7616	53	75	0.00100639814822941	0.00109802740483061	0.00109026518428439	0.000941537438644361	-0.0911202142453435	-0.446419522672735	0.264179094182048
PWY-7619	53	75	1.4634767764689e-05	0	0.000106542717531036	0	0.213818690742613	-0.142285208198753	0.56992258968398
PWY-7626	53	75	0	0	0	0	NA	NA	NA
PWY-7663	53	75	0.016520345535141	0.0167741601962187	0.00381452200294533	0.00298988750599562	-0.0756556291961117	-0.430899408640676	0.279588150248453
PWY-7664	53	75	0.0103299390246406	0.0104356649177012	0.00381829923561339	0.00343277043186909	-0.0293937055850257	-0.384532829250945	0.325745418080894
PWY-821	53	75	0.00486012978171308	0.0049513539885972	0.00338834435794711	0.00316817042089903	-0.0279756943587207	-0.383113065874758	0.327161677157317
PWY-841	53	75	0.0165811324649124	0.0170412553707299	0.00214424960615668	0.00183704667597875	-0.233607131518264	-0.589901159603847	0.122686896567319
PWY-922	53	75	0.000889101591496686	0.00106613119752585	0.00142217510122481	0.0015074650520569	-0.120194072853597	-0.475625621964014	0.235237476256821
PWY0-1061	53	75	0.00820739959233526	0.00717370545938287	0.00310799001422215	0.00367129621368419	0.299622778831344	-0.0574261706222362	0.656671728284924
PWY0-1241	53	75	0.00620124152423618	0.00735933920512211	0.00141705594198857	0.00303140919907721	-0.464142551170403	-0.823873329399896	-0.104411772940909
PWY0-1261	53	75	0.0127670036474558	0.0121417566548569	0.00251873080557065	0.00304619363359539	0.220125929032172	-0.13603675533901	0.576288613403353
PWY0-1277	53	75	0.00368387213567565	0.00332870585875535	0.00430055123946047	0.00363697385954675	0.0905008448614677	-0.26479604180214	0.445797731525075
PWY0-1296	53	75	0.0185017187866497	0.0178948803618656	0.00305847232798915	0.00287741118698932	0.205465538703321	-0.150563122316256	0.561494199722897
PWY0-1297	53	75	0.00756975516075077	0.00791140412837261	0.00412640095960991	0.00360963065277446	-0.0891717834427533	-0.444463529108343	0.266119962222836
PWY0-1298	53	75	0.00669125368326629	0.00690933208433761	0.00399018032669446	0.00337909493053997	-0.0598503161631106	-0.415047977456784	0.295347345130562
PWY0-1319	53	75	0.020985131069697	0.0200904277171332	0.00167695117653218	0.00207434463071517	0.465910483945402	0.106144744744966	0.825676223145837
PWY0-1338	53	75	0.00224380659477334	0.00203912551373929	0.0024338688583721	0.00210138332064441	0.0911891892807895	-0.264110389863396	0.446488768424975
PWY0-1415	53	75	0.00381139307186648	0.00385240925782136	0.00290095351713691	0.00272955220895602	-0.0146404789678282	-0.369765610120292	0.340484652184636
PWY0-1479	53	75	0.00960079965320542	0.00845346708888249	0.00314304373733786	0.00317541304439586	0.362839436414297	0.00489444365350772	0.720784429175086
PWY0-1533	53	75	0.00132293626926045	0.00121159596936086	0.00182226232556517	0.00168401410418591	0.0639005844812003	-0.291307870359587	0.419109039321988
PWY0-1586	53	75	0.0209928046826706	0.0202165156011869	0.0044598007648247	0.0037311372188688	0.191781283789917	-0.164130568150372	0.547693135730207
PWY0-162	53	75	0.0128565885983796	0.0133819343489574	0.00226473662286371	0.00198327937912116	-0.249688545473775	-0.606149388777501	0.106772297829951
PWY0-166	53	75	0.0145815915075648	0.0150742763745066	0.00174444849586509	0.0016156781682968	-0.295016425228888	-0.652006689633871	0.061973839176094
PWY0-321	53	75	0.00105957177048621	0.000741461616359429	0.00182616499432405	0.00151412646071243	0.192785735615796	-0.163134417935089	0.548705889166681
PWY0-41	53	75	0.00131507884922435	0.00124287265690993	0.00175281930934198	0.00170302406838113	0.0418890452097274	-0.313269262095127	0.397047352514582
PWY0-42	53	75	0.00318543771877444	0.00286846055816396	0.00393312366569272	0.00341033402305572	0.0871963488281008	-0.268087895979101	0.442480593635303
PWY0-781	53	75	0.00894066323720175	0.00896961521037533	0.00364482323806493	0.00368440043292015	-0.00789286695522277	-0.363014723154425	0.347228989243979
PWY0-845	53	75	0.0108918452880163	0.0112697359112169	0.00333488880504715	0.00307018608114833	-0.118755177213769	-0.474179326996872	0.236668972569334
PWY0-862	53	75	0.0099218194077726	0.0100044259665059	0.00375837191970478	0.00341783023651556	-0.023188986332559	-0.378321082844762	0.331943110179644
PWY0-881	53	75	0.00365605983240868	0.00340301595489551	0.00349996372809023	0.00336027471139653	0.0740193930121309	-0.281219113152948	0.42925789917721
PWY1F-823	53	75	9.31824128506093e-06	3.27090572788225e-05	6.78378205300741e-05	0.000140831934531163	-0.200962482463159	-0.556951821196409	0.155026856270091
PWY1G-0	53	75	9.34636827914408e-05	0.000361354505522283	0.000301324772504326	0.000801547259886384	-0.415947458539968	-0.774775197806704	-0.0571197192732308
PWY3DJ-35471	53	75	0.0014602508634574	0.00155064183732295	0.0023836891039447	0.00225368047524959	-0.0391604261970074	-0.394313970478114	0.315993118084099
PWY3O-1109	53	75	0.000382699568063155	0.000310575332053343	0.000570131961995058	0.00052001226088112	0.133252646542986	-0.222250120876886	0.488755413962858
PWY3O-19	53	75	2.20294808429393e-05	1.86083925614989e-05	0.000160377041340398	0.000161153406818514	0.0212709989729527	-0.333859260852987	0.376401258798893
PWY3O-355	53	75	0.00245244444285216	0.00241786108324198	0.00242702343718225	0.0021621281698815	0.0152002024980856	-0.339925288411499	0.370325693407671
PWY490-3	53	75	0.000807823152040245	0.000720190194700139	0.000797455773217607	0.000847215490488275	0.105959419384603	-0.24940284375936	0.461321682528566
PWY4FS-7	53	75	0.0126752792481868	0.0122962085735572	0.00280719599089842	0.00304107076632062	0.12863801465054	-0.226838748856721	0.4841147781578
PWY4FS-8	53	75	0.0126752366208922	0.0122959036676103	0.00280714312638832	0.00304067777623767	0.128738332769885	-0.226738986315558	0.484215651855328
PWY4LZ-257	53	75	0.00565365651544462	0.00619283335552502	0.00431305934113476	0.00369515932289667	-0.136091783224531	-0.491611003829674	0.219427437380612
PWY5F9-12	53	75	6.37444326260583e-05	0.000119809749461028	0.000228063684876859	0.000502226723731231	-0.136137914412678	-0.491657405211768	0.219381576386412
PWY66-367	53	75	0.000443193112054289	0.000722902446230002	0.000572067304466221	0.000874027141207273	-0.36610619120356	-0.7241020670263	-0.00811031538081974
PWY66-388	53	75	0.00044460132835286	0.000392371030574944	0.000766377635155699	0.000955599882206727	0.0591885510069224	-0.296007413870806	0.414384515884651
PWY66-389	53	75	0.00387573356907219	0.00336962142924007	0.0033231519684782	0.00286588307475816	0.16524051222885	-0.190467636043532	0.520948660501233
PWY66-391	53	75	0.00207871853052073	0.00262241821307106	0.00213628454045253	0.00212883509661091	-0.255029064612453	-0.611547743296728	0.101489614071821
PWY66-398	53	75	0.00309963875984006	0.00330469568496986	0.00154959686470913	0.00160614024007302	-0.129532844834335	-0.485014579325032	0.225948889656362
PWY66-399	53	75	0.00882642418906911	0.00967073657927085	0.00252974520056546	0.00280311273430746	-0.313444466446814	-0.670674900505868	0.0437859676122404
PWY66-400	53	75	0.0152555981562164	0.0154409917207522	0.00288718456938836	0.00290499929434301	-0.0639804308232778	-0.419189105544403	0.291228243897848
PWY66-409	53	75	0.00968948294854474	0.00982044390909681	0.00354478945106542	0.00327327714861785	-0.0386547237187258	-0.393807420475198	0.316497973037747
PWY66-422	53	75	0.0167028279604309	0.0159677712499619	0.00238615061254087	0.00261380120213324	0.291418407758158	-0.0655266436930019	0.648363459209317
PWYG-321	53	75	0.0106548065043423	0.0107341853498431	0.00411805178464797	0.00365727312761539	-0.0205958542604902	-0.375725505266854	0.334533796745874
PYRIDNUCSAL-PWY	53	75	0.008179930443105	0.00830050210104761	0.00368472830996418	0.00379201596004428	-0.0321686489928868	-0.387311452061386	0.322974154075613
PYRIDNUCSYN-PWY	53	75	0.0166687392161145	0.0168180969631713	0.00193456334094169	0.00191120282074816	-0.0777549325247294	-0.433005646362408	0.277495781312949
PYRIDOXSYN-PWY	53	75	0.0102749278313145	0.0105400977283464	0.00357122144756258	0.00324322192875612	-0.0783959549308033	-0.433648823981068	0.276856914119461
REDCITCYC	53	75	0.00255622592913897	0.0030663543624773	0.00192059390203114	0.00192773033196205	-0.265030923840578	-0.621661184144092	0.0915993364629361
RHAMCAT-PWY	53	75	0.0121182249458318	0.0116942716356358	0.00279425914889927	0.00261976999819272	0.157419017232581	-0.198234858229355	0.513072892694517
RIBOSYN2-PWY	53	75	0.019132928350068	0.0190179062443746	0.00282801133074842	0.00302993583433294	0.0390133123790944	-0.316139984212811	0.394166608971
RUMP-PWY	53	75	0.00194881976829052	0.00196918292146956	0.00169522309559157	0.00192901405928328	-0.0110901963115236	-0.366213359837613	0.344032967214566
SALVADEHYPOX-PWY	53	75	0.00928831594817332	0.00912645992646209	0.00490673316980493	0.00437154661031111	0.0351863249838615	-0.319960855777717	0.390333505745441
SER-GLYSYN-PWY	53	75	0.0172082097144383	0.0174852238843062	0.00207484234985438	0.00199363283160975	-0.136625606779101	-0.492147959618903	0.218896746060701
SO4ASSIM-PWY	53	75	0.0064829276009619	0.00632169580043837	0.00483945793837297	0.0042822834239478	0.0356663441622974	-0.319481569111225	0.390814257435819
SPHINGOLIPID-SYN-PWY	53	75	1.21681191103462e-05	0	8.85852442691749e-05	0	0.213818690742613	-0.142285208198753	0.56992258968398
SUCSYN-PWY	53	75	0	0	0	0	NA	NA	NA
SULFATE-CYS-PWY	53	75	0.00803737902228725	0.00799251017677263	0.00498247890973891	0.00458358309003603	0.00944156818460063	-0.345680866254835	0.364564002624036
TCA-GLYOX-BYPASS	53	75	0.00569948191184906	0.0057015560127134	0.00483831801123738	0.0042032010053201	-0.000463357106419063	-0.355583876087111	0.354657161874273
TCA	53	75	0.00948352907891642	0.00950656432023213	0.00340004388355159	0.00312439115168178	-0.00710745947431355	-0.362229061911146	0.348014142962518
TEICHOICACID-PWY	53	75	0.00753432500250214	0.00761866932032245	0.00201264981977903	0.00190131391659343	-0.0432971627639102	-0.398458053478943	0.311863727951123
THISYN-PWY	53	75	0.0147273719842924	0.0149822575321844	0.00199737056061446	0.00172529339013413	-0.138340191391515	-0.49387268738993	0.2171923046069
THISYNARA-PWY	53	75	0.0148389402265116	0.0143791916685308	0.0025478645222587	0.00258293905786593	0.178993435205712	-0.176816502215853	0.534803372627278
THREOCAT-PWY	53	75	0.0025917119420854	0.00265404017141726	0.00291920507083562	0.00253040819120175	-0.0231045239700472	-0.37823653626478	0.332027488324686
THRESYN-PWY	53	75	0.0178839366022183	0.0180112289333646	0.00210785587454942	0.00167628087252671	-0.0681975371800762	-0.423418214946601	0.287023140586449
TRIGLSYN-PWY	53	75	1.70535398919006e-05	0	0.000124151644414266	0	0.213818690742613	-0.142285208198753	0.56992258968398
TRNA-CHARGING-PWY	53	75	0.0230556877074419	0.0229907604883143	0.00225109781940777	0.00251536152197027	0.0269428243812235	-0.328193325398271	0.382078974160718
TRPSYN-PWY	53	75	0.0165495239533069	0.0157950307070343	0.00241401972648808	0.00225725402323782	0.324760001233414	-0.0326250298867309	0.682145032353559
TYRFUMCAT-PWY	53	75	0	4.09783880692301e-05	0	0.000215620315056239	-0.247990250538263	-0.604432956643939	0.108452455567413
UBISYN-PWY	53	75	0.00204825287550353	0.00207038191066229	0.00226071841647784	0.00203218972471359	-0.0103917680673185	-0.365514608427375	0.344731072292738
UDPNACETYLGALSYN-PWY	53	75	8.06427028698168e-05	7.51585308321653e-05	0.000262323463366247	0.000301995842759227	0.0191559936200294	-0.335972424564477	0.374284411804536
UDPNAGSYN-PWY	53	75	0.015296171094333	0.0153402429144891	0.00276479837928199	0.00299919671007562	-0.0151723069569602	-0.370297779617407	0.339953165703487
UNINTEGRATED	53	75	1.00591389462799	1.01380293496817	0.077381036922868	0.0694227133889012	-0.108347198433681	-0.463720475966545	0.247026079099182
UNMAPPED	53	75	0.504648396241271	0.497400566616941	0.0830249820976997	0.0749527753085851	0.0924645324271572	-0.262840089122159	0.447769153976473
URDEGR-PWY	53	75	0.000985624191992058	0.000938926723251768	0.00136033262656145	0.00125193169568613	0.035982954811347	-0.319165447043229	0.391131356665923
URSIN-PWY	53	75	0.000739898139420428	0.000644788135868217	0.0016149776706655	0.00109012447037498	0.0714021169589369	-0.28382819377359	0.426632427691464
VALDEG-PWY	53	75	0	1.89599342331704e-05	0	0.000164197847000078	-0.150674160700177	-0.506283340716937	0.204935019316583
VALSYN-PWY	53	75	0.024133304276703	0.0237666663412858	0.00203965034750501	0.00266724668551433	0.151005413301073	-0.204605916226585	0.50661674282873
