len_control	len_case	mean_control	mean_case	sd_control	sd_case	cohen.d	lower	upper
1CMET2-PWY	61	53	0.0206297239238896	0.0198676215032322	0.0016326442048285	0.00237872465072796	0.378456178333663	0.00309437468014734	0.753817981987179
3-HYDROXYPHENYLACETATE-DEGRADATION-PWY	61	53	0.000171376930689229	0.000631123499988552	0.000496393814019229	0.00129539747837027	-0.481654218150507	-0.859046366222714	-0.1042620700783
7ALPHADEHYDROX-PWY	61	53	7.92067248440782e-05	6.92065316764933e-05	0.000288960125896939	0.000312910952838318	0.0332987035593199	-0.33878915641673	0.40538656353537
AEROBACTINSYN-PWY	61	53	0.000411011372983607	0.000442549035053325	0.000807458034891154	0.00118037797160852	-0.0315983070871029	-0.403683613785783	0.340486999611577
ALL-CHORISMATE-PWY	61	53	4.87543843972678e-05	0.000172181842558076	0.000380783914937789	0.000776787103141031	-0.206336451675018	-0.579382507243558	0.166709603893522
ALLANTOINDEG-PWY	61	53	0.0011439873780432	0.00120195693046744	0.00153655697653432	0.00111841643365475	-0.0426710721147589	-0.414775406210107	0.32943326198059
ANAEROFRUCAT-PWY	61	53	0.0169291041745285	0.0164838438397227	0.00184892329119915	0.00271963734247588	0.194043078078062	-0.178889368226029	0.566975524382153
ANAGLYCOLYSIS-PWY	61	53	0.0198130702730682	0.0191680644559343	0.00170502070115672	0.00238361908340898	0.314907726408187	-0.0594421039105167	0.68925755672689
ARG+POLYAMINE-SYN	61	53	0.0083527500017051	0.00899014606784783	0.00292352002460146	0.00303352996596551	-0.21424343337918	-0.587366228494752	0.158879361736391
ARGDEG-PWY	61	53	0.00120066695580214	0.0021473243112674	0.0018209268603338	0.00283867981699982	-0.40301284476585	-0.778814538144673	-0.0272111513870266
ARGININE-SYN4-PWY	61	53	0.0103903088616049	0.0115462592667255	0.00337147561251725	0.0038116145336698	-0.322660726213055	-0.697124219801199	0.0518027673750884
ARGORNPROST-PWY	61	53	0.00418331520165999	0.00451959976729709	0.00232743951861114	0.00198440550469487	-0.15461979875038	-0.52723479143116	0.217995193930399
ARGSYN-PWY	61	53	0.02143300817406	0.019558028745492	0.00245827962833112	0.00309096185296947	0.67687454051153	0.29435770502291	1.05939137600015
ARGSYNBSUB-PWY	61	53	0.0215242855860067	0.0194674942426541	0.00261784555284159	0.00327391940409291	0.699419769552345	0.316205205303958	1.08263433380073
ARO-PWY	61	53	0.0221760901959595	0.0206114415070097	0.0021244102538264	0.00239172608639026	0.694636882861903	0.311572142318881	1.07770162340492
ASPASN-PWY	61	53	0.0135086935971242	0.0143716226905052	0.00183569396114176	0.00252741741549103	-0.395065957091578	-0.770722327182313	-0.0194095870008428
AST-PWY	61	53	0.0010434805883896	0.00166322370383012	0.00157134765009127	0.00234661687345827	-0.314651602118691	-0.688997724101545	0.0596945198641631
BIOTIN-BIOSYNTHESIS-PWY	61	53	0.00810025465320792	0.00948729140019412	0.00269494396624199	0.00317142527694175	-0.474065513102216	-0.851292172714162	-0.0968388534902706
BRANCHED-CHAIN-AA-SYN-PWY	61	53	0.0211198536396915	0.0201731879463187	0.00181441350997205	0.00261751811152744	0.425725543229382	0.0494928812543995	0.801958205204364
CALVIN-PWY	61	53	0.0212984170279033	0.0202650190077779	0.00177379411036499	0.00257186102339937	0.473829160554253	0.0966076140866849	0.851050707021821
CATECHOL-ORTHO-CLEAVAGE-PWY	61	53	0.000108102265690831	0.000189206568082289	0.000334493818032339	0.000578693727844105	-0.174742639328659	-0.547510734034673	0.198025455377354
CENTFERM-PWY	61	53	0.00616921662760611	0.00598317179407186	0.0017715385276782	0.00201762778952446	0.0984476827763546	-0.273838719063151	0.47073408461586
CITRULBIO-PWY	61	53	0.0104742050966824	0.0117478936228534	0.00287016081951669	0.00293326609017681	-0.439258908308334	-0.815759345389377	-0.0627584712272913
COA-PWY-1	61	53	0.0225892781266675	0.0214566776985565	0.00183708696674718	0.00264491731855909	0.503705052672341	0.125817558243758	0.881592547100924
COA-PWY	61	53	0.0205159830804809	0.0197084713165142	0.0018548349901789	0.00270999922857856	0.352331840391832	-0.022591828926735	0.727255509710398
COBALSYN-PWY	61	53	0.0128260253835736	0.0122237268546669	0.00225165975577178	0.00237763726612999	0.260622075188684	-0.113008538467807	0.634252688845175
CODH-PWY	61	53	0.000314161688774131	0.000203153377196184	0.00093652814246968	0.000656072110512132	0.135647624646697	-0.236840106731892	0.508135356025286
COLANSYN-PWY	61	53	0.0107841440512578	0.0102585521717076	0.00158572011858179	0.00223046392257438	0.274849006362438	-0.0989571043898897	0.648655117114767
COMPLETE-ARO-PWY	61	53	0.0217959532160823	0.0201179496063456	0.00201879610729263	0.00226411420680378	0.785508589913814	0.399432754223102	1.17158442560453
CRNFORCAT-PWY	61	53	0.000490304133175876	0.000309942290678604	0.000775505499661323	0.000625403395264625	0.254111665470512	-0.119441722725249	0.627665053666273
DAPLYSINESYN-PWY	61	53	0.00966896161610329	0.00808582476097498	0.00371187891721226	0.00361845307347531	0.43151370932226	0.055167523228206	0.807859895416315
DENITRIFICATION-PWY	61	53	0.000110779057672575	0.000103676600518433	0.000297298333208651	0.000379072361621326	0.0210296003460087	-0.351042836604208	0.393102037296225
DENOVOPURINE2-PWY	61	53	0.0159415923346641	0.0163989355675848	0.00184687421956756	0.00197599006758221	-0.239709291548195	-0.613098729014482	0.133680145918091
DHGLUCONATE-PYR-CAT-PWY	61	53	4.45515247996856e-05	0.000113363183216524	0.000292634995258871	0.000434176955346032	-0.188402558926979	-0.56128520231899	0.184480084465033
DTDPRHAMSYN-PWY	61	53	0.023023456611674	0.0225726122228976	0.0025091267678797	0.00334898362450928	0.153915818472681	-0.218694155689746	0.526525792635108
ECASYN-PWY	61	53	0.00102535656962576	0.00165715127533378	0.00136787899844341	0.00201522175965052	-0.371779646948941	-0.747026547379087	0.00346725348120591
ENTBACSYN-PWY	61	53	0.00248814889343363	0.00359220146269578	0.0033771235880329	0.00379277331138056	-0.308729440501202	-0.682990648956043	0.0655317679536403
FAO-PWY	61	53	0.0047281607624958	0.00642707643118209	0.00336245391953075	0.00370966741671704	-0.481564003246437	-0.858954168977564	-0.104173837515309
FASYN-ELONG-PWY	61	53	0.00845234505419094	0.00980171115173064	0.00314733328646904	0.00354915548881665	-0.404012585091372	-0.779832761456278	-0.0281924087264661
FASYN-INITIAL-PWY	61	53	0.0076780623145532	0.00885152226213162	0.00362535455700556	0.00395098626513757	-0.3104366033895	-0.684722126061351	0.0638489192823504
FERMENTATION-PWY	61	53	0.0078415968347695	0.00750465389310387	0.00334128136447945	0.00298196105947039	0.105973292241405	-0.266348683895294	0.478295268378105
FOLSYN-PWY	61	53	0.00673436031977031	0.00652815662247204	0.00270103857214257	0.00286577192123739	0.0742077137130359	-0.297981891855435	0.446397319281506
FUC-RHAMCAT-PWY	61	53	0.00683954411097507	0.00724562229994366	0.00205163098731726	0.00230821789580985	-0.186743044344842	-0.559611313517931	0.186125224828247
FUCCAT-PWY	61	53	0.00572522510869614	0.00605496154139525	0.00201478497767499	0.00238263589189893	-0.150340857095399	-0.522925698580253	0.222243984389455
GALACT-GLUCUROCAT-PWY	61	53	0.00744620023460846	0.00759557423379513	0.00192693403240317	0.00248242407233005	-0.0678253156834863	-0.439993951738766	0.304343320371793
GALACTARDEG-PWY	61	53	0.00309872604305245	0.00436277216281549	0.0027972565938133	0.00348605501169529	-0.403085216982789	-0.778888246856702	-0.0272821871088766
GALACTUROCAT-PWY	61	53	0.00698577436907759	0.00714936639979778	0.00169654400653336	0.00225408919154523	-0.0828282385366207	-0.455049156581051	0.28939267950781
GALLATE-DEGRADATION-I-PWY	61	53	0	0	0	0	NA	NA	NA
GALLATE-DEGRADATION-II-PWY	61	53	0	0	0	0	NA	NA	NA
GLCMANNANAUT-PWY	61	53	0.00926982900965039	0.0100297671330255	0.00219166989221182	0.00284382674315465	-0.302093619060631	-0.676261575865038	0.0720743377437762
GLUCARDEG-PWY	61	53	0.00249779860600427	0.00356520245784348	0.00214869295750523	0.00290437756704463	-0.42226606199594	-0.79843158852075	-0.04610053547113
GLUCARGALACTSUPER-PWY	61	53	0.00309872604305245	0.00436277216281549	0.0027972565938133	0.00348605501169529	-0.403085216982789	-0.778888246856702	-0.0272821871088766
GLUCONEO-PWY	61	53	0.014047535116049	0.0145100527001967	0.00169307471453002	0.00208662405039635	-0.245232836864495	-0.618684030025738	0.128218356296747
GLUCOSE1PMETAB-PWY	61	53	0.00454685553768666	0.00475986577805931	0.00319966936452199	0.00313508234003847	-0.0671989198359215	-0.439365599349598	0.304967759677755
GLUCUROCAT-PWY	61	53	0.00790366357171821	0.00801481750634188	0.00188771943566095	0.002332149204259	-0.0527856777100307	-0.424912349839546	0.319340994419484
GLUDEG-I-PWY	61	53	0.00472646161662306	0.0045118683234276	0.0019067942328589	0.00205630564434911	0.10851107797984	-0.263823484272278	0.480845640231957
GLUTORN-PWY	61	53	0.0199131145272535	0.0176349464618728	0.00246563737258315	0.00307557006852233	0.82375181825938	0.436306030006387	1.21119760651237
GLYCOCAT-PWY	61	53	0.00596114497486544	0.00603507532675769	0.00406639138489695	0.00346412655281546	-0.0194622083683991	-0.391533176780329	0.352608760043531
GLYCOGENSYNTH-PWY	61	53	0.0184583866932849	0.0164459052467681	0.00307636273426522	0.00297300921031031	0.664444977873456	0.282303562749654	1.04658639299726
GLYCOL-GLYOXDEG-PWY	61	53	0.000868243136071469	0.00146467739598632	0.00119551404332845	0.00155140848922392	-0.434630856499366	-0.811038800371252	-0.0582229126274801
GLYCOLYSIS-E-D	61	53	0.00925221488862911	0.0104244818593047	0.00188975410682212	0.00246409306297846	-0.538886123706546	-0.917608352510034	-0.160163894903059
GLYCOLYSIS-TCA-GLYOX-BYPASS	61	53	0.00354401833166789	0.00512866966822856	0.00397714053376579	0.00439857921679066	-0.37927572747861	-0.754651774063385	-0.00389968089383547
GLYCOLYSIS	61	53	0.0148273570386831	0.0151714116641072	0.00256112636970809	0.00242053410750277	-0.13779623970117	-0.51029755027483	0.23470507087249
GLYOXYLATE-BYPASS	61	53	0.0026706484365936	0.00371781070447322	0.00285196098419678	0.00325609827003382	-0.343752148603805	-0.718538654901812	0.0310343576942028
GOLPDLCAT-PWY	61	53	0.00499626849526374	0.00475831546956971	0.00170396296965485	0.00196056749208267	0.13020066136372	-0.242253599455453	0.502654922182893
HCAMHPDEG-PWY	61	53	0.000790721980316137	0.00141713418845617	0.00141704368758128	0.00242777884007586	-0.320825040886421	-0.69526137567528	0.0536112939024373
HEME-BIOSYNTHESIS-II	61	53	0.00274906220974309	0.0037539432156626	0.00194489667002377	0.00256203692060702	-0.44610772772223	-0.822746795866214	-0.0694686595782455
HEMESYN2-PWY	61	53	0.00408109054388691	0.00453778185027229	0.00192557401387489	0.00233755982730704	-0.214731533497671	-0.587859159795122	0.158396092799781
HEXITOLDEGSUPER-PWY	61	53	0.0106936190610458	0.0105621927025142	0.00244520790477202	0.00306378828506808	0.047795465270213	-0.324319594547272	0.419910525087698
HISDEG-PWY	61	53	0.00905620283145421	0.0120035717325734	0.00268994862214093	0.0035506955561696	-0.944893390636086	-1.33707119343331	-0.55271558783886
HISTSYN-PWY	61	53	0.0197658825248546	0.0187261504303619	0.00164480327377643	0.00231406450879365	0.524108143495564	0.145743185244454	0.902473101746674
HOMOSER-METSYN-PWY	61	53	0.00836568678055885	0.00769720479659599	0.00266528676790569	0.00318302889393985	0.229158418419773	-0.144116938875022	0.602433775714568
HSERMETANA-PWY	61	53	0.0171507866067059	0.0155421878365523	0.00210497487767261	0.00266099038009225	0.676069640519256	0.293577315536885	1.05856196550163
ILEUDEG-PWY	61	53	0	0	0	0	NA	NA	NA
ILEUSYN-PWY	61	53	0.0237640683495425	0.0225948261656508	0.00227948709508114	0.00283713198439755	0.457882923427406	0.0810006160584152	0.834765230796398
KDO-NAGLIPASYN-PWY	61	53	0.00096623275278636	0.00148834121129705	0.00132394359689121	0.00185394235699798	-0.327935077158691	-0.702477455336989	0.0466073010196061
KETOGLUCONMET-PWY	61	53	0.00232856952185413	0.00284221848385349	0.00287353645416245	0.00263657961844815	-0.185697884244	-0.558557165539489	0.187161397051489
LACTOSECAT-PWY	61	53	0.00716667275383779	0.00573670405725474	0.00291812375471853	0.00230732078024237	0.539185728443281	0.160456157232109	0.917915299654454
LEU-DEG2-PWY	61	53	0	0	0	0	NA	NA	NA
LIPASYN-PWY	61	53	0.000126071853659035	0.000100079439471234	0.00039646723089106	0.000369520560157759	0.067654858016551	-0.304513243818972	0.439822959852074
LPSSYN-PWY	61	53	0.000984005767379244	0.00136530377829876	0.00150367717331708	0.00200129945246938	-0.217588820950444	-0.590744947765355	0.155567305864467
LYSINE-AMINOAD-PWY	61	53	0	0	0	0	NA	NA	NA
LYSINE-DEG1-PWY	61	53	1.30288054689092e-05	0	0.000101758223690999	0	0.174931680653262	-0.197837940732647	0.547701302039171
MET-SAM-PWY	61	53	0.0114159555329801	0.0103845563846297	0.003094441592764	0.00358809460415203	0.309474500802831	-0.0647973028566586	0.68374630446232
METH-ACETATE-PWY	61	53	0.00816784381527393	0.00666660710766744	0.00269927982992034	0.00272131926929673	0.554057010544657	0.174958044197274	0.933155976892039
METHANOGENESIS-PWY	61	53	0.00138974541761476	0.00196723360333199	0.0022579625191018	0.00253204838070956	-0.24171481568783	-0.615126514318272	0.131696882942612
METHGLYUT-PWY	61	53	0.00334725947176298	0.00414503465823941	0.00228345709427179	0.00237359284421604	-0.34301989086103	-0.717794844912623	0.0317550631905642
METHYLGALLATE-DEGRADATION-PWY	61	53	0	0	0	0	NA	NA	NA
METSYN-PWY	61	53	0.0108728964385604	0.00998130545024981	0.00304283524110531	0.00355699366325631	0.270872281003633	-0.102883843993933	0.644628406001198
NAD-BIOSYNTHESIS-II	61	53	0.00520759589284346	0.00589347387797503	0.00210235578827287	0.00209951355415607	-0.326447414711085	-0.700967415202077	0.0480725857799072
NADSYN-PWY	61	53	0	0	0	0	NA	NA	NA
NAGLIPASYN-PWY	61	53	0.00620395317402026	0.00796398173355162	0.00244338692145627	0.00349352521077636	-0.591134204320453	-0.971196219038383	-0.211072189602522
NONMEVIPP-PWY	61	53	0.00891572381304889	0.00618811652443635	0.00552831334067087	0.00447159228725877	0.538501117331985	0.159788318089567	0.917213916574403
NONOXIPENT-PWY	61	53	0.0175708703800978	0.0164340488881506	0.00257000518546752	0.00309884724553594	0.40200695935532	0.0262238172692699	0.77779010144137
OANTIGEN-PWY	61	53	0.01608803201072	0.0152885631418207	0.00273091954140382	0.00235693926427419	0.311795803155833	-0.0625091726116262	0.686100778923293
ORNARGDEG-PWY	61	53	0.00120066695580214	0.0021473243112674	0.0018209268603338	0.00283867981699982	-0.40301284476585	-0.778814538144673	-0.0272111513870266
ORNDEG-PWY	61	53	0.00200400067933575	0.00323655882931153	0.00304498551151273	0.00378551482099543	-0.361574047060307	-0.736649195638933	0.0135011015183181
P101-PWY	61	53	2.33137801575295e-05	0	0.000182086443919504	0	0.174931680653262	-0.197837940732647	0.547701302039171
P105-PWY	61	53	0.00287674865436439	0.00411746196866999	0.0031096566679564	0.00326273788789879	-0.3899595490854	-0.765524037532298	-0.0143950606385031
P108-PWY	61	53	0.00472538511409064	0.00571352874011913	0.00159175847316981	0.00201259296582228	-0.54914327811524	-0.928119118136324	-0.170167438094156
P122-PWY	61	53	0.00167343045388493	0.00209458015764175	0.00186072353118644	0.00208812765110622	-0.213828036611161	-0.586946728768254	0.159290655545933
P124-PWY	61	53	0.00427572086004297	0.0027428672395102	0.00382937251233976	0.00213984712042173	0.485174926240168	0.107705133911185	0.862644718569152
P125-PWY	61	53	0.00245857057737771	0.00150952347558909	0.00220208396279763	0.00143523675138758	0.503407323651715	0.125526660590275	0.881287986713156
P161-PWY	61	53	0.00317340028883048	0.00476123205675233	0.00256370349397149	0.00362937452094065	-0.511492115763174	-0.889559673502876	-0.133424558023473
P162-PWY	61	53	0.00138421710150112	0.00294787893869296	0.00159728978456099	0.00221932389224443	-0.818057083240568	-1.20529506037182	-0.430819106109312
P163-PWY	61	53	0.00014105311052548	0.00111366053063796	0.000404949695852302	0.00143628455901766	-0.951149057378626	-1.34358715268596	-0.558710962071294
P164-PWY	61	53	0.008048129134919	0.00846528888684344	0.00195261945308763	0.00260298658885966	-0.18314252072196	-0.555980038653902	0.189694997209981
P165-PWY	61	53	1.25285579948773e-05	2.00132435232951e-05	9.7851166019068e-05	0.00014569861209052	-0.0611422068567851	-0.433290904164629	0.311006490451058
P185-PWY	61	53	0.00464797499920768	0.00405084247986664	0.00236513890844648	0.00239103966228978	0.251191604254641	-0.12232777616187	0.624710984671152
P221-PWY	61	53	0.000612668169561022	0.00120537734534776	0.000838878029356517	0.00160792854331909	-0.471926881143853	-0.849107364892924	-0.0947463973947815
P23-PWY	61	53	0.00156646000955661	0.00237568468231998	0.0015397531361147	0.00191533283851072	-0.469297174413772	-0.846421157860604	-0.0921731909669397
P241-PWY	61	53	6.00988788278189e-05	0.000151744799596075	0.000234141418143994	0.000452160414996829	-0.259951237063906	-0.633573803813463	0.11367132968565
P261-PWY	61	53	0.000104483787023557	0.000136096847768658	0.000443196853088229	0.000697170162063233	-0.054957118731431	-0.427089203504686	0.317174966041824
P4-PWY	61	53	0.00789536813147182	0.00698486384714457	0.00343179512050034	0.00329373707976765	0.270307607177142	-0.103441478638382	0.644056692992665
P42-PWY	61	53	0.00467313406570173	0.00600559245573622	0.00250464795589019	0.00245768678811611	-0.536642178717597	-0.915309540443104	-0.15797481699209
P441-PWY	61	53	0.00813353964483158	0.00928993238247984	0.00283025184684882	0.00288126682322703	-0.405175951063146	-0.781017691990239	-0.0293342101360536
P461-PWY	61	53	0.00745894721192904	0.00728880381951029	0.00344844736008649	0.00382754649055912	0.0468793938413953	-0.325233659402697	0.418992447085488
P562-PWY	61	53	0.000446991949965435	0.000415047700230795	0.00092896902080096	0.000822533561697953	0.0362527897868859	-0.33583982407197	0.408345403645742
P621-PWY	61	53	0.00272694546261033	0.00165001958649391	0.00263622672898667	0.00184147455450391	0.467899059212267	0.0908049897099354	0.844993128714598
PANTO-PWY	61	53	0.0183012082433991	0.0181279643716962	0.00183684955990977	0.0023290341108629	0.0832943649910401	-0.288928344062433	0.455517074044514
PANTOSYN-PWY	61	53	0.0188758745514322	0.0185006908660481	0.001771585819485	0.00231793082322922	0.183599198153485	-0.189242187143118	0.556440583450087
PENTOSE-P-PWY	61	53	0.0108213962155065	0.0116454727943374	0.00233593069125263	0.00290083797468805	-0.31532267596268	-0.689678520519825	0.059033168594464
PEPTIDOGLYCANSYN-PWY	61	53	0.0231062166697766	0.0220214528691145	0.00186138531897172	0.00262624704669961	0.482313637004886	0.104906988203955	0.859720285805817
PHOSLIPSYN-PWY	61	53	0.0123763367906665	0.0131607583618554	0.00315323684979304	0.00302713585836958	-0.253421072523533	-0.626966382691654	0.120124237644588
PHOTOALL-PWY	61	53	9.11785865459296e-05	1.72542354261651e-05	0.000329356963790222	0.000125612729957999	0.288983349776605	-0.0850062625402482	0.662972962093459
POLYAMINSYN3-PWY	61	53	0.00401273421852093	0.00412539209299114	0.00226688888499265	0.00199693469461088	-0.0525020428230525	-0.424628024054315	0.31962393840821
POLYAMSYN-PWY	61	53	0.00644151614998164	0.00705810175626505	0.00249390643762291	0.0027914103413806	-0.233890758918539	-0.60721665345136	0.139435135614283
POLYISOPRENSYN-PWY	61	53	0.00765777078713564	0.00784942698504299	0.00211712936199751	0.00217401391612043	-0.0894032349443592	-0.461650344412157	0.282843874523439
PPGPPMET-PWY	61	53	0.00609528353993399	0.00590141051637666	0.00200673308347721	0.0020731972746517	0.0951355456266133	-0.277136028484078	0.467407119737305
PROPFERM-PWY	61	53	0.000814036378560508	0.00124064282985924	0.00112286437617138	0.0012797759973964	-0.356017378151069	-0.73100099038043	0.0189662340782921
PROTOCATECHUATE-ORTHO-CLEAVAGE-PWY	61	53	0.000353690917736719	0.00041106775245753	0.000552753246281745	0.0008186340539786	-0.0832662622298694	-0.455488863018947	0.288956338559208
PRPP-PWY	61	53	0.0109605371899253	0.0106901426309624	0.00269443278267669	0.0028153334233914	0.0982814775887802	-0.274004168108137	0.470567123285697
PWY-101	61	53	0.000218630351050669	0.000230041412310361	0.000474302558584656	0.000522055947125859	-0.022957818710089	-0.395032218221332	0.349116580801154
PWY-1042	61	53	0.0249207562626538	0.0235442894079969	0.00195487000373656	0.00267169214946668	0.594471917701005	0.214320273494319	0.974623561907691
PWY-1269	61	53	0.00823273679811798	0.00967826913737865	0.00304866046016163	0.00344012639486419	-0.446661113130388	-0.82331147408302	-0.0700107521777564
PWY-1361	61	53	7.08653752783494e-05	0	0.000321534375847683	0	0.301120322235775	-0.0730341255113425	0.675274769982892
PWY-1501	61	53	0	0	0	0	NA	NA	NA
PWY-1541	61	53	0	1.39261907317745e-05	0	0.000101384198866398	-0.201590194891375	-0.574591565231268	0.171411175448518
PWY-1622	61	53	2.35335753829532e-05	0	0.000183803099507635	0	0.174931680653262	-0.197837940732647	0.547701302039171
PWY-181	61	53	0.000138155602307608	0	0.000626114980564153	0	0.301472562033676	-0.0726867697150074	0.675631893782359
PWY-1861	61	53	0.00983607094310706	0.0076189457636991	0.00380045924124355	0.00373973711167706	0.587724527975755	0.207753575765477	0.967695480186033
PWY-2201	61	53	0	2.922665884433e-05	0	0.000212773288083235	-0.201590194891375	-0.574591565231268	0.171411175448518
PWY-2221	61	53	1.08610502248615e-05	2.03101317451236e-05	8.48275139987301e-05	0.000147859990970264	-0.0798441305838825	-0.45205382065905	0.292365559491285
PWY-241	61	53	0.00742435814790459	0.00698835634475814	0.00330615951673077	0.00278129048738124	0.14185207623206	-0.230675447338999	0.514379599803118
PWY-2723	61	53	0.00441449053197244	0.00445207809065456	0.00320180525800519	0.00274506675211821	-0.0125358179665015	-0.384601658065885	0.359530022132882
PWY-2941	61	53	0.0109650610800236	0.0114805541512245	0.00305387552633514	0.00259726312859298	-0.1808121960218	-0.553630128992869	0.192005736949269
PWY-2942	61	53	0.0205185681183437	0.0196890335648189	0.00159276467379813	0.00234049758828038	0.419923180573397	0.0438028161557008	0.796043544991093
PWY-3001	61	53	0.018761810670266	0.0183773271281349	0.00170483122605865	0.00237226600278379	0.188285512566356	-0.184596112854844	0.561167137987556
PWY-3502	61	53	0	0	0	0	NA	NA	NA
PWY-3781	61	53	0.00174708291457722	0.0019717028482654	0.00170912899100087	0.00194491738510457	-0.123255007532472	-0.495668574102288	0.249158559037344
PWY-3801	61	53	0.000291843985449578	0.000736707769418779	0.00114599714202639	0.00194192933476779	-0.283956926216742	-0.65788023838348	0.0899663859499962
PWY-3841	61	53	0.0215838703741899	0.020925777072417	0.00181558336163212	0.00259286804336011	0.297683049268219	-0.0764240351787481	0.671790133715186
PWY-4041	61	53	0.00848707725711113	0.00802602354480895	0.00316056354200773	0.00260303738625949	0.15816574765328	-0.214474870448541	0.5308063657551
PWY-4242	61	53	0.0205541466635255	0.0196798253221622	0.00194504782332551	0.00272682308703555	0.373527475786466	-0.00174931058116173	0.748804262154094
PWY-4321	61	53	0.000250622246639242	0.000450994063001689	0.000756507282439437	0.000948176905242648	-0.235486866096228	-0.608830037034575	0.137856304842119
PWY-4361	61	53	0	2.2757976752244e-05	0	0.000165680571614028	-0.201590194891375	-0.574591565231268	0.171411175448518
PWY-4702	61	53	0.00170410478138902	0.00265651987664771	0.00247130132947618	0.00324237159265604	-0.333559009909961	-0.708186891347882	0.0410688715279594
PWY-4722	61	53	0.000518324105308075	0.000423223335889999	0.000781528085435946	0.000802111644064261	0.120205534180735	-0.252190868920476	0.492601937281945
PWY-4981	61	53	0.00965423361049869	0.0108109696013188	0.00253603650327433	0.00275782046500436	-0.437937843065667	-0.814411780615005	-0.0614639055163304
PWY-4984	61	53	0.0091718561810237	0.0105195799201097	0.00299787240476033	0.00300639862697529	-0.448966775065059	-0.825664334144092	-0.0722692159860259
PWY-5004	61	53	0.00109987737202917	0.00134320684397542	0.00121401119443871	0.00135105142952741	-0.190180830303233	-0.563079017076211	0.182717356469744
PWY-5005	61	53	0.00377676438283132	0.00392855301512079	0.00230147818611107	0.0021946604546529	-0.0673863129965068	-0.439553575929007	0.304780949935994
PWY-5022	61	53	0.00458422318193219	0.00457003432298792	0.00188165743382298	0.00200307793296769	0.00731770339171265	-0.364745739531911	0.379381146315336
PWY-5028	61	53	3.32353044693372e-05	0.00010357234105232	0.000182130594876117	0.000623593724906371	-0.157944406233087	-0.530583407822628	0.214694595356455
PWY-5030	61	53	0.00798033569836447	0.00975491241938246	0.00279847071241443	0.00370005437289645	-0.546303705669854	-0.925208874825935	-0.167398536513773
PWY-5044	61	53	0	0	0	0	NA	NA	NA
PWY-5055	61	53	0	0	0	0	NA	NA	NA
PWY-5067	61	53	0	0	0	0	NA	NA	NA
PWY-5079	61	53	0	0	0	0	NA	NA	NA
PWY-5080	61	53	0	1.36181986397759e-05	0	9.91419825916188e-05	-0.201590194891375	-0.574591565231268	0.171411175448518
PWY-5083	61	53	0.00407198808256346	0.00526384505204879	0.00315332668586816	0.0035016524009096	-0.359036550116394	-0.734069724797041	0.015996624564254
PWY-5088	61	53	0.00057990847671489	0.00146090639393447	0.00114118741615553	0.00156326719688205	-0.650845513468816	-1.03258373310037	-0.269107293837258
PWY-5097	61	53	0.0215665290626143	0.0202703427269488	0.00177601052218458	0.00247942686315131	0.608063896036764	0.227542270633684	0.988585521439844
PWY-5100	61	53	0.0164708513244437	0.0145811997310779	0.00264050560762391	0.00311516490070797	0.658263752783369	0.276306578750195	1.04022092681654
PWY-5101	61	53	0.00210286354152106	0.00272224804712568	0.00296571343401794	0.00332068685520123	-0.197537784450392	-0.570501820833049	0.175426251932264
PWY-5103	61	53	0.0204319291788526	0.0195266480347741	0.00186578746005362	0.00259847276842134	0.404862375403498	0.0290264530077997	0.780698297799197
PWY-5104	61	53	0.0118398136940585	0.0111444654687031	0.003368796250204	0.00350034504720103	0.202695889863933	-0.170315797983945	0.57570757771181
PWY-5109	61	53	0	0	0	0	NA	NA	NA
PWY-5121	61	53	0.0059367225678308	0.00453597085456286	0.00325796601187493	0.00317359412416977	0.43514195727971	0.058723845892256	0.811560068667164
PWY-5129	61	53	0	0	0	0	NA	NA	NA
PWY-5136	61	53	0.00451423004039779	0.00614162726678722	0.00324188945743109	0.003398978583741	-0.490808274001267	-0.868403444435051	-0.113213103567483
PWY-5138	61	53	0.00194887386939885	0.00340952789403303	0.00189978310030165	0.00266350039712451	-0.638868084034396	-1.02025776040928	-0.257478407659515
PWY-5154	61	53	0.0131410561352492	0.0140324036207213	0.00265605729046293	0.00295232658547427	-0.318621091597971	-0.693025021277642	0.0557828380816996
PWY-5156	61	53	3.35121707386715e-05	0	0.000261738420650637	0	0.174931680653262	-0.197837940732647	0.547701302039171
PWY-5173	61	53	0.00273405182059384	0.00353278272357324	0.00238102786935436	0.00295801715871484	-0.299767672176566	-0.673903417148896	0.0743680727957633
PWY-5177	61	53	0.00935333619797085	0.00939895921564404	0.00243924639322545	0.00330123074198568	-0.0158864936417527	-0.387954537366811	0.356181550083305
PWY-5178	61	53	1.73369559026939e-05	2.18084228931926e-05	0.000135405954220223	0.000158767715174343	-0.0304770576501078	-0.40256075389949	0.341606638599274
PWY-5180	61	53	0.000821285394726984	0.00067054392910213	0.0017018943328563	0.00150998480394256	0.0933019213762129	-0.278961661948365	0.46556550470079
PWY-5181	61	53	5.35172779980636e-05	0.00014628645469819	0.000204649179819875	0.000603884539770925	-0.211853399943755	-0.584952696496814	0.161245896609304
PWY-5182	61	53	0.000862021910561577	0.00067054392910213	0.00169167165598633	0.00150998480394256	0.118940093822436	-0.253449312955831	0.491329500600703
PWY-5183	61	53	0	0	0	0	NA	NA	NA
PWY-5188	61	53	0.0130482905509335	0.0115333303361316	0.00237472668161187	0.00212919803448996	0.66913872815819	0.286856318213058	1.05142113810332
PWY-5189	61	53	0.00282215986984297	0.00409616640775276	0.00225061143304862	0.0027460939505811	-0.511046986891151	-0.88910417962982	-0.132989794152482
PWY-5198	61	53	0.00131723459831264	0.00170836888054609	0.0020446079806107	0.00238020521239249	-0.17724231432784	-0.550030729056794	0.195546100401114
PWY-5265	61	53	0.00312825124295122	0.00352358168027112	0.00361324624476996	0.00312997003485052	-0.116361680172727	-0.488737060242448	0.256013699896995
PWY-5304	61	53	0	0	0	0	NA	NA	NA
PWY-5306	61	53	0	0	0	0	NA	NA	NA
PWY-5345	61	53	0.0067772915144239	0.00757264830857565	0.00403533468164557	0.00380014414516575	-0.20248953821844	-0.575499296287403	0.170520219850522
PWY-5347	61	53	0.0111599390503405	0.0102170357417297	0.00296357147586223	0.00337419503795751	0.29830602904438	-0.0758095997417016	0.672421657830461
PWY-5367	61	53	0.00384361558710465	0.00362559185261382	0.00252131767173193	0.00246507246793376	0.0873716032876927	-0.284867199909987	0.459610406485373
PWY-5381	61	53	0	0	0	0	NA	NA	NA
PWY-5384	61	53	0.00616108323070244	0.00537037480512386	0.00315655737948563	0.00250787534008143	0.275158032098744	-0.0986519931990843	0.648968057396573
PWY-5392	61	53	0.0006996389664299	0.00122118982682894	0.000964489730880178	0.00127321579340813	-0.466305272960119	-0.843365347939908	-0.0892451979803298
PWY-5415	61	53	0.000484369789740224	0.000340865685414318	0.00100179422550852	0.000715967087544547	0.162942929342569	-0.209733127646507	0.535618986331644
PWY-5417	61	53	7.5139381207696e-05	0.000171266193066888	0.0002653431391581	0.000615783902421602	-0.207907766780037	-0.58096884393027	0.165153310370196
PWY-5419	61	53	0	0	0	0	NA	NA	NA
PWY-5420	61	53	0	0	0	0	NA	NA	NA
PWY-5430	61	53	0	0	0	0	NA	NA	NA
PWY-5431	61	53	7.5139381207696e-05	0.000171266193066888	0.0002653431391581	0.000615783902421602	-0.207907766780037	-0.58096884393027	0.165153310370196
PWY-5464	61	53	0.00295857393569541	0.00376910725031805	0.00196647598751067	0.00189643876899605	-0.419037462615308	-0.795140817706057	-0.0429341075245594
PWY-5484	61	53	0.014068239872613	0.0145083830718208	0.00239489261573646	0.00236516094842864	-0.18484598181747	-0.557697974315379	0.188006010680438
PWY-5505	61	53	0.00808479274596895	0.00747594645631778	0.00187425080120537	0.00238865966783063	0.286031315384492	-0.0879192190875966	0.659981849856581
PWY-5509	61	53	0.000142789032020859	0.000202477933700038	0.000552087195876784	0.000728873993635975	-0.0932251071874739	-0.46548835915213	0.279038144777182
PWY-5514	61	53	1.46016388812779e-05	0.000170750132030598	0.000114042445340207	0.000495398202481687	-0.449058605620652	-0.825758049429278	-0.0723591618120265
PWY-5531	61	53	1.31373687489125e-05	2.93939793111916e-05	0.00010260613001346	0.000213991399468713	-0.0991169606172488	-0.471406420219838	0.273172498985341
PWY-5532	61	53	4.17007829942339e-05	1.98547294936317e-05	0.000186153310543393	0.000144544612535577	0.129942777158883	-0.242509932942764	0.50239548726053
PWY-5534	61	53	8.61963328995908e-06	3.23513672762254e-05	6.73214881093372e-05	0.000235521508839395	-0.141365391279319	-0.513889729343372	0.231158946784734
PWY-561	61	53	0.00255065279022122	0.00373487580733386	0.00300928653118597	0.00344418836901246	-0.36794002975694	-0.74312176092285	0.00724170140897035
PWY-5647	61	53	0	0	0	0	NA	NA	NA
PWY-5651	61	53	0	0	0	0	NA	NA	NA
PWY-5654	61	53	1.32769581965344e-05	2.99635383074678e-05	0.000103696358451509	0.000124856496040412	-0.146360458278711	-0.518918009740504	0.226197093183082
PWY-5656	61	53	0.00151835704434037	0.00209838239462035	0.00210963835142545	0.00227405196657981	-0.265153164339073	-0.63883866828272	0.108532339604575
PWY-5659	61	53	0.0113255786175255	0.0111671590575797	0.00182971040306403	0.00224293155508484	0.0779608390579914	-0.294241976824791	0.450163654940774
PWY-5667	61	53	0.021421763268466	0.0203088009910584	0.00182848131206165	0.00230119673300292	0.539884736421982	0.16113801932169	0.918631453522274
PWY-5675	61	53	0.00223894003999329	0.00357795093221758	0.0028150895986745	0.00370879341018903	-0.410660142924479	-0.786604358977555	-0.0347159268714035
PWY-5676	61	53	0.00752066860793839	0.00766520095660108	0.00249974633935143	0.00288724223798504	-0.0537972004197655	-0.425926366787591	0.31833196594806
PWY-5677	61	53	0.000462066525611182	0.00111676967548961	0.000900101266422821	0.00143500424053463	-0.555291864507946	-0.934421939453945	-0.176161789561947
PWY-5686	61	53	0.0234127731418629	0.0227628071624966	0.0019324975848252	0.00283086356382032	0.271732657149304	-0.10203422121991	0.645499535518519
PWY-5690	61	53	0.00678581699814996	0.00703352510669943	0.00160114350718453	0.0017018018681782	-0.150249766478965	-0.522833975273227	0.222334442315297
PWY-5692	61	53	0.000584200460102921	0.000705174973377837	0.000960093437064256	0.00114731342760851	-0.115085356844489	-0.487453907200885	0.257283193511907
PWY-5695	61	53	0.0199943602204722	0.0202561520337623	0.00158241601257362	0.00264598511212769	-0.122167013064913	-0.494574406788773	0.250240380658947
PWY-5705	61	53	0.00082809862894497	0.00110934638258835	0.00122368420022611	0.00150470023389504	-0.206588822065455	-0.579637282623202	0.166459638492292
PWY-5723	61	53	0.00294027096342344	0.00444503701721839	0.00340736352250699	0.00430288287775425	-0.390935792108124	-0.76651775579986	-0.0153538284163885
PWY-5724	61	53	0	1.71761044041366e-05	0	0.000125043927531869	-0.201590194891375	-0.574591565231268	0.171411175448518
PWY-5747	61	53	0.00135433078136609	0.00211504300834955	0.0017623570359032	0.00248054588986486	-0.357782166187165	-0.732794698990026	0.0172303666156964
PWY-5751	61	53	4.55027178568563e-05	0.000175624725595077	0.000250648337620283	0.00082768585557171	-0.219407444280546	-0.592581906325207	0.153767017764114
PWY-5754	61	53	0.00011861352209885	4.44450499324864e-05	0.000321905514822217	0.000197444693609273	0.273365754302776	-0.10042162819573	0.647153136801282
PWY-5757	61	53	0	0	0	0	NA	NA	NA
PWY-5791	61	53	0.00288283531013992	0.00376190611319286	0.00198242255414988	0.0026395855742677	-0.380403071134834	-0.755798759259454	-0.00500738301021481
PWY-5837	61	53	0.00288283531013992	0.00376190611319286	0.00198242255414988	0.0026395855742677	-0.380403071134834	-0.755798759259454	-0.00500738301021481
PWY-5838	61	53	0.00461533981597771	0.00582500281076919	0.0028424358035352	0.0035401679555551	-0.379746805630689	-0.755131052774338	-0.00436255848704065
PWY-5840	61	53	0.00407675082533663	0.00522859725462975	0.00259616330275101	0.00303427231333222	-0.410189386491041	-0.786124753249783	-0.0342540197323001
PWY-5845	61	53	0.00346183642529893	0.00496915244143876	0.00277099303208241	0.00313540439822685	-0.511683846798641	-0.889755871763968	-0.133611821833314
PWY-5850	61	53	0.00256452239837882	0.00411570620653708	0.00286655933002518	0.00328746438550376	-0.505408817498427	-0.883335479973897	-0.127482155022957
PWY-5855	61	53	0.000698443545951899	0.00132959282581032	0.00101966006502753	0.00164928201576961	-0.46785134409244	-0.844944394219614	-0.0907582939652655
PWY-5856	61	53	0.000698443545951899	0.00132959282581032	0.00101966006502753	0.00164928201576961	-0.46785134409244	-0.844944394219614	-0.0907582939652655
PWY-5857	61	53	0.000698443545951899	0.00132959282581032	0.00101966006502753	0.00164928201576961	-0.46785134409244	-0.844944394219614	-0.0907582939652655
PWY-5860	61	53	0.00217423195277098	0.00350163048657994	0.00246522166074645	0.00290203206851823	-0.495870532179353	-0.87357956893736	-0.118161495421345
PWY-5861	61	53	0.00394620074523851	0.00502844687717085	0.00251492971691021	0.00322623864970549	-0.377456122933246	-0.752800587646723	-0.00211165821976855
PWY-5862	61	53	0.00292807561276964	0.00423313170556719	0.00238055300661228	0.00279086736429002	-0.505995194649113	-0.883935367068164	-0.128055022230062
PWY-5863	61	53	0.00288303973631303	0.00365760663269386	0.00183383993294018	0.00233883975707401	-0.371747782498907	-0.746994139361229	0.00349857436341477
PWY-5870	61	53	0	2.77132191406606e-05	0	0.000201755280729722	-0.201590194891375	-0.574591565231268	0.171411175448518
PWY-5871	61	53	0	2.50285100811554e-05	0	0.000182210303755777	-0.201590194891375	-0.574591565231268	0.171411175448518
PWY-5872	61	53	0	0	0	0	NA	NA	NA
PWY-5873	61	53	0	2.50285100811554e-05	0	0.000182210303755777	-0.201590194891375	-0.574591565231268	0.171411175448518
PWY-5896	61	53	0.00256452239837882	0.00411570620653708	0.00286655933002518	0.00328746438550376	-0.505408817498427	-0.883335479973897	-0.127482155022957
PWY-5897	61	53	0.00443806810930087	0.00565212857605296	0.00277065629869875	0.00351576707558383	-0.386806529472925	-0.762314870217695	-0.0112981887281551
PWY-5898	61	53	0.00443806810930087	0.00565212857605296	0.00277065629869875	0.00351576707558383	-0.386806529472925	-0.762314870217695	-0.0112981887281551
PWY-5899	61	53	0.00443806810930087	0.00565212857605296	0.00277065629869875	0.00351576707558383	-0.386806529472925	-0.762314870217695	-0.0112981887281551
PWY-5910	61	53	0.00166911498319617	0.00133504548905376	0.00166002356754325	0.00153002781894882	0.208665414725788	-0.164402945950814	0.581733775402389
PWY-5913	61	53	0.00752626204070494	0.00685666740981005	0.0038387498553078	0.00327436749363713	0.186632370170461	-0.186234944879867	0.559499685220788
PWY-5918	61	53	0.00293956163427572	0.00427234821320769	0.00246682152251558	0.00287720455359774	-0.500065032686071	-0.877869275923213	-0.122260789448929
PWY-5920	61	53	0.00168683477099999	0.00264712133942582	0.00205377685524548	0.00249253083604853	-0.423394799843635	-0.799582172011594	-0.0472074276756771
PWY-5941	61	53	0.00520776670205906	0.00572595361677012	0.00283845178564279	0.00337610745934413	-0.167173394566585	-0.539881712119968	0.205534922986797
PWY-5971	61	53	0.00759523360247125	0.00883239404280752	0.0038918428120668	0.00410162295038973	-0.310017689662242	-0.684297233700412	0.0642618543759286
PWY-5973	61	53	0.0155679991200301	0.0165361775683244	0.00237460745075918	0.00320859516246609	-0.34664961688205	-0.721482072293287	0.0281828385291871
PWY-5989	61	53	0.00818372289909486	0.00893510038254893	0.00264170733735223	0.00324107881760454	-0.255984381740357	-0.629559785285571	0.117591021804857
PWY-5994	61	53	0.00268104648082733	0.00179293173716153	0.00287446604395708	0.00277348168330029	0.314040190146868	-0.0602970914620098	0.688377471755747
PWY-6071	61	53	0.000199306631498813	0.00046826151376208	0.000560030820741363	0.00132215217143544	-0.271736758100029	-0.645503687805706	0.102030171605647
PWY-6107	61	53	8.69360658449863e-06	0	6.78992380090403e-05	0	0.174931680653262	-0.197837940732647	0.547701302039171
PWY-6113	61	53	0.00666029182924358	0.00742381066382865	0.00350039833238568	0.00376888968395748	-0.210479145279726	-0.583565049005971	0.162606758446518
PWY-6121	61	53	0.0215606889762976	0.020893234380378	0.00189362899996526	0.00246088526472257	0.30680921358304	-0.067424804448816	0.681043231614896
PWY-6122	61	53	0.021832424897904	0.0211329208533565	0.00199015568815646	0.00254276178192668	0.309027873548902	-0.0652375757729447	0.683293322870748
PWY-6123	61	53	0.0184567673227325	0.0186737949944033	0.00202051231111511	0.00247176867815051	-0.0968289346613634	-0.469108026393955	0.275450157071228
PWY-6124	61	53	0.0179321418373776	0.0181964759188824	0.00206604554473231	0.00257149374480698	-0.114208534316641	-0.486572436299506	0.258155367666223
PWY-6125	61	53	0.0146540707293771	0.0153422975723526	0.00229357380561222	0.00230974212766547	-0.29908671577897	-0.673213076839801	0.0750396452818604
PWY-6126	61	53	0.0189303412364429	0.018942787496693	0.00137531583990614	0.00235390318603254	-0.00657269194499548	-0.378635895411469	0.365490511521478
PWY-6138	61	53	7.75493310611949e-05	9.73054758190866e-05	0.000302593672664877	0.000407408929373892	-0.055631326594997	-0.42776513630257	0.316502483112576
PWY-6143	61	53	0.0017145509676753	0.00129720881801351	0.00186586891436734	0.00171225397753592	0.232349555398676	-0.14095976776245	0.605658878559802
PWY-6145	61	53	2.37664943117329e-05	6.67633424517166e-05	0.000185622254495649	0.000343242243845053	-0.158966208864652	-0.531612691774603	0.213680274045299
PWY-6147	61	53	0.0115000832949994	0.0128256102212756	0.00277325103898507	0.00295210936822705	-0.463846422925907	-0.840854273624604	-0.0868385722272104
PWY-6148	61	53	4.58611650402646e-05	8.48284423664818e-05	0.000276155058418372	0.000453771703618308	-0.105488579164183	-0.477808185201056	0.266831026872691
PWY-6151	61	53	0.0218610595836736	0.0195445126575981	0.00222306439551914	0.0027525155284454	0.932977564332606	0.541291287268624	1.32466384139659
PWY-6163	61	53	0.0226025121337477	0.0211655338564741	0.00216291864394834	0.00238504672728827	0.6333772405049	0.252145288182845	1.01460919282696
PWY-6165	61	53	0.00103564471828082	0.00143484329154901	0.00187578204049399	0.00223013320467229	-0.194926750859896	-0.567867132032291	0.178013630312499
PWY-6167	61	53	0.00189298757146563	0.00253503120153154	0.00301124434247656	0.00362707572066058	-0.19388655833838	-0.566817602927082	0.179044486250322
PWY-6168	61	53	0.0173784527771154	0.0170209940771488	0.00186290409036076	0.00204919754860954	0.183160904709339	-0.189676768721786	0.555998578140464
PWY-6174	61	53	0.000669564204360187	0.000576748320406134	0.00113378127530194	0.00122132620792176	0.0789762162873443	-0.29323028545033	0.451182718025019
PWY-6182	61	53	4.28119750144858e-05	0.000137950460121078	0.000197286171295656	0.000554838446253192	-0.235085947123325	-0.608424767504508	0.138252873257857
PWY-6185	61	53	9.5288964071371e-05	0.00013383133344192	0.000278038431211704	0.000545309212384352	-0.0909781146832113	-0.463231794235886	0.281275564869463
PWY-6210	61	53	1.32769581965344e-05	8.12920467960109e-05	0.000103696358451509	0.000300033723962913	-0.311892110562811	-0.686198467883858	0.0624142467582367
PWY-6215	61	53	8.28774140683554e-05	0.000174713964548442	0.000286376722033769	0.000694490530707548	-0.177441564229493	-0.550231611045524	0.195348482586537
PWY-621	61	53	0.0115397948806042	0.0097110174184871	0.0023850993090361	0.00251702770776136	0.747282708582646	0.362515668368047	1.13204974879724
PWY-622	61	53	0.00450868670572359	0.00312637738447759	0.00403404828869772	0.00308097550204613	0.381551278427575	0.00613552639684928	0.7569670304583
PWY-6263	61	53	0.00140216647771802	0.00268878157796847	0.00163416131413824	0.00216624104841926	-0.677229321566982	-1.05975696947356	-0.29470167366041
PWY-6269	61	53	0	0	0	0	NA	NA	NA
PWY-6270	61	53	0.00641085190393311	0.00421523471498382	0.00437701289581101	0.00321984787727751	0.565460396231444	0.186071619987584	0.944849172475304
PWY-6277	61	53	0.021832424897904	0.0211329208533565	0.00199015568815646	0.00254276178192668	0.309027873548902	-0.0652375757729447	0.683293322870748
PWY-6281	61	53	0	2.16436575315411e-05	0	0.000157568205235573	-0.201590194891375	-0.574591565231268	0.171411175448518
PWY-6282	61	53	0.00779811099526361	0.00900188689558952	0.00299306265538322	0.00343697198008004	-0.375380587209729	-0.750689210203413	-7.19642160451062e-05
PWY-6284	61	53	0.00492057634777914	0.00528815288606643	0.00272435049484938	0.00308357937219243	-0.126895764742288	-0.499330384744792	0.245538855260216
PWY-6285	61	53	0.00353832006450314	0.00458939379052498	0.00376311099758411	0.00408916894477238	-0.268276747137829	-0.642000636735977	0.105447142460319
PWY-6305	61	53	0.0102579465449801	0.0103974776062777	0.00224237994846681	0.00294921424848978	-0.0537772445833295	-0.425906361285921	0.318351872119262
PWY-6307	61	53	0	0	0	0	NA	NA	NA
PWY-6309	61	53	0	0	0	0	NA	NA	NA
PWY-6313	61	53	0	0	0	0	NA	NA	NA
PWY-6317	61	53	0.0178284749798306	0.0156956330014075	0.00250495181018358	0.0026570142767608	0.827751793290793	0.440159244012466	1.21534434256912
PWY-6318	61	53	0.000499506340012218	0.00118499259011943	0.000729702186145598	0.00152183421660503	-0.587686102742242	-0.967656031604306	-0.207716173880179
PWY-6344	61	53	0	0.000105640036996247	0	0.000560081490004213	-0.276811841266714	-0.650642890050618	0.0970192075171896
PWY-6349	61	53	0.00122853135750585	0.00171030341280672	0.00205397828788085	0.00237306081053863	-0.218207102373978	-0.59136944563662	0.154955240888664
PWY-6350	61	53	0	5.00990810866096e-05	0	0.000364726815662493	-0.201590194891375	-0.574591565231268	0.171411175448518
PWY-6351	61	53	0	0	0	0	NA	NA	NA
PWY-6352	61	53	0	0	0	0	NA	NA	NA
PWY-6353	61	53	0.010000251596254	0.0102122072332978	0.00285828462505989	0.00318782155516155	-0.0702825349354469	-0.442459021268851	0.301893951397958
PWY-6385	61	53	0.0226905072396345	0.0218095480261752	0.00166804945748676	0.0025862099501976	0.410931088541324	0.0349817747363828	0.786880402346266
PWY-6386	61	53	0.0231990582282265	0.0220096682786202	0.00182892069545719	0.00272025691471624	0.520205357055156	0.141933149061632	0.898477565048679
PWY-6387	61	53	0.0231892712441655	0.0220413148276497	0.0018757144798085	0.00267181580684762	0.50345304871461	0.125571336749976	0.881334760679243
PWY-6396	61	53	0.000449996957301447	0.00016196056455463	0.00102746595104713	0.000533992269112036	0.344777953050678	-0.0300247773722633	0.71958068347362
PWY-6415	61	53	0.000545725893501898	0.000698596469876108	0.000909882718434194	0.0011849532173875	-0.146060712133748	-0.518616238071761	0.226494813804264
PWY-6435	61	53	0.000944149371617626	0.000297222610027222	0.00150609233075216	0.000718619388949736	0.536332103836358	0.157672306423689	0.914991901249026
PWY-6467	61	53	6.68090932528161e-05	4.43385087431124e-05	0.000328021350852246	0.000322789215976683	0.0690123003162356	-0.303160093037998	0.441184693670469
PWY-6470	61	53	0.00923339438890707	0.00869154494555347	0.00254435616583935	0.00265969132784614	0.208520617338182	-0.164546349315233	0.581587583991597
PWY-6471	61	53	0.0124062705389018	0.0111091506834491	0.00323808566970208	0.00269475645095533	0.432647861290397	0.056279255338011	0.809016467242783
PWY-6478	61	53	0.00081836746166469	0.0015782566771386	0.00100812459015264	0.00176650356743515	-0.538228567711257	-0.916934695611293	-0.15952243981122
PWY-6507	61	53	0.0066585296187275	0.00677224316719989	0.00158525254172441	0.00213030189513547	-0.0611922461922344	-0.433341085115598	0.310956592731129
PWY-6519	61	53	0.00770884675719121	0.00909161767880062	0.00278300142944451	0.00326634419435606	-0.45831798789615	-0.83520940069511	-0.0814265750971901
PWY-6524	61	53	0	0	0	0	NA	NA	NA
PWY-6527	61	53	0.017718854712533	0.0152945386476932	0.00271754362150785	0.00294539169813523	0.857977879540579	0.469255199082102	1.24670055999906
PWY-6531	61	53	0.00364577350493676	0.00385246668380902	0.00242067995856694	0.00277663549857807	-0.0797417763319675	-0.451951088591359	0.292467535927424
PWY-6545	61	53	0.0116195248371502	0.0117517303641769	0.00159398303539385	0.00155459041747937	-0.0838965467307848	-0.456121584428493	0.288328490966923
PWY-6549	61	53	0.00733237078144504	0.00674608779292738	0.00213423492511457	0.00197942884169788	0.284078636761722	-0.0898462672009322	0.658003540724375
PWY-6562	61	53	0.000412252178579391	0.000473046192921281	0.000811830509824894	0.000894237609615409	-0.0714312878765983	-0.443611539989098	0.300748964235902
PWY-6565	61	53	0.000109834172061968	0.000119697054582293	0.000315418782549502	0.000358266453063283	-0.0293544661652327	-0.401436608313784	0.342727675983318
PWY-6572	61	53	0.00162121254197833	0.00240068649212889	0.00183852173223367	0.00230992484335256	-0.376416278268833	-0.751742761983259	-0.00108979455440722
PWY-6588	61	53	0.00305300973879071	0.00465278513662387	0.00196497394289648	0.00211605016716807	-0.785547246253269	-1.17162443621656	-0.399470056289982
PWY-6590	61	53	0.00683698697746482	0.00660800342031585	0.00191004884418759	0.00216514787961945	0.112662510775982	-0.259693281606579	0.485018303158544
PWY-6595	61	53	0.0029757780200809	0.00333709282620068	0.00199255531555212	0.00202354872081841	-0.18002689182442	-0.552838281061579	0.192784497412738
PWY-6596	61	53	0	0	0	0	NA	NA	NA
PWY-6598	61	53	0	1.36181986397759e-05	0	9.91419825916188e-05	-0.201590194891375	-0.574591565231268	0.171411175448518
PWY-6606	61	53	0.00739621785007281	0.00759707781987788	0.00236043899078212	0.00266053641333051	-0.080207753755861	-0.45241878997342	0.292003282461698
PWY-6608	61	53	0.0102377136964098	0.0106407402881777	0.00288465112287684	0.00384485525968245	-0.119780411600518	-0.492174456054454	0.252613632853419
PWY-6609	61	53	0.0229694683771044	0.0225581174765244	0.00196499124047455	0.00259474409623069	0.180486688845881	-0.192328528316991	0.553301906008752
PWY-6612	61	53	0.00563931332898509	0.00548010654058603	0.00233518175675091	0.00248939715830407	0.0661154924237581	-0.306047845843527	0.438278830691043
PWY-6628	61	53	0.00482517858958844	0.00606806568634879	0.0049786920671585	0.0041196635674589	-0.270201561656868	-0.64394932714042	0.103546203826684
PWY-6629	61	53	0.00389839661550801	0.00511244601131766	0.0048656182851464	0.00469868327965087	-0.253516568712851	-0.627062994622927	0.120029857197224
PWY-6630	61	53	0.00326589454552758	0.0044938941568091	0.00374320498677925	0.00347520288889188	-0.339109978210518	-0.713823659679704	0.0356037032586674
PWY-6641	61	53	0	0	0	0	NA	NA	NA
PWY-6654	61	53	0	9.1007690912764e-05	0	0.000662545990614598	-0.201590194891375	-0.574591565231268	0.171411175448518
PWY-6660	61	53	1.33633749409255e-05	0	0.000104371294801383	0	0.174931680653262	-0.197837940732647	0.547701302039171
PWY-6662	61	53	1.31603549769015e-05	0	0.000102785658193161	0	0.174931680653262	-0.197837940732647	0.547701302039171
PWY-6690	61	53	0.000790721980316137	0.00141713418845617	0.00141704368758128	0.00242777884007586	-0.320825040886421	-0.69526137567528	0.0536112939024373
PWY-6700	61	53	0.0216817360309306	0.0204924483194085	0.00190005198693668	0.00253983449189783	0.535680960894122	0.157037034450261	0.914324887337984
PWY-6703	61	53	0.0155203002511406	0.0153660901529445	0.00203978064648145	0.00215542655315956	0.0736343768455145	-0.298553268019171	0.4458220217102
PWY-6708	61	53	0.000698443545951899	0.00132959282581032	0.00101966006502753	0.00164928201576961	-0.46785134409244	-0.844944394219614	-0.0907582939652655
PWY-6731	61	53	0.00442682088039113	0.00461098243557306	0.00260902912598468	0.00272114281480872	-0.0691902475231079	-0.441363209769381	0.302982714723165
PWY-6737	61	53	0.0247612543206948	0.0227456926841677	0.00265301474279244	0.00337117864287653	0.670100748644718	0.287789324614091	1.05241217267535
PWY-6748	61	53	1.54380820061604e-05	4.26567223760888e-05	0.000120575274985235	0.000310545626414458	-0.118720127044515	-0.491108325218593	0.253668071129564
PWY-6749	61	53	0.00138203418777362	0.00197872640918074	0.00138201574602408	0.0022991261801032	-0.319980047880952	-0.694403932495846	0.0544438367339417
PWY-6785	61	53	0.00027252932415906	0.000271384820379499	0.000583838442090703	0.000542167316759514	0.00202612380473774	-0.370036175026971	0.374088422636446
PWY-6797	61	53	0	1.38181978796824e-05	0	0.000100597999035911	-0.201590194891375	-0.574591565231268	0.171411175448518
PWY-6803	61	53	0.00206028961434766	0.00306619767491259	0.0024563851628888	0.00298903125339216	-0.370267848379389	-0.745489009876866	0.00495331311808844
PWY-6823	61	53	0.00110704080381507	0.00159516650318743	0.00145999033263111	0.00192543357175514	-0.288475589511199	-0.662458452021605	0.0855072729992063
PWY-6834	61	53	0	0	0	0	NA	NA	NA
PWY-6837	61	53	0.000588030361587719	0.00100015845724961	0.000877901504477187	0.00142748537443017	-0.353531781729146	-0.728474899892537	0.0214113364342449
PWY-6859	61	53	0.00654546427917837	0.00659958070492223	0.00217569728382908	0.00195656612393998	-0.026057159510371	-0.398135074087142	0.3460207550664
PWY-6876	61	53	0.000518890619045064	0.00110790822397913	0.000923794997468083	0.00164514484397031	-0.44993769332823	-0.826655198554692	-0.0732201881017672
PWY-6891	61	53	0.00555260220861639	0.0055631316771643	0.00238856052873196	0.00329169621256976	-0.00370264443341724	-0.375765165504742	0.368359876637907
PWY-6892	61	53	0.014771952132621	0.0142067733344191	0.00244189369650402	0.00283860115600457	0.214609517584984	-0.158516899982457	0.587735935152425
PWY-6895	61	53	0.00889783820577837	0.00896678685452088	0.00290391494178969	0.00374301664007895	-0.0207678036943371	-0.392839987450696	0.351304380062022
PWY-6897	61	53	0.0145798464993695	0.0148038075992235	0.0021155865426633	0.00228990085324307	-0.101882103995605	-0.474184416185825	0.270420208194615
PWY-6901	61	53	0.0116355030122644	0.0120589432144057	0.00197955959622821	0.00226626286653383	-0.199971295167349	-0.572957660457714	0.173015070123016
PWY-6906	61	53	8.63456808139108e-05	0.000192116398661494	0.000333105689494556	0.000573944345464415	-0.229511622528578	-0.602790716295499	0.143767471238343
PWY-6936	61	53	0.0174999600836592	0.0159840722038999	0.00219349193192726	0.0026233402255086	0.630924032601321	0.249762129395052	1.01208593580759
PWY-6953	61	53	0.000673218274946854	0.00147449941595931	0.00122046911298569	0.0021765506916431	-0.462815461363493	-0.839801495160993	-0.0858294275659924
PWY-6957	61	53	0	0	0	0	NA	NA	NA
PWY-6969	61	53	0.00621805022038137	0.00730925062079604	0.00247826154410013	0.0021479062050296	-0.468183127786355	-0.845283268160922	-0.0910829874117874
PWY-6981	61	53	0	0	0	0	NA	NA	NA
PWY-6992	61	53	2.50045533308286e-05	0.000149776290466049	0.000195291804548294	0.000789307913735902	-0.224210673891713	-0.597434291108892	0.149012943325466
PWY-7003	61	53	0.00397892136856573	0.00417374506159112	0.00220446492520218	0.00254288847590368	-0.0822869433432691	-0.454505794158042	0.289931907471504
PWY-7007	61	53	0	9.20502283667453e-05	0	0.000670135777843273	-0.201590194891375	-0.574591565231268	0.171411175448518
PWY-7013	61	53	0.00506176800278137	0.00455268539524194	0.00273791887102959	0.00270728704526963	0.186905742108934	-0.185963930705123	0.559775414922991
PWY-7031	61	53	0.000129191503314398	0.000403712205442026	0.000387834455011653	0.00111829552572637	-0.33760269079281	-0.712292936367669	0.0370875547820484
PWY-7039	61	53	0.000283683946515829	0.000488889736393936	0.000805715733770055	0.00106186214282688	-0.219842065898306	-0.593020932226307	0.153336800429696
PWY-7046	61	53	0.00229599258106822	0.0020370068469151	0.00189505398501865	0.00192125091126583	0.135789309208181	-0.236699311056475	0.508277929472838
PWY-7090	61	53	4.02809812452171e-05	3.26335656458764e-05	0.000229319815682165	0.00023757594398103	0.0327948717857543	-0.339292217700545	0.404881961272053
PWY-7094	61	53	0.00106816635575663	0.00157244064540327	0.00165555485608501	0.00188470526511353	-0.28560287622043	-0.659547772192374	0.0883420197515144
PWY-7111	61	53	0.0238048750601256	0.0227219223324335	0.00229417222463968	0.00294078049819444	0.414234312069952	0.0382225844474818	0.790246039692421
PWY-7115	61	53	0.00595611206172863	0.00530926272993073	0.00267797353265662	0.00226048793595485	0.25948171927805	-0.114135227697713	0.633098666253812
PWY-7117	61	53	0.00810030067524553	0.00739625986631698	0.00386831708781846	0.00308999857730086	0.199537044023688	-0.173445316812632	0.572519404860008
PWY-7118	61	53	5.95313830828711e-05	9.0035693201557e-05	0.000349305307114813	0.000375446507402347	-0.0843412249876924	-0.456567993019352	0.287885543043967
PWY-7124	61	53	0	0	0	0	NA	NA	NA
PWY-7159	61	53	1.31373687489125e-05	2.93939793111916e-05	0.00010260613001346	0.000213991399468713	-0.0991169606172488	-0.471406420219838	0.273172498985341
PWY-7165	61	53	8.23508983623911e-05	0.000168399050074074	0.000366362195861478	0.000475641669712663	-0.204562571510398	-0.577591805225492	0.168466662204696
PWY-7184	61	53	0.0125339335672432	0.0131276983586345	0.00211726616386499	0.00202995806733853	-0.285850470267062	-0.659798623695288	0.0880976831611649
PWY-7187	61	53	0.0146155742633296	0.0145748465876789	0.00176340059704518	0.00167926595688182	0.0236123200720499	-0.348462784708534	0.395687424852634
PWY-7196	61	53	0.00919943516295657	0.00797356787893825	0.00243845182448053	0.00261018158122075	0.486524868571076	0.10902515944927	0.864024577692882
PWY-7197	61	53	0.0104941331527358	0.0108545945024223	0.00195200037906745	0.00180116410585179	-0.191381305930095	-0.564290067920563	0.181527456060374
PWY-7198	61	53	0.00800200032411457	0.0083261151067219	0.0027438420784211	0.0025020221472496	-0.123034969495619	-0.495447283250691	0.249377344259453
PWY-7199	61	53	0.0175750103225141	0.0180232094281032	0.00207271101578139	0.00247509514733804	-0.197581521028271	-0.570545956319142	0.1753829142626
PWY-7200	61	53	0.000479157251152276	0.000663910589526789	0.000913911269473639	0.0014510723501322	-0.154766504176409	-0.527382545562438	0.217849537209621
PWY-7204	61	53	0.00162851547683875	0.00238312260287292	0.0022388244571859	0.00278076142078768	-0.301233025602631	-0.675389035430636	0.0729229842253741
PWY-7208	61	53	0.0128726382461395	0.01347081448965	0.00211148099390276	0.00203256450966916	-0.288247917761196	-0.662227757579077	0.0857319220566841
PWY-7209	61	53	0.00252716156081515	0.00200142975505881	0.00237477948264827	0.00210647691942059	0.233224742386417	-0.140093977632742	0.606543462405577
PWY-7210	61	53	0.00442615692313345	0.00443297531248827	0.00310450350154775	0.00359387853483537	-0.0020410424133634	-0.374103342649087	0.37002125782236
PWY-7211	61	53	0.00978614690773297	0.00910089534004398	0.00213885521358426	0.00258392982436673	0.290856679187799	-0.0831579374696718	0.66487129584527
PWY-7218	61	53	0.000122534277045156	2.33388087863757e-05	0.000441410886618767	0.000169909092649721	0.289033839198079	-0.0849564449316723	0.66302412332783
PWY-7219	61	53	0.0238091753091592	0.0233062999802198	0.00164716888842275	0.00268855630473618	0.229303472064976	-0.143973419030037	0.602580363159988
PWY-7220	61	53	0.0172258762266872	0.0173172498227501	0.00201036577709367	0.00275388199182536	-0.0383185755350942	-0.410414753670237	0.333777602600049
PWY-7221	61	53	0.0233942560463631	0.0224306887066602	0.00170319818559982	0.00240672675117475	0.467765311359222	0.0906740989603916	0.844856523758052
PWY-7222	61	53	0.0172258762266872	0.0173172498227501	0.00201036577709367	0.00275388199182536	-0.0383185755350942	-0.410414753670237	0.333777602600049
PWY-7224	61	53	0	0	0	0	NA	NA	NA
PWY-7228	61	53	0.0143901607469022	0.0152724877224494	0.00247096994914826	0.00254383594173195	-0.352217312528945	-0.727139128965406	0.0227045039075148
PWY-7229	61	53	0.0197164823831489	0.0198053382467198	0.0012967224313185	0.00232072492609438	-0.0481794278290296	-0.420295340227984	0.323936484569924
PWY-7234	61	53	0.00984782886131699	0.00948182472207921	0.00317462734258018	0.00310671972152104	0.116440149351281	-0.25593565306738	0.488815951769943
PWY-7235	61	53	1.63634661865735e-05	4.74556011757133e-05	0.000127802756480395	0.000242378526065135	-0.163811550327053	-0.536494163991383	0.208871063337278
PWY-7237	61	53	0.0162380099009216	0.0151664706442565	0.00309983107696618	0.00371127013683563	0.315397363146778	-0.0589595647498899	0.689754291043447
PWY-7238	61	53	0	0	0	0	NA	NA	NA
PWY-7242	61	53	0.00716215804973627	0.00721837154868501	0.00184907206800396	0.00230805716400455	-0.0270929582227422	-0.399172146631297	0.344986230185812
PWY-7245	61	53	1.85433069846253e-05	0.000111699490976748	0.000144827857366908	0.000409176880118352	-0.31231281858524	-0.686625216010045	0.0619995788395649
PWY-724	61	53	0.0197651109842509	0.0187814957824594	0.00157880249998622	0.00224163165932861	0.513560108424426	0.135444282055001	0.891675934793851
PWY-7254	61	53	0.00252389217679791	0.00335835502735556	0.0030623779309535	0.00320637146407307	-0.266596781536751	-0.640299970685175	0.107106407611672
PWY-7268	61	53	1.67578649577351e-05	0.000154104029654168	0.000130883109355038	0.000612224788272758	-0.320888074290912	-0.695325339116872	0.0535491905350482
PWY-7269	61	53	0.000584546141065075	0.0013020426530641	0.00105221432259234	0.00219012491786286	-0.427252842864744	-0.803515314408508	-0.0509903713209794
PWY-7279	61	53	0.000421202758847779	0.000918715131265985	0.000739993321410171	0.00134205970246343	-0.468105593247393	-0.845204076263766	-0.0910071102310199
PWY-7282	61	53	0.0113711586601826	0.0122756207277523	0.00299582060730068	0.00275904701949761	-0.313146327848359	-0.687470715718962	0.0611780600222441
PWY-7283	61	53	0	0	0	0	NA	NA	NA
PWY-7286	61	53	0.0013565660577288	0.00179465067820457	0.00220866499084619	0.00259982160952831	-0.182670682540862	-0.555504214794067	0.190162849712343
PWY-7288	61	53	0.00110451355747324	0.00207221176243476	0.00127105910998226	0.00212506506446341	-0.562257677201667	-0.941564484577118	-0.182950869826216
PWY-7290	61	53	0	0	0	0	NA	NA	NA
PWY-7294	61	53	0.000234116247327629	0.000390635590841773	0.000664982819069959	0.00088187668413701	-0.202407959187331	-0.575416954877153	0.170601036502491
PWY-7312	61	53	0.00144192086695232	0.00117709313487082	0.00185598352860464	0.00197417805114695	0.138524998121848	-0.233980966538331	0.511030962782028
PWY-7315	61	53	0.00449485160922034	0.00473284895193888	0.00259247250969735	0.00296264846443083	-0.0859041809593463	-0.458137103282646	0.286328741363954
PWY-7316	61	53	0.00116946607117033	0.00256534873717768	0.00173851470389728	0.00277378740084126	-0.612646168477239	-0.993294328395687	-0.231998008558791
PWY-7317	61	53	2.33999581418951e-05	5.62530855750162e-05	0.000182759515493965	0.000287027535113868	-0.138652263875285	-0.511159043807538	0.233854516056968
PWY-7323	61	53	0.0098068176675904	0.00950625217748408	0.00184333925371847	0.00241458589836938	0.141261750297045	-0.231261910814427	0.513785411408517
PWY-7328	61	53	0.00476635602903939	0.00480342907559962	0.00318217613805526	0.00270027082517934	-0.0124901587036385	-0.384555972362668	0.359575654955391
PWY-7332	61	53	0.00358678511219091	0.00499340724957561	0.00257652815710743	0.00386591402087618	-0.434191793924723	-0.810591012686298	-0.0577925751631478
PWY-7337	61	53	0	0	0	0	NA	NA	NA
PWY-7338	61	53	0	0	0	0	NA	NA	NA
PWY-7345	61	53	0.00028379690514112	0.000719538916172407	0.00111788157657011	0.00190007589912518	-0.284509243435633	-0.658439784525159	0.0894212976538937
PWY-7347	61	53	0	0	0	0	NA	NA	NA
PWY-7357	61	53	0.0171299713629858	0.0159012960553353	0.00221635364227355	0.00253775362874943	0.518209878861384	0.139984834560188	0.896434923162581
PWY-7371	61	53	0.000855592046873598	0.00164213492049366	0.00166367697929477	0.00188397347390207	-0.444532273213336	-0.821139266235883	-0.0679252801907895
PWY-7373	61	53	0	0	0	0	NA	NA	NA
PWY-7374	61	53	2.8226747659859e-05	7.27782764046184e-05	0.000220457946762313	0.0004211106023508	-0.135334150498136	-0.507819918525013	0.237151617528741
PWY-7383	61	53	0.00843305018611153	0.00945790907091912	0.00261862050783521	0.00311774755969623	-0.358191105011964	-0.733210359413817	0.0168281493898896
PWY-7384	61	53	0.000433582301209499	0.000417418668927344	0.000982837459277868	0.000850405917405121	0.0174984941685276	-0.354570794817634	0.389567783154689
PWY-7385	61	53	0.00144310559068191	0.00207640744517796	0.00187805401414553	0.00225268591160278	-0.3073566699028	-0.681598422831568	0.0668850830259685
PWY-7388	61	53	0.0077344447036304	0.00883351539760392	0.00358193099306824	0.00398236452707488	-0.291288440065696	-0.665308842340876	0.0827319622094845
PWY-7389	61	53	0.00052461282406179	0.000507257581573946	0.00120530658490008	0.00103489473259226	0.0153669295137094	-0.356700738476291	0.38743459750371
PWY-7391	61	53	0.000688283549015535	0.000482169712905629	0.00120216141967216	0.00103331252379687	0.182900483516275	-0.189934988616752	0.555735955649302
PWY-7392	61	53	0.00482521864472067	0.00375458863089705	0.0029384025841177	0.00271395043913776	0.377460553953031	0.00211601251404708	0.752805095392016
PWY-7397	61	53	0	0	0	0	NA	NA	NA
PWY-7399	61	53	0.000151277256750031	3.44038626568719e-05	0.000369616802737432	0.000175622097750127	0.395087310518838	0.0194305537451125	0.770744067292563
PWY-7400	61	53	0.0214168934562148	0.019533956818021	0.00244340270037967	0.00309380264317643	0.681120299276385	0.298473717078765	1.06376688147401
PWY-7409	61	53	0.000287550486056211	0.000372804786648251	0.000750979724478369	0.00131388941814114	-0.0811531405237909	-0.453367705188575	0.291061424140993
PWY-7411	61	53	0	0	0	0	NA	NA	NA
PWY-7413	61	53	2.97340414415147e-05	2.08018353315805e-05	0.000166046407469201	0.000151439647112624	0.0560254548396786	-0.31610937296701	0.428160282646367
PWY-7420	61	53	0	0	0	0	NA	NA	NA
PWY-7431	61	53	0	0	0	0	NA	NA	NA
PWY-7446	61	53	0.000854506986303105	0.00117149344651809	0.00130012236016386	0.00177522202709437	-0.205962034694226	-0.579004527605718	0.167080458217266
PWY-7456	61	53	0.00950838438679645	0.00905893441827565	0.00170446124391222	0.00223124316238521	0.228534048112611	-0.144734718086157	0.60180281431138
PWY-7527	61	53	0	0	0	0	NA	NA	NA
PWY-7528	61	53	0	0	0	0	NA	NA	NA
PWY-7539	61	53	0.011386754483225	0.0127177542696353	0.00278836023362648	0.00291806410415356	-0.467129866992768	-0.844207515979055	-0.0900522180064818
PWY-7546	61	53	0	0	0	0	NA	NA	NA
PWY-7560	61	53	0.00626527936981467	0.00435636035770291	0.00415869775938668	0.00306975115947217	0.516865184739723	0.138671823736323	0.895058545743124
PWY-7616	61	53	0.000787363974809343	0.000933995439951465	0.000879758936920622	0.00104811941861599	-0.152487096420302	-0.52508695573898	0.220112762898376
PWY-7619	61	53	0	1.36181986397759e-05	0	9.91419825916188e-05	-0.201590194891375	-0.574591565231268	0.171411175448518
PWY-7626	61	53	0	0	0	0	NA	NA	NA
PWY-7663	61	53	0.0148548155890843	0.0160035034718033	0.0024222293715019	0.0033032308275278	-0.40091640276816	-0.776679483339613	-0.0251533221967065
PWY-7664	61	53	0.00812870632425159	0.00943381523974782	0.00313241482551866	0.00350658895845436	-0.394125933828106	-0.769765301629396	-0.0184865660268163
PWY-821	61	53	0.00383060319958898	0.00419151208318401	0.00304968963378738	0.0028277257946967	-0.122395366842736	-0.494804051625104	0.250013317939632
PWY-841	61	53	0.0159913452171742	0.0165348118820931	0.0019930607822397	0.00207448736693527	-0.267549927873831	-0.641264845823862	0.1061649900762
PWY-922	61	53	0.00156404194352045	0.00117680197522091	0.00167176047521704	0.0013830948809615	0.250728149564161	-0.122785869199817	0.624242168328139
PWY0-1061	61	53	0.00763097043157559	0.00636473207526661	0.00305631100802636	0.00277262374455757	0.432455613802762	0.0560908122370616	0.808820415368462
PWY0-1241	61	53	0.0049629161630034	0.00592645144185652	0.00193597584236122	0.00200689154414183	-0.489298278911473	-0.866859704384882	-0.111736853438063
PWY0-1261	61	53	0.0115232103809298	0.0119360553898401	0.00268634718991268	0.00321878826962864	-0.140159095351126	-0.512675584907647	0.232357394205396
PWY0-1277	61	53	0.000994162813187856	0.0016815353324522	0.00172020222959342	0.00280292221865431	-0.300485684727989	-0.67463134712233	0.0736599776663509
PWY0-1296	61	53	0.0193834855895334	0.0183382702586672	0.00244485618575764	0.00320934888819155	0.369903901026787	-0.00531107953190707	0.745118881585482
PWY0-1297	61	53	0.00834866883724656	0.00787065818084165	0.00349607698935653	0.00350817974507756	0.13650811751924	-0.235985026594408	0.509001261632888
PWY0-1298	61	53	0.00540306791349071	0.00604139118085198	0.00239410354376155	0.00317086314140102	-0.229460240660215	-0.602738790513781	0.14381830919335
PWY0-1319	61	53	0.0214220894803634	0.0203102198489893	0.00182866836807761	0.00230181411712063	0.539247755199568	0.160516663407727	0.917978846991408
PWY0-1338	61	53	0.000635116648338549	0.00110657870589447	0.00107040697755813	0.00170621354863342	-0.336294116947136	-0.710964099784878	0.0383758658906065
PWY0-1415	61	53	0.00207940381311761	0.00305421032599512	0.00212762993269236	0.00242521484030625	-0.429307299467829	-0.805610034167522	-0.0530045647681366
PWY0-1479	61	53	0.00812963882500748	0.00792762910865114	0.00262794980748234	0.00292568304714981	0.0729233373547403	-0.299261896999721	0.445108571709201
PWY0-1533	61	53	0.00051203446400078	0.000854752790025223	0.000869006001851021	0.00144013302200393	-0.293074029191852	-0.667118448631413	0.0809703902477084
PWY0-1586	61	53	0.0189137483728932	0.018790939910311	0.00245911302480701	0.00330113873893545	0.0426296158022959	-0.329474636475659	0.414733868080251
PWY0-162	61	53	0.0119466574382204	0.01271292507312	0.00256179940873598	0.00250926633054171	-0.301972120523694	-0.676138388611551	0.0721941475641626
PWY0-166	61	53	0.0146840379926378	0.014761013044228	0.00186050705848064	0.00177144457973776	-0.0423009849316767	-0.414404591443274	0.32980262157992
PWY0-321	61	53	0.000192613225624723	0.000448405912567814	0.000542636721526568	0.00127307007966148	-0.268111946815418	-0.641833800050956	0.105609906420121
PWY0-41	61	53	0.000627640144985399	0.000854229945598386	0.000975248593505238	0.0013198425058532	-0.197348114640488	-0.570310422118647	0.175614192837671
PWY0-42	61	53	0.00128741268620682	0.00201299376985127	0.00178372627533452	0.00251230716109295	-0.337027928919332	-0.711709264982627	0.0376534071439636
PWY0-781	61	53	0.00794258876114886	0.00706846668640763	0.00326336787593551	0.00330387862760782	0.26631886821143	-0.107380908928197	0.640018645351056
PWY0-845	61	53	0.00907344052289176	0.0105411573841588	0.0031452943796591	0.00335298775332547	-0.452527247725751	-0.829298157213662	-0.0757563382378407
PWY0-862	61	53	0.00779222863838927	0.00902868179928599	0.00312280986872963	0.00342789566394018	-0.378351549943425	-0.753711537440755	-0.00299156244609511
PWY0-881	61	53	0.00177259196564019	0.00202831035754878	0.00219656219026838	0.00294006051909263	-0.0995531432830875	-0.471844606832215	0.27273832026604
PWY1F-823	61	53	6.78680028313528e-05	3.1305158106749e-05	0.000246488936617559	0.000160685985582197	0.173254179435856	-0.199501952059099	0.546010310930812
PWY1G-0	61	53	0.000434829235511672	0.000136831802893813	0.000872886375958328	0.000411584241941832	0.427095318796712	0.0508359266082417	0.803354710985182
PWY3DJ-35471	61	53	0.000438461021092704	0.000613925532792769	0.000939057653089905	0.00104013642083995	-0.177726094637414	-0.550518475252986	0.195066285978157
PWY3O-1109	61	53	0.00013126901646303	4.88565317133528e-05	0.000356562819368937	0.000217193183026024	0.274691764093858	-0.0991123564842442	0.64849588467196
PWY3O-19	61	53	0	0.000102400517812546	0	0.000523951361814841	-0.286826001583368	-0.660787016724574	0.0871350135578391
PWY3O-355	61	53	0.00130029190875132	0.00170893213138226	0.00159285047203077	0.00208267832452977	-0.222499465572974	-0.595705449353828	0.150706518207879
PWY490-3	61	53	0.000700608955163411	0.000767775158241683	0.000766701147886939	0.000929438700373966	-0.0793777364612562	-0.451585708880281	0.292830235957769
PWY4FS-7	61	53	0.0106735604313855	0.0114831116077708	0.00319056755578289	0.0031755537640704	-0.25428751539585	-0.627842964033031	0.119267933241332
PWY4FS-8	61	53	0.0106735300900401	0.0114829503165994	0.00319054684896413	0.00317537140299332	-0.254254015376157	-0.627809071383085	0.119301040630771
PWY4LZ-257	61	53	0.00340419269297684	0.00494513065259687	0.00264504380149848	0.00328835640309266	-0.520383772803254	-0.898660206244462	-0.142107339362045
PWY5F9-12	61	53	0	0	0	0	NA	NA	NA
PWY66-367	61	53	0.00044762319366331	0.000654392208054322	0.000691801740134382	0.000918106710499547	-0.256911825745194	-0.630498191539313	0.116674540048925
PWY66-388	61	53	0.000272549226437326	0.000189421302361197	0.000506704832366312	0.000644807193247199	0.144579369622465	-0.227966207006941	0.517124946251871
PWY66-389	61	53	0.00135638497838292	0.00260329502589454	0.00170483993637918	0.00251313202076847	-0.588492997159651	-0.968484428859158	-0.208501565460143
PWY66-391	61	53	0.001424578060135	0.00251351448774111	0.0015640072945193	0.00214059221263172	-0.587299534386172	-0.967259171654563	-0.207339897117782
PWY66-398	61	53	0.0017412918423492	0.00236989116325781	0.00162710073083686	0.00178901916507569	-0.368854876834793	-0.744052075197247	0.00634232152766007
PWY66-399	61	53	0.00940608563226461	0.0102044540620476	0.00237273986998496	0.00254274432833307	-0.325448076069804	-0.699953100712076	0.0490569485724672
PWY66-400	61	53	0.0150742890411342	0.0147952753350979	0.00288700443098847	0.00249742505476254	0.102839670306241	-0.269467175050125	0.475146515662606
PWY66-409	61	53	0.0111395553219695	0.0104169345297829	0.00348056547565881	0.00331686930354215	0.212189635307925	-0.160912951231496	0.585292221847347
PWY66-422	61	53	0.0184696600411124	0.0162987931529542	0.00242836325892049	0.00279879402122881	0.832737808845385	0.444961403275546	1.22051421441522
PWYG-321	61	53	0.00833174635271339	0.00963942798687158	0.00325472260464802	0.00365265112719388	-0.379566711419481	-0.754947822290744	-0.00418560054821732
PYRIDNUCSAL-PWY	61	53	0.00812811586999924	0.00733743088735908	0.00420114354062225	0.00336105101722949	0.206226482460686	-0.16681852605982	0.579271490981192
PYRIDNUCSYN-PWY	61	53	0.0171679904914196	0.0169838353747018	0.00136273230972174	0.00218781544826603	0.102670873704008	-0.269635169486127	0.474976916894144
PYRIDOXSYN-PWY	61	53	0.0081758817331079	0.00995133667753407	0.00298311033392077	0.00363548335780723	-0.537680115101811	-0.916372828115488	-0.158987402088134
REDCITCYC	61	53	0.00165762918702492	0.00265367049618073	0.00147173382330463	0.00167981384825263	-0.633706003924007	-1.0149473634618	-0.252464644386213
RHAMCAT-PWY	61	53	0.0104468844995566	0.0110915905845905	0.00210478585801982	0.00260571925102335	-0.274264186839168	-0.648062901389567	0.0995345277112306
RIBOSYN2-PWY	61	53	0.0186011746670496	0.018586326243927	0.00199889986617669	0.0022736989859654	0.00696815658926901	-0.365095170786494	0.379031483965032
RUMP-PWY	61	53	0.00461076028175925	0.00335177072986067	0.0024018940393301	0.00245875874049118	0.518431013124871	0.140200750894062	0.896661275355681
SALVADEHYPOX-PWY	61	53	0.00847832645891598	0.00930066739364464	0.00291936158048063	0.00405747265250606	-0.235345917160367	-0.608687557757435	0.1379957234367
SER-GLYSYN-PWY	61	53	0.0170286656116538	0.0166418936019798	0.00221823161337233	0.00240876935143963	0.167531530038742	-0.205179556405655	0.540242616483139
SO4ASSIM-PWY	61	53	0.00464930402049799	0.00539743850921217	0.00315353001063563	0.00331316291347912	-0.23171908377782	-0.60502165932898	0.14158349177334
SPHINGOLIPID-SYN-PWY	61	53	0	0	0	0	NA	NA	NA
SUCSYN-PWY	61	53	0	0	0	0	NA	NA	NA
SULFATE-CYS-PWY	61	53	0.00629150132112286	0.00704633102890185	0.00384137583833585	0.00373875524102682	-0.198949561165924	-0.571926518306379	0.17402739597453
TCA-GLYOX-BYPASS	61	53	0.00275874798086359	0.00403080380034097	0.00322472619928322	0.00375073946298734	-0.365653918170582	-0.740797163504831	0.00948932716366774
TCA	61	53	0.00807740465937426	0.00880049579039819	0.00184323536456971	0.00246778319278802	-0.335412889866199	-0.710069270984412	0.0392434912520132
TEICHOICACID-PWY	61	53	0.00906234378809314	0.00806380179510287	0.00192592781032685	0.00225192828067744	0.479230080150169	0.101891073512415	0.856569086787922
THISYN-PWY	61	53	0.0136561222478431	0.0145903477212029	0.00223806073463764	0.00267651810463781	-0.38109836168409	-0.75650619230184	-0.00569053106633999
THISYNARA-PWY	61	53	0.0142959103276169	0.0142134812651042	0.00229458569416398	0.002553337871166	0.0340874243028506	-0.338001665417067	0.406176514022768
THREOCAT-PWY	61	53	0.000629776207766761	0.00124543061325278	0.00128783112387814	0.00233004386777494	-0.333437474753792	-0.708063493274434	0.0411885437668494
THRESYN-PWY	61	53	0.0174570212124727	0.0173511141948221	0.00182122667018809	0.00237708394619728	0.0504871685697234	-0.32163401179528	0.422608348934727
TRIGLSYN-PWY	61	53	0	0	0	0	NA	NA	NA
TRNA-CHARGING-PWY	61	53	0.0233067261284862	0.0225427585255435	0.00175957788359187	0.00265369506093156	0.344137304147152	-0.0306552881859158	0.718929896480221
TRPSYN-PWY	61	53	0.0182275524721534	0.0153236367472848	0.00219910941183917	0.00234910277011798	1.27926812401272	0.871090540971028	1.68744570705441
TYRFUMCAT-PWY	61	53	1.15217766748909e-05	0	8.99879525409353e-05	0	0.174931680653262	-0.197837940732647	0.547701302039171
UBISYN-PWY	61	53	0.000748615152451069	0.00137091760490467	0.00109016923014845	0.00175657561892505	-0.43260741080179	-0.808975216141952	-0.0562396054616277
UDPNACETYLGALSYN-PWY	61	53	8.4642332267524e-05	0.000178815246410755	0.000260815465680874	0.000446958267384885	-0.262003203454327	-0.635650448917385	0.111644042008731
UDPNAGSYN-PWY	61	53	0.0140593879424731	0.0136277124298015	0.00319962294820618	0.00276442427515497	0.143632636238078	-0.228906634722718	0.516171907198874
UNINTEGRATED	61	53	0.97479089752814	0.992602601579545	0.0765767160003476	0.0659264747449639	-0.247975041492366	-0.621457412420393	0.12550732943566
UNMAPPED	61	53	0.542248081808986	0.524686573851979	0.0796322494400662	0.0713174576731959	0.231422053651904	-0.141877349251659	0.604721456555466
URDEGR-PWY	61	53	0.000584200460102921	0.000705174973377837	0.000960093437064256	0.00114731342760851	-0.115085356844489	-0.487453907200885	0.257283193511907
URSIN-PWY	61	53	5.52037187910287e-05	0.000200974481939652	0.000247072771160326	0.000670236814099833	-0.296770468892711	-0.670865068945858	0.077324131160436
VALDEG-PWY	61	53	1.44734620808976e-05	2.46582529497179e-05	0.000113041352526578	0.000179514791151622	-0.0689683865872505	-0.441140639775811	0.30320386660131
VALSYN-PWY	61	53	0.0237640683495425	0.0225948261656508	0.00227948709508114	0.00283713198439755	0.457882923427406	0.0810006160584152	0.834765230796398
